Date & time of file creation	17/06/2018 6:13 PM													
Data file path	C:\Users\ameli\Desktop\Luke Strasiotto\17062018\New_14.txt													
														
														
CALIBRATION DATA														
Parameter/Channel	N moving average	LO phase [r.U.]	HI phase [r.U.]	LO oxygen [%air saturation]	HI oxygen [%air saturation]	LO temperature [°C]	HI temperature [°C]	Salinity [‰]						
SDWD0003000199      , CH 1	1	59.32	26.89	0.00	100.00	27.84	27.90	0.000						
SDWD0003000199      , CH 2	1	59.32	26.89	0.00	100.00	27.84	27.90	0.000						
SDWD0003000199      , CH 3	1	59.34	26.89	0.00	100.00	27.84	27.90	0.000						
SDWD0003000199      , CH 4	1	59.32	26.89	0.00	100.00	27.84	27.90	0.000						
														
														
Date &Time [DD-MM-YYYY HH:MM:SS]	Time stamp code	Barometric pressure [hPa]	SDWD0003000199      , CH 1 phase [r.U.]	SDWD0003000199      , CH 1 temp [°C]	SDWD0003000199      , CH 1 O2 [% air saturation]	SDWD0003000199      , CH 2 phase [r.U.]	SDWD0003000199      , CH 2 temp [°C]	SDWD0003000199      , CH 2 O2 [% air saturation]	SDWD0003000199      , CH 3 phase [r.U.]	SDWD0003000199      , CH 3 temp [°C]	SDWD0003000199      , CH 3 O2 [% air saturation]	SDWD0003000199      , CH 4 phase [r.U.]	SDWD0003000199      , CH 4 temp [°C]	SDWD0003000199      , CH 4 O2 [% air saturation]
17/06/2018 6:23:04 PM	3612068584	1013.00	26.30	27.60	106.4	26.58	27.60	103.5	26.53	27.60	104.0	26.45	27.60	104.8
17/06/2018 6:23:05 PM	3612068585	1013.00	26.33	27.61	106.0	26.56	27.61	103.7	26.53	27.61	104.0	26.45	27.61	104.8
17/06/2018 6:23:06 PM	3612068586	1013.00	26.26	27.61	106.8	26.57	27.61	103.6	26.51	27.61	104.2	26.46	27.61	104.7
17/06/2018 6:23:07 PM	3612068587	1013.00	26.35	27.61	105.8	26.57	27.61	103.6	26.51	27.61	104.2	26.47	27.61	104.6
17/06/2018 6:23:08 PM	3612068588	1013.00	26.36	27.61	105.7	26.60	27.61	103.3	26.54	27.61	103.9	26.44	27.61	104.9
17/06/2018 6:23:09 PM	3612068589	1013.00	26.32	27.61	106.2	26.60	27.61	103.3	26.54	27.61	103.9	26.44	27.61	104.9
17/06/2018 6:23:10 PM	3612068590	1013.00	26.35	27.61	105.8	26.59	27.61	103.4	26.55	27.61	103.8	26.45	27.61	104.8
17/06/2018 6:23:11 PM	3612068591	1013.00	26.32	27.61	106.2	26.56	27.61	103.7	26.53	27.61	104.0	26.43	27.61	105.0
17/06/2018 6:23:12 PM	3612068592	1013.00	26.31	27.61	106.3	26.55	27.61	103.8	26.54	27.61	103.9	26.44	27.61	104.9
17/06/2018 6:23:13 PM	3612068593	1013.00	26.42	27.62	105.1	26.59	27.62	103.4	26.53	27.62	104.0	26.43	27.62	105.0
17/06/2018 6:23:14 PM	3612068594	1013.00	26.35	27.62	105.8	26.58	27.62	103.5	26.53	27.62	104.0	26.43	27.62	105.0
17/06/2018 6:23:15 PM	3612068595	1013.00	26.36	27.61	105.7	26.59	27.61	103.4	26.55	27.61	103.8	26.46	27.61	104.7
17/06/2018 6:23:16 PM	3612068596	1013.00	26.30	27.62	106.3	26.58	27.62	103.5	26.52	27.62	104.1	26.46	27.62	104.7
17/06/2018 6:23:17 PM	3612068597	1013.00	26.30	27.61	106.4	26.64	27.61	102.9	26.55	27.61	103.8	26.43	27.61	105.0
17/06/2018 6:23:18 PM	3612068598	1013.00	26.32	27.61	106.2	26.57	27.61	103.6	26.56	27.61	103.7	26.43	27.61	105.0
17/06/2018 6:23:19 PM	3612068599	1013.00	26.32	27.62	106.1	26.57	27.62	103.6	26.56	27.62	103.7	26.46	27.62	104.7
17/06/2018 6:23:20 PM	3612068600	1013.00	26.36	27.62	105.7	26.60	27.62	103.3	26.54	27.62	103.9	26.43	27.62	105.0
17/06/2018 6:23:21 PM	3612068601	1013.00	26.31	27.61	106.3	26.54	27.61	103.9	26.55	27.61	103.8	26.46	27.61	104.7
17/06/2018 6:23:22 PM	3612068602	1013.00	26.43	27.61	105.0	26.59	27.61	103.4	26.55	27.61	103.8	26.46	27.61	104.7
17/06/2018 6:23:23 PM	3612068603	1013.00	26.33	27.61	106.0	26.61	27.61	103.2	26.55	27.61	103.8	26.43	27.61	105.0
17/06/2018 6:23:24 PM	3612068604	1013.00	26.39	27.61	105.4	26.56	27.61	103.7	26.55	27.61	103.8	26.46	27.61	104.7
17/06/2018 6:23:25 PM	3612068605	1013.00	26.40	27.61	105.3	26.60	27.61	103.3	26.55	27.61	103.8	26.44	27.61	104.9
17/06/2018 6:23:26 PM	3612068606	1013.00	26.41	27.61	105.2	26.58	27.61	103.5	26.57	27.61	103.6	26.47	27.61	104.6
17/06/2018 6:23:27 PM	3612068607	1013.00	26.38	27.61	105.5	26.59	27.61	103.4	26.55	27.61	103.8	26.44	27.61	104.9
17/06/2018 6:23:28 PM	3612068608	1013.00	26.30	27.61	106.4	26.59	27.61	103.4	26.57	27.61	103.6	26.46	27.61	104.7
17/06/2018 6:23:29 PM	3612068609	1013.00	26.36	27.61	105.7	26.62	27.61	103.1	26.56	27.61	103.7	26.46	27.61	104.7
17/06/2018 6:23:30 PM	3612068610	1013.00	26.38	27.61	105.5	26.57	27.61	103.6	26.53	27.61	104.0	26.45	27.61	104.8
17/06/2018 6:23:31 PM	3612068611	1013.00	26.31	27.61	106.3	26.57	27.61	103.6	26.55	27.61	103.8	26.47	27.61	104.6
17/06/2018 6:23:32 PM	3612068612	1013.00	26.32	27.61	106.2	26.60	27.61	103.3	26.54	27.61	103.9	26.44	27.61	104.9
17/06/2018 6:23:33 PM	3612068613	1013.00	26.43	27.61	105.0	26.57	27.61	103.6	26.57	27.61	103.6	26.46	27.61	104.7
17/06/2018 6:23:34 PM	3612068614	1013.00	26.35	27.61	105.8	26.56	27.61	103.7	26.55	27.61	103.8	26.43	27.61	105.0
17/06/2018 6:23:35 PM	3612068615	1013.00	26.36	27.61	105.7	26.58	27.61	103.5	26.58	27.61	103.5	26.45	27.61	104.8
17/06/2018 6:23:36 PM	3612068616	1013.00	26.33	27.61	106.0	26.61	27.61	103.2	26.55	27.61	103.8	26.44	27.61	104.9
17/06/2018 6:23:37 PM	3612068617	1013.00	26.31	27.61	106.3	26.59	27.61	103.4	26.58	27.61	103.5	26.47	27.61	104.6
17/06/2018 6:23:38 PM	3612068618	1013.00	26.31	27.62	106.2	26.59	27.62	103.4	26.58	27.62	103.5	26.46	27.62	104.7
17/06/2018 6:23:39 PM	3612068619	1013.00	26.33	27.62	106.0	26.57	27.62	103.6	26.58	27.62	103.5	26.46	27.62	104.7
17/06/2018 6:23:40 PM	3612068620	1013.00	26.30	27.62	106.3	26.60	27.62	103.3	26.56	27.62	103.7	26.45	27.62	104.8
17/06/2018 6:23:41 PM	3612068621	1013.00	26.34	27.61	105.9	26.59	27.61	103.4	26.57	27.61	103.6	26.42	27.61	105.1
17/06/2018 6:23:42 PM	3612068622	1013.00	26.45	27.62	104.8	26.58	27.62	103.5	26.58	27.62	103.5	26.45	27.62	104.8
17/06/2018 6:23:43 PM	3612068623	1013.00	26.37	27.62	105.6	26.54	27.62	103.9	26.58	27.62	103.5	26.46	27.62	104.7
17/06/2018 6:23:44 PM	3612068624	1013.00	26.34	27.61	105.9	26.59	27.61	103.4	26.58	27.61	103.5	26.44	27.61	104.9
17/06/2018 6:23:45 PM	3612068625	1013.00	26.30	27.61	106.4	26.62	27.61	103.1	26.57	27.61	103.6	26.47	27.61	104.6
17/06/2018 6:23:46 PM	3612068626	1013.00	26.33	27.61	106.0	26.57	27.61	103.6	26.57	27.61	103.6	26.48	27.61	104.5
17/06/2018 6:23:47 PM	3612068627	1013.00	26.29	27.61	106.5	26.57	27.61	103.6	26.59	27.61	103.4	26.48	27.61	104.5
17/06/2018 6:23:48 PM	3612068628	1013.00	26.39	27.61	105.4	26.57	27.61	103.6	26.60	27.61	103.3	26.44	27.61	104.9
17/06/2018 6:23:49 PM	3612068629	1013.00	26.34	27.61	105.9	26.58	27.61	103.5	26.59	27.61	103.4	26.45	27.61	104.8
17/06/2018 6:23:50 PM	3612068630	1013.00	26.35	27.62	105.8	26.61	27.62	103.2	26.59	27.62	103.4	26.46	27.62	104.7
17/06/2018 6:23:51 PM	3612068631	1013.00	26.30	27.62	106.3	26.58	27.62	103.5	26.61	27.62	103.2	26.48	27.62	104.5
17/06/2018 6:23:52 PM	3612068632	1013.00	26.31	27.62	106.2	26.60	27.62	103.3	26.58	27.62	103.5	26.46	27.62	104.7
17/06/2018 6:23:53 PM	3612068633	1013.00	26.36	27.61	105.7	26.59	27.61	103.4	26.60	27.61	103.3	26.45	27.61	104.8
17/06/2018 6:23:54 PM	3612068634	1013.00	26.33	27.61	106.0	26.60	27.61	103.3	26.55	27.61	103.8	26.46	27.61	104.7
17/06/2018 6:23:55 PM	3612068635	1013.00	26.35	27.62	105.8	26.60	27.62	103.3	26.61	27.62	103.2	26.47	27.62	104.6
17/06/2018 6:23:56 PM	3612068636	1013.00	26.31	27.61	106.3	26.60	27.61	103.3	26.59	27.61	103.4	26.47	27.61	104.6
17/06/2018 6:23:57 PM	3612068637	1013.00	26.35	27.62	105.8	26.60	27.62	103.3	26.63	27.62	103.0	26.46	27.62	104.7
17/06/2018 6:23:58 PM	3612068638	1013.00	26.36	27.62	105.7	26.61	27.62	103.2	26.61	27.62	103.2	26.48	27.62	104.5
17/06/2018 6:23:59 PM	3612068639	1013.00	26.31	27.62	106.2	26.58	27.62	103.5	26.59	27.62	103.4	26.45	27.62	104.8
17/06/2018 6:24:00 PM	3612068640	1013.00	26.33	27.62	106.0	26.60	27.62	103.3	26.59	27.62	103.4	26.46	27.62	104.7
17/06/2018 6:24:01 PM	3612068641	1013.00	26.31	27.62	106.2	26.60	27.62	103.3	26.59	27.62	103.4	26.49	27.62	104.4
17/06/2018 6:24:02 PM	3612068642	1013.00	26.30	27.62	106.3	26.59	27.62	103.4	26.59	27.62	103.4	26.48	27.62	104.5
17/06/2018 6:24:03 PM	3612068643	1013.00	26.36	27.62	105.7	26.58	27.62	103.5	26.59	27.62	103.4	26.51	27.62	104.2
17/06/2018 6:24:04 PM	3612068644	1013.00	26.27	27.62	106.6	26.61	27.62	103.2	26.60	27.62	103.3	26.47	27.62	104.6
17/06/2018 6:24:05 PM	3612068645	1013.00	26.33	27.62	106.0	26.58	27.62	103.5	26.59	27.62	103.4	26.48	27.62	104.5
17/06/2018 6:24:06 PM	3612068646	1013.00	26.33	27.62	106.0	26.61	27.62	103.2	26.60	27.62	103.3	26.49	27.62	104.4
17/06/2018 6:24:07 PM	3612068647	1013.00	26.33	27.62	106.0	26.61	27.62	103.2	26.58	27.62	103.5	26.52	27.62	104.1
17/06/2018 6:24:08 PM	3612068648	1013.00	26.39	27.62	105.4	26.63	27.62	103.0	26.64	27.62	102.9	26.48	27.62	104.5
17/06/2018 6:24:09 PM	3612068649	1013.00	26.36	27.62	105.7	26.62	27.62	103.1	26.60	27.62	103.3	26.50	27.62	104.3
17/06/2018 6:24:10 PM	3612068650	1013.00	26.41	27.62	105.2	26.60	27.62	103.3	26.61	27.62	103.2	26.45	27.62	104.8
17/06/2018 6:24:11 PM	3612068651	1013.00	26.34	27.62	105.9	26.61	27.62	103.2	26.59	27.62	103.4	26.50	27.62	104.3
17/06/2018 6:24:12 PM	3612068652	1013.00	26.39	27.62	105.4	26.61	27.62	103.2	26.60	27.62	103.3	26.48	27.62	104.5
17/06/2018 6:24:13 PM	3612068653	1013.00	26.32	27.62	106.1	26.62	27.62	103.1	26.58	27.62	103.5	26.50	27.62	104.3
17/06/2018 6:24:14 PM	3612068654	1013.00	26.33	27.62	106.0	26.59	27.62	103.4	26.59	27.62	103.4	26.48	27.62	104.5
17/06/2018 6:24:15 PM	3612068655	1013.00	26.34	27.62	105.9	26.59	27.62	103.4	26.59	27.62	103.4	26.49	27.62	104.4
17/06/2018 6:24:16 PM	3612068656	1013.00	26.34	27.62	105.9	26.64	27.62	102.9	26.62	27.62	103.1	26.49	27.62	104.4
17/06/2018 6:24:17 PM	3612068657	1013.00	26.38	27.62	105.5	26.61	27.62	103.2	26.61	27.62	103.2	26.50	27.62	104.3
17/06/2018 6:24:18 PM	3612068658	1013.00	26.33	27.62	106.0	26.63	27.62	103.0	26.63	27.62	103.0	26.49	27.62	104.4
17/06/2018 6:24:19 PM	3612068659	1013.00	26.37	27.62	105.6	26.64	27.62	102.9	26.62	27.62	103.1	26.51	27.62	104.2
17/06/2018 6:24:20 PM	3612068660	1013.00	26.34	27.62	105.9	26.62	27.62	103.1	26.59	27.62	103.4	26.49	27.62	104.4
17/06/2018 6:24:21 PM	3612068661	1013.00	26.42	27.62	105.1	26.63	27.62	103.0	26.64	27.62	102.9	26.48	27.62	104.5
17/06/2018 6:24:22 PM	3612068662	1013.00	26.36	27.62	105.7	26.61	27.62	103.2	26.61	27.62	103.2	26.50	27.62	104.3
17/06/2018 6:24:23 PM	3612068663	1013.00	26.40	27.62	105.3	26.62	27.62	103.1	26.60	27.62	103.3	26.51	27.62	104.2
17/06/2018 6:24:24 PM	3612068664	1013.00	26.30	27.62	106.3	26.65	27.62	102.8	26.59	27.62	103.4	26.47	27.62	104.6
17/06/2018 6:24:25 PM	3612068665	1013.00	26.40	27.62	105.3	26.65	27.62	102.8	26.59	27.62	103.4	26.49	27.62	104.4
17/06/2018 6:24:26 PM	3612068666	1013.00	26.25	27.62	106.9	26.67	27.62	102.6	26.60	27.62	103.3	26.51	27.62	104.2
17/06/2018 6:24:27 PM	3612068667	1013.00	26.35	27.62	105.8	26.67	27.62	102.6	26.61	27.62	103.2	26.50	27.62	104.3
17/06/2018 6:24:28 PM	3612068668	1013.00	26.36	27.61	105.7	26.66	27.61	102.7	26.64	27.61	102.9	26.49	27.61	104.4
17/06/2018 6:24:29 PM	3612068669	1013.00	26.36	27.61	105.7	26.67	27.61	102.6	26.62	27.61	103.1	26.52	27.61	104.1
17/06/2018 6:24:30 PM	3612068670	1013.00	26.35	27.62	105.8	26.67	27.62	102.6	26.59	27.62	103.4	26.51	27.62	104.2
17/06/2018 6:24:31 PM	3612068671	1013.00	26.34	27.62	105.9	26.65	27.62	102.8	26.63	27.62	103.0	26.51	27.62	104.2
17/06/2018 6:24:32 PM	3612068672	1013.00	26.36	27.62	105.7	26.68	27.62	102.5	26.60	27.62	103.3	26.49	27.62	104.4
17/06/2018 6:24:33 PM	3612068673	1013.00	26.27	27.62	106.6	26.68	27.62	102.5	26.63	27.62	103.0	26.52	27.62	104.1
17/06/2018 6:24:34 PM	3612068674	1013.00	26.37	27.62	105.6	26.68	27.62	102.5	26.59	27.62	103.4	26.52	27.62	104.1
17/06/2018 6:24:35 PM	3612068675	1013.00	26.31	27.62	106.2	26.70	27.62	102.3	26.62	27.62	103.1	26.50	27.62	104.3
17/06/2018 6:24:36 PM	3612068676	1013.00	26.30	27.62	106.3	26.66	27.62	102.7	26.61	27.62	103.2	26.52	27.62	104.1
17/06/2018 6:24:37 PM	3612068677	1013.00	26.27	27.63	106.6	26.70	27.63	102.3	26.64	27.63	102.9	26.52	27.63	104.1
17/06/2018 6:24:38 PM	3612068678	1013.00	26.35	27.63	105.8	26.66	27.63	102.7	26.61	27.63	103.2	26.52	27.63	104.1
17/06/2018 6:24:39 PM	3612068679	1013.00	26.31	27.63	106.2	26.69	27.63	102.4	26.58	27.63	103.5	26.54	27.63	103.9
17/06/2018 6:24:40 PM	3612068680	1013.00	26.33	27.63	106.0	26.70	27.63	102.3	26.63	27.63	103.0	26.52	27.63	104.1
17/06/2018 6:24:41 PM	3612068681	1013.00	26.41	27.62	105.2	26.72	27.62	102.1	26.65	27.62	102.8	26.53	27.62	104.0
17/06/2018 6:24:42 PM	3612068682	1013.00	26.30	27.62	106.3	26.72	27.62	102.1	26.60	27.62	103.3	26.53	27.62	104.0
17/06/2018 6:24:43 PM	3612068683	1013.00	26.34	27.62	105.9	26.71	27.62	102.2	26.65	27.62	102.8	26.52	27.62	104.1
17/06/2018 6:24:44 PM	3612068684	1013.00	26.37	27.61	105.6	26.70	27.61	102.3	26.60	27.61	103.3	26.52	27.61	104.1
17/06/2018 6:24:45 PM	3612068685	1013.00	26.35	27.62	105.8	26.72	27.62	102.1	26.64	27.62	102.9	26.53	27.62	104.0
17/06/2018 6:24:46 PM	3612068686	1013.00	26.31	27.61	106.3	26.69	27.61	102.4	26.63	27.61	103.0	26.51	27.61	104.2
17/06/2018 6:24:47 PM	3612068687	1013.00	26.31	27.62	106.2	26.73	27.62	102.0	26.64	27.62	102.9	26.52	27.62	104.1
17/06/2018 6:24:48 PM	3612068688	1013.00	26.39	27.62	105.4	26.73	27.62	102.0	26.64	27.62	102.9	26.55	27.62	103.8
17/06/2018 6:24:49 PM	3612068689	1013.00	26.37	27.62	105.6	26.74	27.62	101.9	26.67	27.62	102.6	26.55	27.62	103.8
17/06/2018 6:24:50 PM	3612068690	1013.00	26.36	27.62	105.7	26.74	27.62	101.9	26.65	27.62	102.8	26.54	27.62	103.9
17/06/2018 6:24:51 PM	3612068691	1013.00	26.31	27.63	106.2	26.76	27.63	101.7	26.66	27.63	102.7	26.54	27.63	103.9
17/06/2018 6:24:52 PM	3612068692	1013.00	26.40	27.62	105.3	26.73	27.62	102.0	26.67	27.62	102.6	26.54	27.62	103.9
17/06/2018 6:24:53 PM	3612068693	1013.00	26.34	27.62	105.9	26.75	27.62	101.8	26.68	27.62	102.5	26.52	27.62	104.1
17/06/2018 6:24:54 PM	3612068694	1013.00	26.32	27.62	106.1	26.78	27.62	101.5	26.69	27.62	102.4	26.53	27.62	104.0
17/06/2018 6:24:55 PM	3612068695	1013.00	26.38	27.62	105.5	26.74	27.62	101.9	26.69	27.62	102.4	26.55	27.62	103.8
17/06/2018 6:24:56 PM	3612068696	1013.00	26.39	27.61	105.4	26.76	27.61	101.8	26.67	27.61	102.6	26.54	27.61	103.9
17/06/2018 6:24:57 PM	3612068697	1013.00	26.23	27.61	107.1	26.76	27.61	101.8	26.69	27.61	102.4	26.56	27.61	103.7
17/06/2018 6:24:58 PM	3612068698	1013.00	26.28	27.61	106.6	26.76	27.61	101.8	26.70	27.61	102.3	26.57	27.61	103.6
17/06/2018 6:24:59 PM	3612068699	1013.00	26.36	27.62	105.7	26.75	27.62	101.8	26.73	27.62	102.0	26.56	27.62	103.7
17/06/2018 6:25:00 PM	3612068700	1013.00	26.24	27.62	107.0	26.77	27.62	101.6	26.73	27.62	102.0	26.57	27.62	103.6
17/06/2018 6:25:01 PM	3612068701	1013.00	26.42	27.61	105.1	26.77	27.61	101.7	26.75	27.61	101.9	26.57	27.61	103.6
17/06/2018 6:25:02 PM	3612068702	1013.00	26.26	27.61	106.8	26.75	27.61	101.9	26.76	27.61	101.8	26.56	27.61	103.7
17/06/2018 6:25:03 PM	3612068703	1013.00	26.35	27.61	105.8	26.77	27.61	101.7	26.77	27.61	101.7	26.57	27.61	103.6
17/06/2018 6:25:04 PM	3612068704	1013.00	26.38	27.61	105.5	26.77	27.61	101.7	26.78	27.61	101.6	26.56	27.61	103.7
17/06/2018 6:25:05 PM	3612068705	1013.00	26.38	27.61	105.5	26.79	27.61	101.5	26.77	27.61	101.7	26.54	27.61	103.9
17/06/2018 6:25:06 PM	3612068706	1013.00	26.27	27.61	106.7	26.78	27.61	101.6	26.75	27.61	101.9	26.55	27.61	103.8
17/06/2018 6:25:07 PM	3612068707	1013.00	26.37	27.61	105.6	26.79	27.61	101.5	26.78	27.61	101.6	26.57	27.61	103.6
17/06/2018 6:25:08 PM	3612068708	1013.00	26.38	27.61	105.5	26.78	27.61	101.6	26.80	27.61	101.4	26.58	27.61	103.5
17/06/2018 6:25:09 PM	3612068709	1013.00	26.41	27.61	105.2	26.81	27.61	101.3	26.80	27.61	101.4	26.56	27.61	103.7
17/06/2018 6:25:10 PM	3612068710	1013.00	26.36	27.60	105.8	26.78	27.60	101.6	26.83	27.60	101.1	26.58	27.60	103.5
17/06/2018 6:25:11 PM	3612068711	1013.00	26.30	27.60	106.4	26.82	27.60	101.2	26.83	27.60	101.1	26.57	27.60	103.6
17/06/2018 6:25:12 PM	3612068712	1013.00	26.33	27.60	106.1	26.84	27.60	101.0	26.82	27.60	101.2	26.58	27.60	103.5
17/06/2018 6:25:13 PM	3612068713	1013.00	26.33	27.60	106.1	26.81	27.60	101.3	26.82	27.60	101.2	26.57	27.60	103.6
17/06/2018 6:25:14 PM	3612068714	1013.00	26.43	27.61	105.0	26.80	27.61	101.4	26.86	27.61	100.8	26.58	27.61	103.5
17/06/2018 6:25:15 PM	3612068715	1013.00	26.35	27.61	105.8	26.79	27.61	101.5	26.86	27.61	100.8	26.58	27.61	103.5
17/06/2018 6:25:16 PM	3612068716	1013.00	26.36	27.61	105.7	26.81	27.61	101.3	26.85	27.61	100.9	26.59	27.61	103.4
17/06/2018 6:25:17 PM	3612068717	1013.00	26.34	27.61	105.9	26.81	27.61	101.3	26.86	27.61	100.8	26.60	27.61	103.3
17/06/2018 6:25:18 PM	3612068718	1013.00	26.34	27.61	105.9	26.84	27.61	101.0	26.88	27.61	100.6	26.59	27.61	103.4
17/06/2018 6:25:19 PM	3612068719	1013.00	26.36	27.61	105.7	26.81	27.61	101.3	26.86	27.61	100.8	26.60	27.61	103.3
17/06/2018 6:25:20 PM	3612068720	1013.00	26.33	27.61	106.0	26.81	27.61	101.3	26.87	27.61	100.7	26.60	27.61	103.3
17/06/2018 6:25:21 PM	3612068721	1013.00	26.29	27.61	106.5	26.83	27.61	101.1	26.87	27.61	100.7	26.64	27.61	102.9
17/06/2018 6:25:22 PM	3612068722	1013.00	26.25	27.61	106.9	26.82	27.61	101.2	26.86	27.61	100.8	26.60	27.61	103.3
17/06/2018 6:25:23 PM	3612068723	1013.00	26.36	27.61	105.7	26.86	27.61	100.8	26.87	27.61	100.7	26.62	27.61	103.1
17/06/2018 6:25:24 PM	3612068724	1013.00	26.40	27.61	105.3	26.81	27.61	101.3	26.88	27.61	100.6	26.60	27.61	103.3
17/06/2018 6:25:25 PM	3612068725	1013.00	26.36	27.61	105.7	26.87	27.61	100.7	26.94	27.61	100.0	26.59	27.61	103.4
17/06/2018 6:25:26 PM	3612068726	1013.00	26.37	27.61	105.6	26.84	27.61	101.0	26.92	27.61	100.2	26.60	27.61	103.3
17/06/2018 6:25:27 PM	3612068727	1013.00	26.36	27.60	105.8	26.83	27.60	101.1	26.92	27.60	100.2	26.63	27.60	103.0
17/06/2018 6:25:28 PM	3612068728	1013.00	26.34	27.60	106.0	26.85	27.60	100.9	26.95	27.60	99.9	26.62	27.60	103.1
17/06/2018 6:25:29 PM	3612068729	1013.00	26.29	27.59	106.5	26.85	27.59	100.9	26.94	27.59	100.1	26.63	27.59	103.1
17/06/2018 6:25:30 PM	3612068730	1013.00	26.30	27.59	106.4	26.86	27.59	100.8	26.93	27.59	100.2	26.62	27.59	103.2
17/06/2018 6:25:31 PM	3612068731	1013.00	26.31	27.59	106.3	26.85	27.59	100.9	26.95	27.59	100.0	26.67	27.59	102.7
17/06/2018 6:25:32 PM	3612068732	1013.00	26.33	27.59	106.1	26.86	27.59	100.8	26.94	27.59	100.1	26.61	27.59	103.3
17/06/2018 6:25:33 PM	3612068733	1013.00	26.37	27.60	105.7	26.87	27.60	100.7	26.93	27.60	100.1	26.63	27.60	103.0
17/06/2018 6:25:34 PM	3612068734	1013.00	26.32	27.59	106.2	26.86	27.59	100.8	26.97	27.59	99.8	26.62	27.59	103.2
17/06/2018 6:25:35 PM	3612068735	1013.00	26.34	27.59	106.0	26.89	27.59	100.5	26.96	27.59	99.9	26.67	27.59	102.7
17/06/2018 6:25:36 PM	3612068736	1013.00	26.36	27.59	105.8	26.83	27.59	101.1	26.98	27.59	99.7	26.62	27.59	103.2
17/06/2018 6:25:37 PM	3612068737	1013.00	26.30	27.58	106.4	26.86	27.58	100.8	26.96	27.58	99.9	26.66	27.58	102.8
17/06/2018 6:25:38 PM	3612068738	1013.00	26.39	27.58	105.5	26.83	27.58	101.1	27.00	27.58	99.5	26.61	27.58	103.3
17/06/2018 6:25:39 PM	3612068739	1013.00	26.37	27.59	105.7	26.84	27.59	101.0	26.98	27.59	99.7	26.66	27.59	102.8
17/06/2018 6:25:40 PM	3612068740	1013.00	26.33	27.59	106.1	26.87	27.59	100.7	26.99	27.59	99.6	26.64	27.59	103.0
17/06/2018 6:25:41 PM	3612068741	1013.00	26.37	27.59	105.7	26.87	27.59	100.7	27.00	27.59	99.5	26.66	27.59	102.8
17/06/2018 6:25:42 PM	3612068742	1013.00	26.28	27.59	106.6	26.86	27.59	100.8	26.98	27.59	99.7	26.62	27.59	103.2
17/06/2018 6:25:43 PM	3612068743	1013.00	26.35	27.58	105.9	26.91	27.58	100.4	27.00	27.58	99.5	26.65	27.58	102.9
17/06/2018 6:25:44 PM	3612068744	1013.00	26.34	27.58	106.0	26.86	27.58	100.8	27.01	27.58	99.4	26.66	27.58	102.8
17/06/2018 6:25:45 PM	3612068745	1013.00	26.34	27.58	106.0	26.87	27.58	100.7	27.00	27.58	99.5	26.66	27.58	102.8
17/06/2018 6:25:46 PM	3612068746	1013.00	26.26	27.57	106.8	26.88	27.57	100.7	27.03	27.57	99.2	26.66	27.57	102.8
17/06/2018 6:25:47 PM	3612068747	1013.00	26.31	27.57	106.3	26.89	27.57	100.6	27.02	27.57	99.3	26.62	27.57	103.2
17/06/2018 6:25:48 PM	3612068748	1013.00	26.40	27.57	105.4	26.88	27.57	100.7	27.02	27.57	99.3	26.67	27.57	102.7
17/06/2018 6:25:49 PM	3612068749	1013.00	26.31	27.57	106.3	26.89	27.57	100.6	27.01	27.57	99.4	26.66	27.57	102.8
17/06/2018 6:25:50 PM	3612068750	1013.00	26.35	27.57	105.9	26.87	27.57	100.8	27.04	27.57	99.1	26.66	27.57	102.8
17/06/2018 6:25:51 PM	3612068751	1013.00	26.41	27.57	105.3	26.87	27.57	100.8	27.01	27.57	99.4	26.66	27.57	102.8
17/06/2018 6:25:52 PM	3612068752	1013.00	26.30	27.57	106.4	26.90	27.57	100.5	27.03	27.57	99.2	26.69	27.57	102.5
17/06/2018 6:25:53 PM	3612068753	1013.00	26.29	27.58	106.5	26.90	27.58	100.5	27.03	27.58	99.2	26.67	27.58	102.7
17/06/2018 6:25:54 PM	3612068754	1013.00	26.40	27.57	105.4	26.89	27.57	100.6	27.05	27.57	99.0	26.65	27.57	102.9
17/06/2018 6:25:55 PM	3612068755	1013.00	26.32	27.56	106.2	26.89	27.56	100.6	27.05	27.56	99.1	26.66	27.56	102.8
17/06/2018 6:25:56 PM	3612068756	1013.00	26.41	27.56	105.3	26.91	27.56	100.4	27.03	27.56	99.3	26.64	27.56	103.0
17/06/2018 6:25:57 PM	3612068757	1013.00	26.37	27.57	105.7	26.88	27.57	100.7	27.07	27.57	98.9	26.65	27.57	102.9
17/06/2018 6:25:58 PM	3612068758	1013.00	26.33	27.57	106.1	26.92	27.57	100.3	27.07	27.57	98.9	26.67	27.57	102.7
17/06/2018 6:25:59 PM	3612068759	1013.00	26.32	27.57	106.2	26.90	27.57	100.5	27.08	27.57	98.8	26.67	27.57	102.7
17/06/2018 6:26:00 PM	3612068760	1013.00	26.28	27.57	106.6	26.89	27.57	100.6	27.06	27.57	99.0	26.67	27.57	102.7
17/06/2018 6:26:01 PM	3612068761	1013.00	26.34	27.57	106.0	26.90	27.57	100.5	27.07	27.57	98.9	26.67	27.57	102.7
17/06/2018 6:26:02 PM	3612068762	1013.00	26.39	27.57	105.5	26.92	27.57	100.3	27.06	27.57	99.0	26.68	27.57	102.6
17/06/2018 6:26:03 PM	3612068763	1013.00	26.30	27.57	106.4	26.90	27.57	100.5	27.07	27.57	98.9	26.69	27.57	102.5
17/06/2018 6:26:04 PM	3612068764	1013.00	26.37	27.57	105.7	26.91	27.57	100.4	27.07	27.57	98.9	26.68	27.57	102.6
17/06/2018 6:26:05 PM	3612068765	1013.00	26.38	27.57	105.6	26.94	27.57	100.1	27.07	27.57	98.9	26.68	27.57	102.6
17/06/2018 6:26:06 PM	3612068766	1013.00	26.39	27.57	105.5	26.89	27.57	100.6	27.09	27.57	98.7	26.67	27.57	102.7
17/06/2018 6:26:07 PM	3612068767	1013.00	26.34	27.57	106.0	26.94	27.57	100.1	27.09	27.57	98.7	26.69	27.57	102.5
17/06/2018 6:26:08 PM	3612068768	1013.00	26.41	27.57	105.3	26.90	27.57	100.5	27.08	27.57	98.8	26.69	27.57	102.5
17/06/2018 6:26:09 PM	3612068769	1013.00	26.34	27.57	106.0	26.91	27.57	100.4	27.11	27.57	98.5	26.67	27.57	102.7
17/06/2018 6:26:10 PM	3612068770	1013.00	26.33	27.58	106.1	26.94	27.58	100.1	27.09	27.58	98.7	26.69	27.58	102.5
17/06/2018 6:26:11 PM	3612068771	1013.00	26.37	27.58	105.7	26.98	27.58	99.7	27.09	27.58	98.7	26.71	27.58	102.3
17/06/2018 6:26:12 PM	3612068772	1013.00	26.37	27.58	105.7	26.94	27.58	100.1	27.11	27.58	98.5	26.72	27.58	102.2
17/06/2018 6:26:13 PM	3612068773	1013.00	26.32	27.58	106.2	26.95	27.58	100.0	27.10	27.58	98.6	26.69	27.58	102.5
17/06/2018 6:26:14 PM	3612068774	1013.00	26.29	27.58	106.5	26.95	27.58	100.0	27.10	27.58	98.6	26.72	27.58	102.2
17/06/2018 6:26:15 PM	3612068775	1013.00	26.36	27.58	105.8	26.94	27.58	100.1	27.11	27.58	98.5	26.70	27.58	102.4
17/06/2018 6:26:16 PM	3612068776	1013.00	26.35	27.58	105.9	26.93	27.58	100.2	27.12	27.58	98.4	26.75	27.58	101.9
17/06/2018 6:26:17 PM	3612068777	1013.00	26.34	27.58	106.0	26.92	27.58	100.3	27.14	27.58	98.2	26.73	27.58	102.1
17/06/2018 6:26:18 PM	3612068778	1013.00	26.36	27.58	105.8	26.94	27.58	100.1	27.12	27.58	98.4	26.74	27.58	102.0
17/06/2018 6:26:19 PM	3612068779	1013.00	26.31	27.58	106.3	26.97	27.58	99.8	27.16	27.58	98.0	26.73	27.58	102.1
17/06/2018 6:26:20 PM	3612068780	1013.00	26.32	27.58	106.2	26.98	27.58	99.7	27.14	27.58	98.2	26.75	27.58	101.9
17/06/2018 6:26:21 PM	3612068781	1013.00	26.36	27.58	105.8	26.99	27.58	99.6	27.17	27.58	97.9	26.73	27.58	102.1
17/06/2018 6:26:22 PM	3612068782	1013.00	26.36	27.58	105.8	27.00	27.58	99.5	27.18	27.58	97.8	26.75	27.58	101.9
17/06/2018 6:26:23 PM	3612068783	1013.00	26.35	27.58	105.9	26.98	27.58	99.7	27.17	27.58	97.9	26.75	27.58	101.9
17/06/2018 6:26:24 PM	3612068784	1013.00	26.35	27.58	105.9	26.99	27.58	99.6	27.18	27.58	97.8	26.73	27.58	102.1
17/06/2018 6:26:25 PM	3612068785	1013.00	26.29	27.58	106.5	26.98	27.58	99.7	27.18	27.58	97.8	26.76	27.58	101.8
17/06/2018 6:26:26 PM	3612068786	1013.00	26.27	27.58	106.7	26.97	27.58	99.8	27.16	27.58	98.0	26.75	27.58	101.9
17/06/2018 6:26:27 PM	3612068787	1013.00	26.40	27.58	105.4	26.98	27.58	99.7	27.19	27.58	97.7	26.74	27.58	102.0
17/06/2018 6:26:28 PM	3612068788	1013.00	26.36	27.58	105.8	26.98	27.58	99.7	27.22	27.58	97.4	26.76	27.58	101.8
17/06/2018 6:26:29 PM	3612068789	1013.00	26.41	27.58	105.3	27.02	27.58	99.3	27.22	27.58	97.4	26.76	27.58	101.8
17/06/2018 6:26:30 PM	3612068790	1013.00	26.41	27.59	105.3	26.99	27.59	99.6	27.20	27.59	97.6	26.77	27.59	101.7
17/06/2018 6:26:31 PM	3612068791	1013.00	26.42	27.59	105.2	27.03	27.59	99.2	27.21	27.59	97.5	26.75	27.59	101.9
17/06/2018 6:26:32 PM	3612068792	1013.00	26.35	27.59	105.9	27.00	27.59	99.5	27.19	27.59	97.7	26.78	27.59	101.6
17/06/2018 6:26:33 PM	3612068793	1013.00	26.29	27.60	106.5	27.04	27.60	99.1	27.19	27.60	97.7	26.77	27.60	101.7
17/06/2018 6:26:34 PM	3612068794	1013.00	26.33	27.60	106.1	27.06	27.60	98.9	27.20	27.60	97.6	26.77	27.60	101.7
17/06/2018 6:26:35 PM	3612068795	1013.00	26.36	27.60	105.8	27.09	27.60	98.6	27.22	27.60	97.4	26.76	27.60	101.8
17/06/2018 6:26:36 PM	3612068796	1013.00	26.27	27.60	106.7	27.08	27.60	98.7	27.22	27.60	97.4	26.80	27.60	101.4
17/06/2018 6:26:37 PM	3612068797	1013.00	26.42	27.60	105.2	27.09	27.60	98.6	27.20	27.60	97.6	26.76	27.60	101.8
17/06/2018 6:26:38 PM	3612068798	1013.00	26.28	27.60	106.6	27.09	27.60	98.6	27.23	27.60	97.3	26.76	27.60	101.8
17/06/2018 6:26:39 PM	3612068799	1013.00	26.40	27.60	105.4	27.10	27.60	98.5	27.22	27.60	97.4	26.77	27.60	101.7
17/06/2018 6:26:40 PM	3612068800	1013.00	26.34	27.60	106.0	27.07	27.60	98.8	27.22	27.60	97.4	26.79	27.60	101.5
17/06/2018 6:26:41 PM	3612068801	1013.00	26.35	27.60	105.9	27.09	27.60	98.6	27.23	27.60	97.3	26.78	27.60	101.6
17/06/2018 6:26:42 PM	3612068802	1013.00	26.31	27.60	106.3	27.12	27.60	98.3	27.24	27.60	97.2	26.80	27.60	101.4
17/06/2018 6:26:43 PM	3612068803	1013.00	26.35	27.60	105.9	27.09	27.60	98.6	27.23	27.60	97.3	26.80	27.60	101.4
17/06/2018 6:26:44 PM	3612068804	1013.00	26.37	27.60	105.7	27.09	27.60	98.6	27.25	27.60	97.1	26.77	27.60	101.7
17/06/2018 6:26:45 PM	3612068805	1013.00	26.35	27.60	105.9	27.11	27.60	98.4	27.24	27.60	97.2	26.80	27.60	101.4
17/06/2018 6:26:46 PM	3612068806	1013.00	26.28	27.60	106.6	27.12	27.60	98.3	27.25	27.60	97.1	26.78	27.60	101.6
17/06/2018 6:26:47 PM	3612068807	1013.00	26.34	27.60	106.0	27.14	27.60	98.2	27.27	27.60	97.0	26.76	27.60	101.8
17/06/2018 6:26:48 PM	3612068808	1013.00	26.20	27.60	107.4	27.11	27.60	98.4	27.31	27.60	96.6	26.82	27.60	101.2
17/06/2018 6:26:49 PM	3612068809	1013.00	26.35	27.60	105.9	27.13	27.60	98.3	27.28	27.60	96.9	26.79	27.60	101.5
17/06/2018 6:26:50 PM	3612068810	1013.00	26.37	27.60	105.7	27.13	27.60	98.3	27.25	27.60	97.1	26.78	27.60	101.6
17/06/2018 6:26:51 PM	3612068811	1013.00	26.42	27.60	105.2	27.12	27.60	98.3	27.30	27.60	96.7	26.79	27.60	101.5
17/06/2018 6:26:52 PM	3612068812	1013.00	26.33	27.60	106.1	27.16	27.60	98.0	27.27	27.60	97.0	26.80	27.60	101.4
17/06/2018 6:26:53 PM	3612068813	1013.00	26.42	27.60	105.2	27.12	27.60	98.3	27.29	27.60	96.8	26.82	27.60	101.2
17/06/2018 6:26:54 PM	3612068814	1013.00	26.33	27.60	106.1	27.14	27.60	98.2	27.31	27.60	96.6	26.85	27.60	100.9
17/06/2018 6:26:55 PM	3612068815	1013.00	26.34	27.60	106.0	27.16	27.60	98.0	27.28	27.60	96.9	26.84	27.60	101.0
17/06/2018 6:26:56 PM	3612068816	1013.00	26.23	27.59	107.1	27.13	27.59	98.3	27.31	27.59	96.6	26.80	27.59	101.4
17/06/2018 6:26:57 PM	3612068817	1013.00	26.28	27.59	106.6	27.12	27.59	98.4	27.31	27.59	96.6	26.82	27.59	101.2
17/06/2018 6:26:58 PM	3612068818	1013.00	26.29	27.59	106.5	27.13	27.59	98.3	27.31	27.59	96.6	26.82	27.59	101.2
17/06/2018 6:26:59 PM	3612068819	1013.00	26.40	27.59	105.4	27.13	27.59	98.3	27.27	27.59	97.0	26.86	27.59	100.8
17/06/2018 6:27:00 PM	3612068820	1013.00	26.34	27.59	106.0	27.13	27.59	98.3	27.32	27.59	96.5	26.82	27.59	101.2
17/06/2018 6:27:01 PM	3612068821	1013.00	26.33	27.59	106.1	27.14	27.59	98.2	27.31	27.59	96.6	26.82	27.59	101.2
17/06/2018 6:27:02 PM	3612068822	1013.00	26.30	27.59	106.4	27.13	27.59	98.3	27.31	27.59	96.6	26.86	27.59	100.8
17/06/2018 6:27:03 PM	3612068823	1013.00	26.37	27.59	105.7	27.11	27.59	98.5	27.32	27.59	96.5	26.86	27.59	100.8
17/06/2018 6:27:04 PM	3612068824	1013.00	26.36	27.60	105.8	27.14	27.60	98.2	27.30	27.60	96.7	26.87	27.60	100.7
17/06/2018 6:27:05 PM	3612068825	1013.00	26.44	27.60	104.9	27.14	27.60	98.2	27.33	27.60	96.4	26.83	27.60	101.1
17/06/2018 6:27:06 PM	3612068826	1013.00	26.30	27.60	106.4	27.16	27.60	98.0	27.32	27.60	96.5	26.85	27.60	100.9
17/06/2018 6:27:07 PM	3612068827	1013.00	26.35	27.60	105.9	27.14	27.60	98.2	27.34	27.60	96.3	26.85	27.60	100.9
17/06/2018 6:27:08 PM	3612068828	1013.00	26.30	27.60	106.4	27.13	27.60	98.3	27.37	27.60	96.0	26.85	27.60	100.9
17/06/2018 6:27:09 PM	3612068829	1013.00	26.40	27.60	105.4	27.17	27.60	97.9	27.33	27.60	96.4	26.85	27.60	100.9
17/06/2018 6:27:10 PM	3612068830	1013.00	26.40	27.60	105.4	27.16	27.60	98.0	27.35	27.60	96.2	26.89	27.60	100.5
17/06/2018 6:27:11 PM	3612068831	1013.00	26.39	27.60	105.5	27.18	27.60	97.8	27.34	27.60	96.3	26.87	27.60	100.7
17/06/2018 6:27:12 PM	3612068832	1013.00	26.38	27.59	105.6	27.17	27.59	97.9	27.36	27.59	96.2	26.89	27.59	100.5
17/06/2018 6:27:13 PM	3612068833	1013.00	26.32	27.59	106.2	27.18	27.59	97.8	27.36	27.59	96.2	26.90	27.59	100.4
17/06/2018 6:27:14 PM	3612068834	1013.00	26.39	27.58	105.5	27.14	27.58	98.2	27.38	27.58	96.0	26.86	27.58	100.8
17/06/2018 6:27:15 PM	3612068835	1013.00	26.39	27.58	105.5	27.18	27.58	97.8	27.34	27.58	96.4	26.91	27.58	100.4
17/06/2018 6:27:16 PM	3612068836	1013.00	26.44	27.58	105.0	27.16	27.58	98.0	27.38	27.58	96.0	26.91	27.58	100.4
17/06/2018 6:27:17 PM	3612068837	1013.00	26.30	27.58	106.4	27.18	27.58	97.8	27.36	27.58	96.2	26.89	27.58	100.6
17/06/2018 6:27:18 PM	3612068838	1013.00	26.32	27.58	106.2	27.18	27.58	97.8	27.35	27.58	96.3	26.91	27.58	100.4
17/06/2018 6:27:19 PM	3612068839	1013.00	26.34	27.58	106.0	27.18	27.58	97.8	27.37	27.58	96.1	26.91	27.58	100.4
17/06/2018 6:27:20 PM	3612068840	1013.00	26.32	27.58	106.2	27.20	27.58	97.6	27.35	27.58	96.3	26.94	27.58	100.1
17/06/2018 6:27:21 PM	3612068841	1013.00	26.34	27.58	106.0	27.22	27.58	97.4	27.36	27.58	96.2	26.93	27.58	100.2
17/06/2018 6:27:22 PM	3612068842	1013.00	26.37	27.58	105.7	27.20	27.58	97.6	27.39	27.58	95.9	26.93	27.58	100.2
17/06/2018 6:27:23 PM	3612068843	1013.00	26.28	27.58	106.6	27.23	27.58	97.4	27.40	27.58	95.8	26.92	27.58	100.3
17/06/2018 6:27:24 PM	3612068844	1013.00	26.33	27.58	106.1	27.23	27.58	97.4	27.35	27.58	96.3	26.94	27.58	100.1
17/06/2018 6:27:25 PM	3612068845	1013.00	26.34	27.58	106.0	27.21	27.58	97.5	27.37	27.58	96.1	26.93	27.58	100.2
17/06/2018 6:27:26 PM	3612068846	1013.00	26.46	27.58	104.8	27.23	27.58	97.4	27.37	27.58	96.1	26.92	27.58	100.3
17/06/2018 6:27:27 PM	3612068847	1013.00	26.37	27.58	105.7	27.20	27.58	97.6	27.37	27.58	96.1	26.95	27.58	100.0
17/06/2018 6:27:28 PM	3612068848	1013.00	26.43	27.58	105.1	27.21	27.58	97.5	27.40	27.58	95.8	26.93	27.58	100.2
17/06/2018 6:27:29 PM	3612068849	1013.00	26.39	27.58	105.5	27.22	27.58	97.4	27.38	27.58	96.0	26.93	27.58	100.2
17/06/2018 6:27:30 PM	3612068850	1013.00	26.36	27.58	105.8	27.22	27.58	97.4	27.39	27.58	95.9	26.97	27.58	99.8
17/06/2018 6:27:31 PM	3612068851	1013.00	26.27	27.58	106.7	27.23	27.58	97.4	27.38	27.58	96.0	26.95	27.58	100.0
17/06/2018 6:27:32 PM	3612068852	1013.00	26.33	27.58	106.1	27.25	27.58	97.2	27.40	27.58	95.8	26.95	27.58	100.0
17/06/2018 6:27:33 PM	3612068853	1013.00	26.39	27.57	105.5	27.23	27.57	97.4	27.40	27.57	95.8	26.93	27.57	100.2
17/06/2018 6:27:34 PM	3612068854	1013.00	26.31	27.57	106.3	27.19	27.57	97.7	27.40	27.57	95.8	26.97	27.57	99.8
17/06/2018 6:27:35 PM	3612068855	1013.00	26.38	27.58	105.6	27.23	27.58	97.4	27.39	27.58	95.9	26.95	27.58	100.0
17/06/2018 6:27:36 PM	3612068856	1013.00	26.31	27.58	106.3	27.21	27.58	97.5	27.38	27.58	96.0	26.97	27.58	99.8
17/06/2018 6:27:37 PM	3612068857	1013.00	26.39	27.58	105.5	27.22	27.58	97.4	27.41	27.58	95.7	26.97	27.58	99.8
17/06/2018 6:27:38 PM	3612068858	1013.00	26.39	27.59	105.5	27.22	27.59	97.4	27.40	27.59	95.8	26.97	27.59	99.8
17/06/2018 6:27:39 PM	3612068859	1013.00	26.35	27.58	105.9	27.27	27.58	97.0	27.39	27.58	95.9	27.00	27.58	99.5
17/06/2018 6:27:40 PM	3612068860	1013.00	26.40	27.58	105.4	27.25	27.58	97.2	27.40	27.58	95.8	26.96	27.58	99.9
17/06/2018 6:27:41 PM	3612068861	1013.00	26.32	27.59	106.2	27.25	27.59	97.2	27.41	27.59	95.7	26.99	27.59	99.6
17/06/2018 6:27:42 PM	3612068862	1013.00	26.34	27.59	106.0	27.26	27.59	97.1	27.42	27.59	95.6	27.00	27.59	99.5
17/06/2018 6:27:43 PM	3612068863	1013.00	26.34	27.59	106.0	27.23	27.59	97.3	27.40	27.59	95.8	27.00	27.59	99.5
17/06/2018 6:27:44 PM	3612068864	1013.00	26.38	27.59	105.6	27.22	27.59	97.4	27.41	27.59	95.7	26.98	27.59	99.7
17/06/2018 6:27:45 PM	3612068865	1013.00	26.36	27.59	105.8	27.26	27.59	97.1	27.42	27.59	95.6	27.00	27.59	99.5
17/06/2018 6:27:46 PM	3612068866	1013.00	26.35	27.59	105.9	27.26	27.59	97.1	27.42	27.59	95.6	27.03	27.59	99.2
17/06/2018 6:27:47 PM	3612068867	1013.00	26.40	27.59	105.4	27.25	27.59	97.2	27.41	27.59	95.7	27.01	27.59	99.4
17/06/2018 6:27:48 PM	3612068868	1013.00	26.35	27.59	105.9	27.26	27.59	97.1	27.40	27.59	95.8	27.02	27.59	99.3
17/06/2018 6:27:49 PM	3612068869	1013.00	26.31	27.59	106.3	27.28	27.59	96.9	27.41	27.59	95.7	27.03	27.59	99.2
17/06/2018 6:27:50 PM	3612068870	1013.00	26.37	27.59	105.7	27.24	27.59	97.2	27.39	27.59	95.9	27.02	27.59	99.3
17/06/2018 6:27:51 PM	3612068871	1013.00	26.41	27.58	105.3	27.28	27.58	96.9	27.42	27.58	95.6	27.05	27.58	99.0
17/06/2018 6:27:52 PM	3612068872	1013.00	26.34	27.59	106.0	27.29	27.59	96.8	27.40	27.59	95.8	26.99	27.59	99.6
17/06/2018 6:27:53 PM	3612068873	1013.00	26.38	27.59	105.6	27.24	27.59	97.2	27.40	27.59	95.8	27.03	27.59	99.2
17/06/2018 6:27:54 PM	3612068874	1013.00	26.31	27.60	106.3	27.25	27.60	97.1	27.40	27.60	95.8	27.01	27.60	99.4
17/06/2018 6:27:55 PM	3612068875	1013.00	26.32	27.60	106.2	27.28	27.60	96.9	27.41	27.60	95.7	27.01	27.60	99.4
17/06/2018 6:27:56 PM	3612068876	1013.00	26.40	27.60	105.4	27.27	27.60	97.0	27.43	27.60	95.5	27.03	27.60	99.2
17/06/2018 6:27:57 PM	3612068877	1013.00	26.40	27.59	105.4	27.26	27.59	97.1	27.39	27.59	95.9	27.02	27.59	99.3
17/06/2018 6:27:58 PM	3612068878	1013.00	26.40	27.59	105.4	27.29	27.59	96.8	27.40	27.59	95.8	27.06	27.59	98.9
17/06/2018 6:27:59 PM	3612068879	1013.00	26.38	27.59	105.6	27.27	27.59	97.0	27.40	27.59	95.8	27.04	27.59	99.1
17/06/2018 6:28:00 PM	3612068880	1013.00	26.36	27.59	105.8	27.28	27.59	96.9	27.40	27.59	95.8	27.04	27.59	99.1
17/06/2018 6:28:01 PM	3612068881	1013.00	26.35	27.59	105.9	27.32	27.59	96.5	27.41	27.59	95.7	27.02	27.59	99.3
17/06/2018 6:28:02 PM	3612068882	1013.00	26.37	27.59	105.7	27.34	27.59	96.3	27.43	27.59	95.5	27.06	27.59	98.9
17/06/2018 6:28:03 PM	3612068883	1013.00	26.27	27.59	106.7	27.30	27.59	96.7	27.42	27.59	95.6	27.06	27.59	98.9
17/06/2018 6:28:04 PM	3612068884	1013.00	26.34	27.59	106.0	27.29	27.59	96.8	27.42	27.59	95.6	27.03	27.59	99.2
17/06/2018 6:28:05 PM	3612068885	1013.00	26.30	27.59	106.4	27.31	27.59	96.6	27.42	27.59	95.6	27.05	27.59	99.0
17/06/2018 6:28:06 PM	3612068886	1013.00	26.27	27.59	106.7	27.33	27.59	96.4	27.44	27.59	95.4	27.04	27.59	99.1
17/06/2018 6:28:07 PM	3612068887	1013.00	26.35	27.58	105.9	27.31	27.58	96.6	27.42	27.58	95.6	27.06	27.58	98.9
17/06/2018 6:28:08 PM	3612068888	1013.00	26.32	27.59	106.2	27.26	27.59	97.1	27.44	27.59	95.4	27.07	27.59	98.8
17/06/2018 6:28:09 PM	3612068889	1013.00	26.37	27.59	105.7	27.33	27.59	96.4	27.44	27.59	95.4	27.10	27.59	98.5
17/06/2018 6:28:10 PM	3612068890	1013.00	26.37	27.59	105.7	27.31	27.59	96.6	27.47	27.59	95.2	27.07	27.59	98.8
17/06/2018 6:28:11 PM	3612068891	1013.00	26.43	27.59	105.1	27.33	27.59	96.4	27.48	27.59	95.1	27.07	27.59	98.8
17/06/2018 6:28:12 PM	3612068892	1013.00	26.39	27.59	105.5	27.33	27.59	96.4	27.49	27.59	95.0	27.09	27.59	98.6
17/06/2018 6:28:13 PM	3612068893	1013.00	26.35	27.59	105.9	27.32	27.59	96.5	27.49	27.59	95.0	27.10	27.59	98.5
17/06/2018 6:28:14 PM	3612068894	1013.00	26.30	27.59	106.4	27.34	27.59	96.3	27.49	27.59	95.0	27.08	27.59	98.7
17/06/2018 6:28:15 PM	3612068895	1013.00	26.32	27.59	106.2	27.32	27.59	96.5	27.51	27.59	94.8	27.11	27.59	98.5
17/06/2018 6:28:16 PM	3612068896	1013.00	26.32	27.59	106.2	27.32	27.59	96.5	27.52	27.59	94.7	27.11	27.59	98.5
17/06/2018 6:28:17 PM	3612068897	1013.00	26.37	27.59	105.7	27.36	27.59	96.2	27.53	27.59	94.6	27.11	27.59	98.5
17/06/2018 6:28:18 PM	3612068898	1013.00	26.34	27.59	106.0	27.31	27.59	96.6	27.52	27.59	94.7	27.13	27.59	98.3
17/06/2018 6:28:19 PM	3612068899	1013.00	26.31	27.59	106.3	27.36	27.59	96.2	27.52	27.59	94.7	27.13	27.59	98.3
17/06/2018 6:28:20 PM	3612068900	1013.00	26.40	27.59	105.4	27.36	27.59	96.2	27.54	27.59	94.5	27.10	27.59	98.5
17/06/2018 6:28:21 PM	3612068901	1013.00	26.34	27.60	106.0	27.36	27.60	96.1	27.56	27.60	94.3	27.13	27.60	98.3
17/06/2018 6:28:22 PM	3612068902	1013.00	26.42	27.59	105.2	27.34	27.59	96.3	27.56	27.59	94.4	27.10	27.59	98.5
17/06/2018 6:28:23 PM	3612068903	1013.00	26.39	27.60	105.5	27.38	27.60	96.0	27.53	27.60	94.6	27.15	27.60	98.1
17/06/2018 6:28:24 PM	3612068904	1013.00	26.40	27.60	105.4	27.36	27.60	96.1	27.57	27.60	94.3	27.12	27.60	98.3
17/06/2018 6:28:25 PM	3612068905	1013.00	26.32	27.60	106.2	27.39	27.60	95.9	27.58	27.60	94.2	27.13	27.60	98.3
17/06/2018 6:28:26 PM	3612068906	1013.00	26.37	27.60	105.7	27.36	27.60	96.1	27.60	27.60	94.0	27.14	27.60	98.2
17/06/2018 6:28:27 PM	3612068907	1013.00	26.33	27.60	106.1	27.40	27.60	95.8	27.60	27.60	94.0	27.14	27.60	98.2
17/06/2018 6:28:28 PM	3612068908	1013.00	26.38	27.60	105.6	27.42	27.60	95.6	27.61	27.60	93.9	27.16	27.60	98.0
17/06/2018 6:28:29 PM	3612068909	1013.00	26.39	27.60	105.5	27.42	27.60	95.6	27.61	27.60	93.9	27.11	27.60	98.4
17/06/2018 6:28:30 PM	3612068910	1013.00	26.40	27.60	105.4	27.42	27.60	95.6	27.62	27.60	93.8	27.15	27.60	98.1
17/06/2018 6:28:31 PM	3612068911	1013.00	26.33	27.60	106.1	27.41	27.60	95.7	27.63	27.60	93.7	27.15	27.60	98.1
17/06/2018 6:28:32 PM	3612068912	1013.00	26.33	27.60	106.1	27.39	27.60	95.9	27.66	27.60	93.5	27.13	27.60	98.3
17/06/2018 6:28:33 PM	3612068913	1013.00	26.31	27.60	106.3	27.40	27.60	95.8	27.65	27.60	93.6	27.16	27.60	98.0
17/06/2018 6:28:34 PM	3612068914	1013.00	26.38	27.60	105.6	27.42	27.60	95.6	27.67	27.60	93.4	27.15	27.60	98.1
17/06/2018 6:28:35 PM	3612068915	1013.00	26.37	27.60	105.7	27.39	27.60	95.9	27.66	27.60	93.5	27.15	27.60	98.1
17/06/2018 6:28:36 PM	3612068916	1013.00	26.30	27.60	106.4	27.39	27.60	95.9	27.69	27.60	93.2	27.13	27.60	98.3
17/06/2018 6:28:37 PM	3612068917	1013.00	26.33	27.61	106.0	27.42	27.61	95.6	27.68	27.61	93.3	27.15	27.61	98.0
17/06/2018 6:28:38 PM	3612068918	1013.00	26.36	27.61	105.7	27.40	27.61	95.8	27.68	27.61	93.3	27.15	27.61	98.0
17/06/2018 6:28:39 PM	3612068919	1013.00	26.33	27.61	106.0	27.41	27.61	95.7	27.70	27.61	93.1	27.15	27.61	98.0
17/06/2018 6:28:40 PM	3612068920	1013.00	26.39	27.61	105.4	27.47	27.61	95.1	27.69	27.61	93.2	27.14	27.61	98.1
17/06/2018 6:28:41 PM	3612068921	1013.00	26.34	27.61	105.9	27.43	27.61	95.5	27.71	27.61	93.0	27.14	27.61	98.1
17/06/2018 6:28:42 PM	3612068922	1013.00	26.35	27.61	105.8	27.43	27.61	95.5	27.67	27.61	93.4	27.16	27.61	98.0
17/06/2018 6:28:43 PM	3612068923	1013.00	26.33	27.61	106.0	27.43	27.61	95.5	27.71	27.61	93.0	27.15	27.61	98.0
17/06/2018 6:28:44 PM	3612068924	1013.00	26.38	27.61	105.5	27.46	27.61	95.2	27.70	27.61	93.1	27.16	27.61	98.0
17/06/2018 6:28:45 PM	3612068925	1013.00	26.36	27.61	105.7	27.48	27.61	95.0	27.71	27.61	93.0	27.14	27.61	98.1
17/06/2018 6:28:46 PM	3612068926	1013.00	26.35	27.61	105.8	27.48	27.61	95.0	27.73	27.61	92.8	27.13	27.61	98.2
17/06/2018 6:28:47 PM	3612068927	1013.00	26.35	27.61	105.8	27.46	27.61	95.2	27.71	27.61	93.0	27.15	27.61	98.0
17/06/2018 6:28:48 PM	3612068928	1013.00	26.31	27.61	106.3	27.47	27.61	95.1	27.72	27.61	92.9	27.17	27.61	97.9
17/06/2018 6:28:49 PM	3612068929	1013.00	26.38	27.62	105.5	27.48	27.62	95.0	27.71	27.62	93.0	27.15	27.62	98.0
17/06/2018 6:28:50 PM	3612068930	1013.00	26.31	27.62	106.2	27.50	27.62	94.8	27.75	27.62	92.6	27.20	27.62	97.6
17/06/2018 6:28:51 PM	3612068931	1013.00	26.38	27.62	105.5	27.53	27.62	94.6	27.73	27.62	92.8	27.17	27.62	97.8
17/06/2018 6:28:52 PM	3612068932	1013.00	26.40	27.61	105.3	27.50	27.61	94.9	27.75	27.61	92.7	27.16	27.61	98.0
17/06/2018 6:28:53 PM	3612068933	1013.00	26.30	27.61	106.4	27.49	27.61	95.0	27.76	27.61	92.6	27.17	27.61	97.9
17/06/2018 6:28:54 PM	3612068934	1013.00	26.37	27.61	105.6	27.51	27.61	94.8	27.76	27.61	92.6	27.16	27.61	98.0
17/06/2018 6:28:55 PM	3612068935	1013.00	26.35	27.61	105.8	27.52	27.61	94.7	27.74	27.61	92.7	27.16	27.61	98.0
17/06/2018 6:28:56 PM	3612068936	1013.00	26.37	27.61	105.6	27.49	27.61	95.0	27.77	27.61	92.5	27.17	27.61	97.9
17/06/2018 6:28:57 PM	3612068937	1013.00	26.34	27.61	105.9	27.52	27.61	94.7	27.79	27.61	92.3	27.19	27.61	97.7
17/06/2018 6:28:58 PM	3612068938	1013.00	26.41	27.61	105.2	27.52	27.61	94.7	27.76	27.61	92.6	27.15	27.61	98.0
17/06/2018 6:28:59 PM	3612068939	1013.00	26.38	27.61	105.5	27.51	27.61	94.8	27.81	27.61	92.1	27.18	27.61	97.8
17/06/2018 6:29:00 PM	3612068940	1013.00	26.38	27.62	105.5	27.51	27.62	94.8	27.82	27.62	92.0	27.19	27.62	97.7
17/06/2018 6:29:01 PM	3612068941	1013.00	26.33	27.62	106.0	27.52	27.62	94.7	27.80	27.62	92.2	27.18	27.62	97.8
17/06/2018 6:29:02 PM	3612068942	1013.00	26.38	27.62	105.5	27.52	27.62	94.7	27.86	27.62	91.7	27.17	27.62	97.8
17/06/2018 6:29:03 PM	3612068943	1013.00	26.34	27.62	105.9	27.49	27.62	94.9	27.83	27.62	92.0	27.20	27.62	97.6
17/06/2018 6:29:04 PM	3612068944	1013.00	26.27	27.62	106.6	27.55	27.62	94.4	27.87	27.62	91.6	27.17	27.62	97.8
17/06/2018 6:29:05 PM	3612068945	1013.00	26.40	27.61	105.3	27.51	27.61	94.8	27.89	27.61	91.5	27.18	27.61	97.8
17/06/2018 6:29:06 PM	3612068946	1013.00	26.30	27.61	106.4	27.51	27.61	94.8	27.87	27.61	91.6	27.18	27.61	97.8
17/06/2018 6:29:07 PM	3612068947	1013.00	26.36	27.61	105.7	27.54	27.61	94.5	27.87	27.61	91.6	27.20	27.61	97.6
17/06/2018 6:29:08 PM	3612068948	1013.00	26.36	27.61	105.7	27.53	27.61	94.6	27.88	27.61	91.5	27.21	27.61	97.5
17/06/2018 6:29:09 PM	3612068949	1013.00	26.37	27.61	105.6	27.52	27.61	94.7	27.90	27.61	91.4	27.21	27.61	97.5
17/06/2018 6:29:10 PM	3612068950	1013.00	26.36	27.61	105.7	27.53	27.61	94.6	27.92	27.61	91.2	27.22	27.61	97.4
17/06/2018 6:29:11 PM	3612068951	1013.00	26.27	27.61	106.7	27.52	27.61	94.7	27.92	27.61	91.2	27.20	27.61	97.6
17/06/2018 6:29:12 PM	3612068952	1013.00	26.29	27.61	106.5	27.55	27.61	94.4	27.91	27.61	91.3	27.20	27.61	97.6
17/06/2018 6:29:13 PM	3612068953	1013.00	26.34	27.61	105.9	27.56	27.61	94.3	27.91	27.61	91.3	27.22	27.61	97.4
17/06/2018 6:29:14 PM	3612068954	1013.00	26.33	27.61	106.0	27.55	27.61	94.4	27.92	27.61	91.2	27.19	27.61	97.7
17/06/2018 6:29:15 PM	3612068955	1013.00	26.32	27.61	106.2	27.55	27.61	94.4	27.92	27.61	91.2	27.19	27.61	97.7
17/06/2018 6:29:16 PM	3612068956	1013.00	26.38	27.61	105.5	27.56	27.61	94.3	27.93	27.61	91.1	27.23	27.61	97.3
17/06/2018 6:29:17 PM	3612068957	1013.00	26.33	27.61	106.0	27.58	27.61	94.2	27.93	27.61	91.1	27.21	27.61	97.5
17/06/2018 6:29:18 PM	3612068958	1013.00	26.31	27.61	106.3	27.57	27.61	94.2	27.93	27.61	91.1	27.19	27.61	97.7
17/06/2018 6:29:19 PM	3612068959	1013.00	26.39	27.61	105.4	27.55	27.61	94.4	27.95	27.61	90.9	27.23	27.61	97.3
17/06/2018 6:29:20 PM	3612068960	1013.00	26.45	27.61	104.8	27.55	27.61	94.4	27.93	27.61	91.1	27.25	27.61	97.1
17/06/2018 6:29:21 PM	3612068961	1013.00	26.35	27.61	105.8	27.56	27.61	94.3	27.93	27.61	91.1	27.24	27.61	97.2
17/06/2018 6:29:22 PM	3612068962	1013.00	26.40	27.61	105.3	27.57	27.61	94.2	27.95	27.61	90.9	27.27	27.61	96.9
17/06/2018 6:29:23 PM	3612068963	1013.00	26.30	27.60	106.4	27.55	27.60	94.4	27.96	27.60	90.9	27.23	27.60	97.3
17/06/2018 6:29:24 PM	3612068964	1013.00	26.39	27.60	105.5	27.61	27.60	93.9	27.96	27.60	90.9	27.25	27.60	97.1
17/06/2018 6:29:25 PM	3612068965	1013.00	26.33	27.60	106.1	27.58	27.60	94.2	27.94	27.60	91.0	27.23	27.60	97.3
17/06/2018 6:29:26 PM	3612068966	1013.00	26.37	27.60	105.7	27.62	27.60	93.8	27.96	27.60	90.9	27.28	27.60	96.9
17/06/2018 6:29:27 PM	3612068967	1013.00	26.39	27.60	105.5	27.62	27.60	93.8	27.98	27.60	90.7	27.25	27.60	97.1
17/06/2018 6:29:28 PM	3612068968	1013.00	26.37	27.61	105.6	27.63	27.61	93.7	27.94	27.61	91.0	27.27	27.61	96.9
17/06/2018 6:29:29 PM	3612068969	1013.00	26.38	27.60	105.6	27.64	27.60	93.6	27.99	27.60	90.6	27.26	27.60	97.0
17/06/2018 6:29:30 PM	3612068970	1013.00	26.35	27.60	105.9	27.63	27.60	93.7	27.97	27.60	90.8	27.28	27.60	96.9
17/06/2018 6:29:31 PM	3612068971	1013.00	26.36	27.61	105.7	27.62	27.61	93.8	27.97	27.61	90.8	27.26	27.61	97.0
17/06/2018 6:29:32 PM	3612068972	1013.00	26.38	27.61	105.5	27.64	27.61	93.6	28.00	27.61	90.5	27.25	27.61	97.1
17/06/2018 6:29:33 PM	3612068973	1013.00	26.34	27.61	105.9	27.65	27.61	93.5	27.99	27.61	90.6	27.28	27.61	96.8
17/06/2018 6:29:34 PM	3612068974	1013.00	26.39	27.61	105.4	27.64	27.61	93.6	27.98	27.61	90.7	27.25	27.61	97.1
17/06/2018 6:29:35 PM	3612068975	1013.00	26.37	27.61	105.6	27.67	27.61	93.4	27.98	27.61	90.7	27.28	27.61	96.8
17/06/2018 6:29:36 PM	3612068976	1013.00	26.33	27.60	106.1	27.68	27.60	93.3	28.00	27.60	90.5	27.28	27.60	96.9
17/06/2018 6:29:37 PM	3612068977	1013.00	26.32	27.60	106.2	27.68	27.60	93.3	28.01	27.60	90.5	27.28	27.60	96.9
17/06/2018 6:29:38 PM	3612068978	1013.00	26.30	27.60	106.4	27.67	27.60	93.4	28.01	27.60	90.5	27.29	27.60	96.8
17/06/2018 6:29:39 PM	3612068979	1013.00	26.43	27.60	105.0	27.69	27.60	93.2	27.99	27.60	90.6	27.30	27.60	96.7
17/06/2018 6:29:40 PM	3612068980	1013.00	26.35	27.60	105.9	27.69	27.60	93.2	28.02	27.60	90.4	27.30	27.60	96.7
17/06/2018 6:29:41 PM	3612068981	1013.00	26.43	27.60	105.0	27.65	27.60	93.6	28.03	27.60	90.3	27.29	27.60	96.8
17/06/2018 6:29:42 PM	3612068982	1013.00	26.40	27.60	105.4	27.67	27.60	93.4	28.03	27.60	90.3	27.31	27.60	96.6
17/06/2018 6:29:43 PM	3612068983	1013.00	26.35	27.60	105.9	27.67	27.60	93.4	28.04	27.60	90.2	27.29	27.60	96.8
17/06/2018 6:29:44 PM	3612068984	1013.00	26.38	27.60	105.6	27.69	27.60	93.2	28.03	27.60	90.3	27.30	27.60	96.7
17/06/2018 6:29:45 PM	3612068985	1013.00	26.40	27.60	105.4	27.72	27.60	92.9	28.05	27.60	90.1	27.32	27.60	96.5
17/06/2018 6:29:46 PM	3612068986	1013.00	26.38	27.60	105.6	27.71	27.60	93.0	28.03	27.60	90.3	27.30	27.60	96.7
17/06/2018 6:29:47 PM	3612068987	1013.00	26.35	27.60	105.9	27.66	27.60	93.5	28.03	27.60	90.3	27.29	27.60	96.8
17/06/2018 6:29:48 PM	3612068988	1013.00	26.34	27.60	106.0	27.71	27.60	93.0	28.07	27.60	90.0	27.32	27.60	96.5
17/06/2018 6:29:49 PM	3612068989	1013.00	26.39	27.60	105.5	27.72	27.60	92.9	28.07	27.60	90.0	27.30	27.60	96.7
17/06/2018 6:29:50 PM	3612068990	1013.00	26.30	27.59	106.4	27.73	27.59	92.9	28.07	27.59	90.0	27.34	27.59	96.3
17/06/2018 6:29:51 PM	3612068991	1013.00	26.37	27.59	105.7	27.74	27.59	92.8	28.09	27.59	89.8	27.32	27.59	96.5
17/06/2018 6:29:52 PM	3612068992	1013.00	26.30	27.59	106.4	27.73	27.59	92.9	28.08	27.59	89.9	27.34	27.59	96.3
17/06/2018 6:29:53 PM	3612068993	1013.00	26.41	27.60	105.3	27.74	27.60	92.8	28.10	27.60	89.7	27.34	27.60	96.3
17/06/2018 6:29:54 PM	3612068994	1013.00	26.42	27.60	105.2	27.75	27.60	92.7	28.12	27.60	89.5	27.36	27.60	96.1
17/06/2018 6:29:55 PM	3612068995	1013.00	26.32	27.60	106.2	27.73	27.60	92.9	28.11	27.60	89.6	27.35	27.60	96.2
17/06/2018 6:29:56 PM	3612068996	1013.00	26.37	27.60	105.7	27.73	27.60	92.9	28.11	27.60	89.6	27.37	27.60	96.0
17/06/2018 6:29:57 PM	3612068997	1013.00	26.31	27.60	106.3	27.72	27.60	92.9	28.11	27.60	89.6	27.36	27.60	96.1
17/06/2018 6:29:58 PM	3612068998	1013.00	26.36	27.60	105.8	27.77	27.60	92.5	28.11	27.60	89.6	27.37	27.60	96.0
17/06/2018 6:29:59 PM	3612068999	1013.00	26.41	27.60	105.3	27.73	27.60	92.9	28.13	27.60	89.5	27.34	27.60	96.3
17/06/2018 6:30:00 PM	3612069000	1013.00	26.32	27.60	106.2	27.76	27.60	92.6	28.10	27.60	89.7	27.35	27.60	96.2
17/06/2018 6:30:01 PM	3612069001	1013.00	26.39	27.60	105.5	27.78	27.60	92.4	28.12	27.60	89.5	27.37	27.60	96.0
17/06/2018 6:30:02 PM	3612069002	1013.00	26.30	27.60	106.4	27.80	27.60	92.2	28.14	27.60	89.4	27.34	27.60	96.3
17/06/2018 6:30:03 PM	3612069003	1013.00	26.42	27.60	105.2	27.80	27.60	92.2	28.14	27.60	89.4	27.35	27.60	96.2
17/06/2018 6:30:04 PM	3612069004	1013.00	26.35	27.60	105.9	27.78	27.60	92.4	28.14	27.60	89.4	27.35	27.60	96.2
17/06/2018 6:30:05 PM	3612069005	1013.00	26.31	27.60	106.3	27.84	27.60	91.9	28.16	27.60	89.2	27.39	27.60	95.9
17/06/2018 6:30:06 PM	3612069006	1013.00	26.28	27.60	106.6	27.85	27.60	91.8	28.16	27.60	89.2	27.37	27.60	96.0
17/06/2018 6:30:07 PM	3612069007	1013.00	26.34	27.60	106.0	27.84	27.60	91.9	28.15	27.60	89.3	27.36	27.60	96.1
17/06/2018 6:30:08 PM	3612069008	1013.00	26.36	27.60	105.8	27.84	27.60	91.9	28.19	27.60	89.0	27.39	27.60	95.9
17/06/2018 6:30:09 PM	3612069009	1013.00	26.46	27.61	104.7	27.85	27.61	91.8	28.15	27.61	89.3	27.35	27.61	96.2
17/06/2018 6:30:10 PM	3612069010	1013.00	26.37	27.61	105.6	27.85	27.61	91.8	28.17	27.61	89.1	27.37	27.61	96.0
17/06/2018 6:30:11 PM	3612069011	1013.00	26.45	27.61	104.8	27.84	27.61	91.9	28.17	27.61	89.1	27.40	27.61	95.8
17/06/2018 6:30:12 PM	3612069012	1013.00	26.38	27.61	105.5	27.83	27.61	92.0	28.18	27.61	89.0	27.38	27.61	95.9
17/06/2018 6:30:13 PM	3612069013	1013.00	26.30	27.62	106.3	27.86	27.62	91.7	28.18	27.62	89.0	27.36	27.62	96.1
17/06/2018 6:30:14 PM	3612069014	1013.00	26.40	27.62	105.3	27.81	27.62	92.1	28.15	27.62	89.3	27.37	27.62	96.0
17/06/2018 6:30:15 PM	3612069015	1013.00	26.35	27.62	105.8	27.87	27.62	91.6	28.18	27.62	89.0	27.37	27.62	96.0
17/06/2018 6:30:16 PM	3612069016	1013.00	26.34	27.62	105.9	27.87	27.62	91.6	28.20	27.62	88.8	27.40	27.62	95.7
17/06/2018 6:30:17 PM	3612069017	1013.00	26.35	27.62	105.8	27.87	27.62	91.6	28.19	27.62	88.9	27.39	27.62	95.8
17/06/2018 6:30:18 PM	3612069018	1013.00	26.42	27.62	105.1	27.89	27.62	91.4	28.18	27.62	89.0	27.38	27.62	95.9
17/06/2018 6:30:19 PM	3612069019	1013.00	26.31	27.62	106.2	27.88	27.62	91.5	28.19	27.62	88.9	27.42	27.62	95.6
17/06/2018 6:30:20 PM	3612069020	1013.00	26.45	27.62	104.8	27.89	27.62	91.4	28.22	27.62	88.7	27.40	27.62	95.7
17/06/2018 6:30:21 PM	3612069021	1013.00	26.30	27.62	106.3	27.90	27.62	91.4	28.18	27.62	89.0	27.39	27.62	95.8
17/06/2018 6:30:22 PM	3612069022	1013.00	26.36	27.62	105.7	27.88	27.62	91.5	28.19	27.62	88.9	27.42	27.62	95.6
17/06/2018 6:30:23 PM	3612069023	1013.00	26.36	27.63	105.7	27.92	27.63	91.2	28.19	27.63	88.9	27.42	27.63	95.5
17/06/2018 6:30:24 PM	3612069024	1013.00	26.36	27.63	105.7	27.90	27.63	91.3	28.21	27.63	88.7	27.39	27.63	95.8
17/06/2018 6:30:25 PM	3612069025	1013.00	26.39	27.63	105.4	27.94	27.63	91.0	28.21	27.63	88.7	27.41	27.63	95.6
17/06/2018 6:30:26 PM	3612069026	1013.00	26.39	27.63	105.4	27.92	27.63	91.2	28.20	27.63	88.8	27.44	27.63	95.4
17/06/2018 6:30:27 PM	3612069027	1013.00	26.33	27.63	106.0	27.95	27.63	90.9	28.19	27.63	88.9	27.41	27.63	95.6
17/06/2018 6:30:28 PM	3612069028	1013.00	26.37	27.63	105.6	27.93	27.63	91.1	28.22	27.63	88.7	27.43	27.63	95.5
17/06/2018 6:30:29 PM	3612069029	1013.00	26.35	27.62	105.8	27.97	27.62	90.8	28.22	27.62	88.7	27.43	27.62	95.5
17/06/2018 6:30:30 PM	3612069030	1013.00	26.39	27.63	105.4	27.97	27.63	90.7	28.21	27.63	88.7	27.45	27.63	95.3
17/06/2018 6:30:31 PM	3612069031	1013.00	26.37	27.63	105.6	27.94	27.63	91.0	28.22	27.63	88.7	27.44	27.63	95.4
17/06/2018 6:30:32 PM	3612069032	1013.00	26.30	27.62	106.3	27.98	27.62	90.7	28.22	27.62	88.7	27.46	27.62	95.2
17/06/2018 6:30:33 PM	3612069033	1013.00	26.40	27.62	105.3	27.99	27.62	90.6	28.25	27.62	88.4	27.45	27.62	95.3
17/06/2018 6:30:34 PM	3612069034	1013.00	26.45	27.63	104.8	27.97	27.63	90.7	28.25	27.63	88.4	27.45	27.63	95.3
17/06/2018 6:30:35 PM	3612069035	1013.00	26.43	27.63	105.0	27.99	27.63	90.6	28.23	27.63	88.6	27.45	27.63	95.3
17/06/2018 6:30:36 PM	3612069036	1013.00	26.41	27.62	105.2	28.00	27.62	90.5	28.24	27.62	88.5	27.44	27.62	95.4
17/06/2018 6:30:37 PM	3612069037	1013.00	26.32	27.62	106.1	27.98	27.62	90.7	28.22	27.62	88.7	27.48	27.62	95.0
17/06/2018 6:30:38 PM	3612069038	1013.00	26.36	27.62	105.7	27.98	27.62	90.7	28.23	27.62	88.6	27.45	27.62	95.3
17/06/2018 6:30:39 PM	3612069039	1013.00	26.37	27.62	105.6	27.98	27.62	90.7	28.23	27.62	88.6	27.47	27.62	95.1
17/06/2018 6:30:40 PM	3612069040	1013.00	26.38	27.62	105.5	27.98	27.62	90.7	28.25	27.62	88.4	27.46	27.62	95.2
17/06/2018 6:30:41 PM	3612069041	1013.00	26.36	27.63	105.7	27.95	27.63	90.9	28.23	27.63	88.6	27.46	27.63	95.2
17/06/2018 6:30:42 PM	3612069042	1013.00	26.33	27.63	106.0	27.97	27.63	90.7	28.24	27.63	88.5	27.48	27.63	95.0
17/06/2018 6:30:43 PM	3612069043	1013.00	26.41	27.63	105.2	27.99	27.63	90.6	28.21	27.63	88.7	27.49	27.63	94.9
17/06/2018 6:30:44 PM	3612069044	1013.00	26.42	27.63	105.1	28.00	27.63	90.5	28.25	27.63	88.4	27.48	27.63	95.0
17/06/2018 6:30:45 PM	3612069045	1013.00	26.35	27.64	105.8	27.98	27.64	90.6	28.24	27.64	88.5	27.48	27.64	95.0
17/06/2018 6:30:46 PM	3612069046	1013.00	26.32	27.63	106.1	28.01	27.63	90.4	28.29	27.63	88.1	27.50	27.63	94.8
17/06/2018 6:30:47 PM	3612069047	1013.00	26.37	27.64	105.6	28.00	27.64	90.5	28.28	27.64	88.2	27.50	27.64	94.8
17/06/2018 6:30:48 PM	3612069048	1013.00	26.31	27.64	106.2	28.01	27.64	90.4	28.27	27.64	88.2	27.52	27.64	94.6
17/06/2018 6:30:49 PM	3612069049	1013.00	26.37	27.64	105.6	28.03	27.64	90.2	28.30	27.64	88.0	27.51	27.64	94.7
17/06/2018 6:30:50 PM	3612069050	1013.00	26.34	27.64	105.9	28.02	27.64	90.3	28.30	27.64	88.0	27.52	27.64	94.6
17/06/2018 6:30:51 PM	3612069051	1013.00	26.42	27.64	105.1	28.04	27.64	90.1	28.30	27.64	88.0	27.51	27.64	94.7
17/06/2018 6:30:52 PM	3612069052	1013.00	26.41	27.64	105.2	28.04	27.64	90.1	28.34	27.64	87.7	27.54	27.64	94.5
17/06/2018 6:30:53 PM	3612069053	1013.00	26.34	27.64	105.9	28.03	27.64	90.2	28.32	27.64	87.8	27.54	27.64	94.5
17/06/2018 6:30:54 PM	3612069054	1013.00	26.42	27.64	105.1	28.04	27.64	90.1	28.35	27.64	87.6	27.52	27.64	94.6
17/06/2018 6:30:55 PM	3612069055	1013.00	26.34	27.64	105.9	28.06	27.64	90.0	28.36	27.64	87.5	27.54	27.64	94.5
17/06/2018 6:30:56 PM	3612069056	1013.00	26.39	27.64	105.4	28.08	27.64	89.8	28.33	27.64	87.8	27.57	27.64	94.2
17/06/2018 6:30:57 PM	3612069057	1013.00	26.33	27.64	106.0	28.09	27.64	89.7	28.35	27.64	87.6	27.54	27.64	94.5
17/06/2018 6:30:58 PM	3612069058	1013.00	26.40	27.64	105.3	28.09	27.64	89.7	28.37	27.64	87.4	27.56	27.64	94.3
17/06/2018 6:30:59 PM	3612069059	1013.00	26.33	27.64	106.0	28.11	27.64	89.6	28.39	27.64	87.3	27.56	27.64	94.3
17/06/2018 6:31:00 PM	3612069060	1013.00	26.36	27.64	105.7	28.11	27.64	89.6	28.42	27.64	87.0	27.56	27.64	94.3
17/06/2018 6:31:01 PM	3612069061	1013.00	26.34	27.64	105.9	28.12	27.64	89.5	28.42	27.64	87.0	27.55	27.64	94.4
17/06/2018 6:31:02 PM	3612069062	1013.00	26.38	27.64	105.5	28.10	27.64	89.6	28.44	27.64	86.9	27.60	27.64	93.9
17/06/2018 6:31:03 PM	3612069063	1013.00	26.42	27.64	105.1	28.13	27.64	89.4	28.43	27.64	86.9	27.59	27.64	94.0
17/06/2018 6:31:04 PM	3612069064	1013.00	26.39	27.64	105.4	28.10	27.64	89.6	28.45	27.64	86.8	27.61	27.64	93.8
17/06/2018 6:31:05 PM	3612069065	1013.00	26.25	27.65	106.8	28.15	27.65	89.2	28.47	27.65	86.6	27.60	27.65	93.9
17/06/2018 6:31:06 PM	3612069066	1013.00	26.32	27.65	106.1	28.14	27.65	89.3	28.47	27.65	86.6	27.58	27.65	94.1
17/06/2018 6:31:07 PM	3612069067	1013.00	26.36	27.64	105.7	28.14	27.64	89.3	28.47	27.64	86.6	27.59	27.64	94.0
17/06/2018 6:31:08 PM	3612069068	1013.00	26.37	27.65	105.6	28.15	27.65	89.2	28.47	27.65	86.6	27.62	27.65	93.7
17/06/2018 6:31:09 PM	3612069069	1013.00	26.36	27.65	105.7	28.15	27.65	89.2	28.51	27.65	86.3	27.60	27.65	93.9
17/06/2018 6:31:10 PM	3612069070	1013.00	26.30	27.65	106.3	28.21	27.65	88.7	28.52	27.65	86.2	27.62	27.65	93.7
17/06/2018 6:31:11 PM	3612069071	1013.00	26.35	27.65	105.8	28.15	27.65	89.2	28.55	27.65	86.0	27.64	27.65	93.6
17/06/2018 6:31:12 PM	3612069072	1013.00	26.35	27.65	105.8	28.17	27.65	89.0	28.52	27.65	86.2	27.59	27.65	94.0
17/06/2018 6:31:13 PM	3612069073	1013.00	26.37	27.65	105.6	28.19	27.65	88.9	28.53	27.65	86.1	27.59	27.65	94.0
17/06/2018 6:31:14 PM	3612069074	1013.00	26.32	27.65	106.1	28.17	27.65	89.0	28.56	27.65	85.9	27.62	27.65	93.7
17/06/2018 6:31:15 PM	3612069075	1013.00	26.31	27.65	106.2	28.18	27.65	89.0	28.56	27.65	85.9	27.60	27.65	93.9
17/06/2018 6:31:16 PM	3612069076	1013.00	26.37	27.65	105.6	28.19	27.65	88.9	28.58	27.65	85.7	27.64	27.65	93.6
17/06/2018 6:31:17 PM	3612069077	1013.00	26.40	27.64	105.3	28.22	27.64	88.7	28.59	27.64	85.7	27.64	27.64	93.6
17/06/2018 6:31:18 PM	3612069078	1013.00	26.36	27.64	105.7	28.22	27.64	88.7	28.59	27.64	85.7	27.63	27.64	93.7
17/06/2018 6:31:19 PM	3612069079	1013.00	26.36	27.65	105.7	28.23	27.65	88.6	28.60	27.65	85.6	27.65	27.65	93.5
17/06/2018 6:31:20 PM	3612069080	1013.00	26.40	27.65	105.3	28.22	27.65	88.6	28.64	27.65	85.3	27.62	27.65	93.7
17/06/2018 6:31:21 PM	3612069081	1013.00	26.40	27.65	105.3	28.22	27.65	88.6	28.63	27.65	85.3	27.66	27.65	93.4
17/06/2018 6:31:22 PM	3612069082	1013.00	26.39	27.65	105.4	28.25	27.65	88.4	28.68	27.65	85.0	27.65	27.65	93.5
17/06/2018 6:31:23 PM	3612069083	1013.00	26.44	27.65	104.9	28.24	27.65	88.5	28.67	27.65	85.0	27.67	27.65	93.3
17/06/2018 6:31:24 PM	3612069084	1013.00	26.37	27.65	105.6	28.23	27.65	88.6	28.66	27.65	85.1	27.66	27.65	93.4
17/06/2018 6:31:25 PM	3612069085	1013.00	26.35	27.65	105.8	28.24	27.65	88.5	28.68	27.65	85.0	27.67	27.65	93.3
17/06/2018 6:31:26 PM	3612069086	1013.00	26.36	27.65	105.7	28.26	27.65	88.3	28.71	27.65	84.7	27.67	27.65	93.3
17/06/2018 6:31:27 PM	3612069087	1013.00	26.38	27.65	105.5	28.26	27.65	88.3	28.71	27.65	84.7	27.69	27.65	93.1
17/06/2018 6:31:28 PM	3612069088	1013.00	26.42	27.65	105.1	28.25	27.65	88.4	28.71	27.65	84.7	27.69	27.65	93.1
17/06/2018 6:31:29 PM	3612069089	1013.00	26.38	27.65	105.5	28.27	27.65	88.2	28.73	27.65	84.6	27.68	27.65	93.2
17/06/2018 6:31:30 PM	3612069090	1013.00	26.34	27.65	105.9	28.24	27.65	88.5	28.74	27.65	84.5	27.70	27.65	93.0
17/06/2018 6:31:31 PM	3612069091	1013.00	26.32	27.65	106.1	28.31	27.65	87.9	28.77	27.65	84.3	27.68	27.65	93.2
17/06/2018 6:31:32 PM	3612069092	1013.00	26.37	27.65	105.6	28.28	27.65	88.1	28.77	27.65	84.3	27.73	27.65	92.8
17/06/2018 6:31:33 PM	3612069093	1013.00	26.38	27.65	105.5	28.27	27.65	88.2	28.77	27.65	84.3	27.72	27.65	92.9
17/06/2018 6:31:34 PM	3612069094	1013.00	26.34	27.65	105.9	28.27	27.65	88.2	28.77	27.65	84.3	27.74	27.65	92.7
17/06/2018 6:31:35 PM	3612069095	1013.00	26.33	27.65	106.0	28.29	27.65	88.1	28.79	27.65	84.1	27.72	27.65	92.9
17/06/2018 6:31:36 PM	3612069096	1013.00	26.36	27.66	105.7	28.33	27.66	87.7	28.76	27.66	84.3	27.74	27.66	92.7
17/06/2018 6:31:37 PM	3612069097	1013.00	26.32	27.66	106.1	28.29	27.66	88.0	28.79	27.66	84.1	27.73	27.66	92.8
17/06/2018 6:31:38 PM	3612069098	1013.00	26.36	27.66	105.7	28.31	27.66	87.9	28.80	27.66	84.0	27.73	27.66	92.8
17/06/2018 6:31:39 PM	3612069099	1013.00	26.35	27.66	105.8	28.30	27.66	88.0	28.78	27.66	84.2	27.73	27.66	92.8
17/06/2018 6:31:40 PM	3612069100	1013.00	26.32	27.66	106.1	28.31	27.66	87.9	28.84	27.66	83.7	27.74	27.66	92.7
17/06/2018 6:31:41 PM	3612069101	1013.00	26.36	27.66	105.7	28.33	27.66	87.7	28.82	27.66	83.9	27.75	27.66	92.6
17/06/2018 6:31:42 PM	3612069102	1013.00	26.39	27.66	105.3	28.33	27.66	87.7	28.82	27.66	83.9	27.76	27.66	92.5
17/06/2018 6:31:43 PM	3612069103	1013.00	26.38	27.66	105.4	28.32	27.66	87.8	28.84	27.66	83.7	27.73	27.66	92.8
17/06/2018 6:31:44 PM	3612069104	1013.00	26.41	27.66	105.1	28.34	27.66	87.6	28.89	27.66	83.3	27.76	27.66	92.5
17/06/2018 6:31:45 PM	3612069105	1013.00	26.35	27.67	105.7	28.34	27.67	87.6	28.91	27.67	83.2	27.77	27.67	92.4
17/06/2018 6:31:46 PM	3612069106	1013.00	26.35	27.66	105.8	28.34	27.66	87.6	28.91	27.66	83.2	27.77	27.66	92.4
17/06/2018 6:31:47 PM	3612069107	1013.00	26.47	27.66	104.5	28.37	27.66	87.4	28.92	27.66	83.1	27.78	27.66	92.3
17/06/2018 6:31:48 PM	3612069108	1013.00	26.40	27.66	105.2	28.36	27.66	87.5	28.93	27.66	83.0	27.75	27.66	92.6
17/06/2018 6:31:49 PM	3612069109	1013.00	26.34	27.65	105.9	28.36	27.65	87.5	28.91	27.65	83.2	27.78	27.65	92.3
17/06/2018 6:31:50 PM	3612069110	1013.00	26.31	27.65	106.2	28.37	27.65	87.4	28.94	27.65	83.0	27.80	27.65	92.2
17/06/2018 6:31:51 PM	3612069111	1013.00	26.33	27.65	106.0	28.38	27.65	87.3	28.96	27.65	82.8	27.78	27.65	92.3
17/06/2018 6:31:52 PM	3612069112	1013.00	26.34	27.65	105.9	28.38	27.65	87.3	28.94	27.65	83.0	27.78	27.65	92.3
17/06/2018 6:31:53 PM	3612069113	1013.00	26.42	27.65	105.1	28.37	27.65	87.4	28.94	27.65	83.0	27.80	27.65	92.2
17/06/2018 6:31:54 PM	3612069114	1013.00	26.38	27.65	105.5	28.37	27.65	87.4	28.95	27.65	82.9	27.79	27.65	92.3
17/06/2018 6:31:55 PM	3612069115	1013.00	26.43	27.65	105.0	28.40	27.65	87.2	28.95	27.65	82.9	27.78	27.65	92.3
17/06/2018 6:31:56 PM	3612069116	1013.00	26.38	27.65	105.5	28.40	27.65	87.2	28.97	27.65	82.7	27.81	27.65	92.1
17/06/2018 6:31:57 PM	3612069117	1013.00	26.27	27.65	106.6	28.39	27.65	87.3	28.99	27.65	82.6	27.81	27.65	92.1
17/06/2018 6:31:58 PM	3612069118	1013.00	26.42	27.65	105.1	28.42	27.65	87.0	28.98	27.65	82.7	27.81	27.65	92.1
17/06/2018 6:31:59 PM	3612069119	1013.00	26.44	27.65	104.9	28.41	27.65	87.1	28.98	27.65	82.7	27.81	27.65	92.1
17/06/2018 6:32:00 PM	3612069120	1013.00	26.38	27.65	105.5	28.43	27.65	86.9	28.99	27.65	82.6	27.83	27.65	91.9
17/06/2018 6:32:01 PM	3612069121	1013.00	26.32	27.65	106.1	28.40	27.65	87.2	28.99	27.65	82.6	27.80	27.65	92.2
17/06/2018 6:32:02 PM	3612069122	1013.00	26.39	27.65	105.4	28.43	27.65	86.9	29.03	27.65	82.3	27.82	27.65	92.0
17/06/2018 6:32:03 PM	3612069123	1013.00	26.34	27.65	105.9	28.42	27.65	87.0	29.01	27.65	82.4	27.85	27.65	91.7
17/06/2018 6:32:04 PM	3612069124	1013.00	26.38	27.65	105.5	28.43	27.65	86.9	29.04	27.65	82.2	27.81	27.65	92.1
17/06/2018 6:32:05 PM	3612069125	1013.00	26.40	27.65	105.3	28.45	27.65	86.8	29.03	27.65	82.3	27.82	27.65	92.0
17/06/2018 6:32:06 PM	3612069126	1013.00	26.42	27.65	105.1	28.45	27.65	86.8	29.03	27.65	82.3	27.83	27.65	91.9
17/06/2018 6:32:07 PM	3612069127	1013.00	26.29	27.66	106.4	28.47	27.66	86.6	29.04	27.66	82.2	27.83	27.66	91.9
17/06/2018 6:32:08 PM	3612069128	1013.00	26.40	27.66	105.2	28.44	27.66	86.8	29.04	27.66	82.2	27.85	27.66	91.7
17/06/2018 6:32:09 PM	3612069129	1013.00	26.35	27.66	105.8	28.43	27.66	86.9	29.01	27.66	82.4	27.82	27.66	92.0
17/06/2018 6:32:10 PM	3612069130	1013.00	26.39	27.67	105.3	28.43	27.67	86.9	29.06	27.67	82.0	27.86	27.67	91.6
17/06/2018 6:32:11 PM	3612069131	1013.00	26.40	27.66	105.2	28.47	27.66	86.6	29.07	27.66	82.0	27.85	27.66	91.7
17/06/2018 6:32:12 PM	3612069132	1013.00	26.35	27.66	105.8	28.51	27.66	86.3	29.09	27.66	81.8	27.84	27.66	91.8
17/06/2018 6:32:13 PM	3612069133	1013.00	26.33	27.66	106.0	28.47	27.66	86.6	29.06	27.66	82.0	27.86	27.66	91.6
17/06/2018 6:32:14 PM	3612069134	1013.00	26.42	27.66	105.0	28.49	27.66	86.4	29.08	27.66	81.9	27.86	27.66	91.6
17/06/2018 6:32:15 PM	3612069135	1013.00	26.43	27.66	104.9	28.48	27.66	86.5	29.07	27.66	82.0	27.88	27.66	91.5
17/06/2018 6:32:16 PM	3612069136	1013.00	26.36	27.66	105.7	28.54	27.66	86.0	29.12	27.66	81.6	27.84	27.66	91.8
17/06/2018 6:32:17 PM	3612069137	1013.00	26.33	27.67	105.9	28.52	27.67	86.2	29.09	27.67	81.8	27.89	27.67	91.4
17/06/2018 6:32:18 PM	3612069138	1013.00	26.36	27.67	105.6	28.51	27.67	86.3	29.10	27.67	81.7	27.87	27.67	91.5
17/06/2018 6:32:19 PM	3612069139	1013.00	26.31	27.67	106.1	28.55	27.67	85.9	29.12	27.67	81.6	27.88	27.67	91.4
17/06/2018 6:32:20 PM	3612069140	1013.00	26.34	27.67	105.8	28.54	27.67	86.0	29.13	27.67	81.5	27.89	27.67	91.4
17/06/2018 6:32:21 PM	3612069141	1013.00	26.37	27.67	105.5	28.56	27.67	85.9	29.13	27.67	81.5	27.88	27.67	91.4
17/06/2018 6:32:22 PM	3612069142	1013.00	26.37	27.67	105.5	28.56	27.67	85.9	29.13	27.67	81.5	27.88	27.67	91.4
17/06/2018 6:32:23 PM	3612069143	1013.00	26.33	27.66	106.0	28.56	27.66	85.9	29.14	27.66	81.4	27.90	27.66	91.3
17/06/2018 6:32:24 PM	3612069144	1013.00	26.41	27.66	105.1	28.56	27.66	85.9	29.16	27.66	81.3	27.87	27.66	91.6
17/06/2018 6:32:25 PM	3612069145	1013.00	26.41	27.66	105.1	28.57	27.66	85.8	29.18	27.66	81.2	27.88	27.66	91.5
17/06/2018 6:32:26 PM	3612069146	1013.00	26.32	27.66	106.1	28.56	27.66	85.9	29.15	27.66	81.4	27.87	27.66	91.6
17/06/2018 6:32:27 PM	3612069147	1013.00	26.33	27.67	105.9	28.58	27.67	85.7	29.18	27.67	81.1	27.87	27.67	91.5
17/06/2018 6:32:28 PM	3612069148	1013.00	26.34	27.67	105.8	28.60	27.67	85.6	29.17	27.67	81.2	27.87	27.67	91.5
17/06/2018 6:32:29 PM	3612069149	1013.00	26.34	27.67	105.8	28.60	27.67	85.6	29.17	27.67	81.2	27.88	27.67	91.4
17/06/2018 6:32:30 PM	3612069150	1013.00	26.29	27.67	106.3	28.59	27.67	85.6	29.20	27.67	81.0	27.89	27.67	91.4
17/06/2018 6:32:31 PM	3612069151	1013.00	26.40	27.67	105.2	28.60	27.67	85.6	29.19	27.67	81.1	27.88	27.67	91.4
17/06/2018 6:32:32 PM	3612069152	1013.00	26.35	27.67	105.7	28.60	27.67	85.6	29.19	27.67	81.1	27.88	27.67	91.4
17/06/2018 6:32:33 PM	3612069153	1013.00	26.39	27.67	105.3	28.65	27.67	85.2	29.20	27.67	81.0	27.89	27.67	91.4
17/06/2018 6:32:34 PM	3612069154	1013.00	26.37	27.67	105.5	28.61	27.67	85.5	29.22	27.67	80.8	27.90	27.67	91.3
17/06/2018 6:32:35 PM	3612069155	1013.00	26.42	27.67	105.0	28.62	27.67	85.4	29.21	27.67	80.9	27.88	27.67	91.4
17/06/2018 6:32:36 PM	3612069156	1013.00	26.44	27.67	104.8	28.64	27.67	85.2	29.22	27.67	80.8	27.89	27.67	91.4
17/06/2018 6:32:37 PM	3612069157	1013.00	26.36	27.67	105.6	28.63	27.67	85.3	29.25	27.67	80.6	27.88	27.67	91.4
17/06/2018 6:32:38 PM	3612069158	1013.00	26.35	27.67	105.7	28.62	27.67	85.4	29.27	27.67	80.5	27.92	27.67	91.1
17/06/2018 6:32:39 PM	3612069159	1013.00	26.35	27.67	105.7	28.65	27.67	85.2	29.28	27.67	80.4	27.91	27.67	91.2
17/06/2018 6:32:40 PM	3612069160	1013.00	26.37	27.67	105.5	28.65	27.67	85.2	29.31	27.67	80.2	27.92	27.67	91.1
17/06/2018 6:32:41 PM	3612069161	1013.00	26.24	27.67	106.9	28.66	27.67	85.1	29.31	27.67	80.2	27.89	27.67	91.4
17/06/2018 6:32:42 PM	3612069162	1013.00	26.41	27.67	105.1	28.65	27.67	85.2	29.33	27.67	80.0	27.90	27.67	91.3
17/06/2018 6:32:43 PM	3612069163	1013.00	26.35	27.67	105.7	28.64	27.67	85.2	29.31	27.67	80.2	27.92	27.67	91.1
17/06/2018 6:32:44 PM	3612069164	1013.00	26.31	27.67	106.1	28.66	27.67	85.1	29.34	27.67	80.0	27.92	27.67	91.1
17/06/2018 6:32:45 PM	3612069165	1013.00	26.42	27.67	105.0	28.61	27.67	85.5	29.34	27.67	80.0	27.93	27.67	91.0
17/06/2018 6:32:46 PM	3612069166	1013.00	26.32	27.68	106.0	28.63	27.68	85.3	29.36	27.68	79.8	27.93	27.68	91.0
