Date & time of file creation	16/06/2018 7:00 PM													
Data file path	C:\Users\ameli\Desktop\Luke Strasiotto\160618\New_11.txt													
														
														
CALIBRATION DATA														
Parameter/Channel	N moving average	LO phase [r.U.]	HI phase [r.U.]	LO oxygen [%air saturation]	HI oxygen [%air saturation]	LO temperature [°C]	HI temperature [°C]	Salinity [‰]						
SDWD0003000199      , CH 1	1	59.32	26.89	0.00	100.00	27.84	27.90	0.000						
SDWD0003000199      , CH 2	1	59.32	26.89	0.00	100.00	27.84	27.90	0.000						
SDWD0003000199      , CH 3	1	59.34	26.89	0.00	100.00	27.84	27.90	0.000						
SDWD0003000199      , CH 4	1	59.32	26.89	0.00	100.00	27.84	27.90	0.000						
														
														
Date &Time [DD-MM-YYYY HH:MM:SS]	Time stamp code	Barometric pressure [hPa]	SDWD0003000199      , CH 1 phase [r.U.]	SDWD0003000199      , CH 1 temp [°C]	SDWD0003000199      , CH 1 O2 [% air saturation]	SDWD0003000199      , CH 2 phase [r.U.]	SDWD0003000199      , CH 2 temp [°C]	SDWD0003000199      , CH 2 O2 [% air saturation]	SDWD0003000199      , CH 3 phase [r.U.]	SDWD0003000199      , CH 3 temp [°C]	SDWD0003000199      , CH 3 O2 [% air saturation]	SDWD0003000199      , CH 4 phase [r.U.]	SDWD0003000199      , CH 4 temp [°C]	SDWD0003000199      , CH 4 O2 [% air saturation]
16/06/2018 7:01:08 PM	3611984468	1013.00	27.97	27.73	90.6	27.95	27.73	90.8	26.73	27.73	101.8	27.21	27.73	97.3
16/06/2018 7:01:09 PM	3611984469	1013.00	27.92	27.72	91.0	27.96	27.72	90.7	26.59	27.72	103.2	27.15	27.72	97.9
16/06/2018 7:01:10 PM	3611984470	1013.00	27.93	27.72	90.9	27.94	27.72	90.9	26.73	27.72	101.9	27.19	27.72	97.5
16/06/2018 7:01:11 PM	3611984471	1013.00	27.93	27.72	90.9	27.97	27.72	90.6	26.69	27.72	102.2	27.16	27.72	97.8
16/06/2018 7:01:12 PM	3611984472	1013.00	27.95	27.72	90.8	27.92	27.72	91.0	26.70	27.72	102.1	27.15	27.72	97.9
16/06/2018 7:01:13 PM	3611984473	1013.00	27.94	27.72	90.9	27.94	27.72	90.9	26.70	27.72	102.1	27.20	27.72	97.4
16/06/2018 7:01:14 PM	3611984474	1013.00	27.95	27.73	90.8	27.95	27.73	90.8	26.66	27.73	102.5	27.13	27.73	98.0
16/06/2018 7:01:15 PM	3611984475	1013.00	27.93	27.73	90.9	27.89	27.73	91.3	26.55	27.73	103.6	27.18	27.73	97.6
16/06/2018 7:01:16 PM	3611984476	1013.00	27.94	27.73	90.8	27.93	27.73	90.9	26.73	27.73	101.8	27.14	27.73	97.9
16/06/2018 7:01:17 PM	3611984477	1013.00	27.92	27.73	91.0	27.93	27.73	90.9	26.75	27.73	101.6	27.19	27.73	97.5
16/06/2018 7:01:18 PM	3611984478	1013.00	27.95	27.73	90.8	27.92	27.73	91.0	26.59	27.73	103.2	27.09	27.73	98.4
16/06/2018 7:01:19 PM	3611984479	1013.00	27.93	27.74	90.9	27.89	27.74	91.3	26.71	27.74	102.0	27.12	27.74	98.1
16/06/2018 7:01:20 PM	3611984480	1013.00	27.94	27.74	90.8	27.91	27.74	91.1	26.73	27.74	101.8	27.14	27.74	97.9
16/06/2018 7:01:21 PM	3611984481	1013.00	27.93	27.73	90.9	27.92	27.73	91.0	26.80	27.73	101.2	27.14	27.73	97.9
16/06/2018 7:01:22 PM	3611984482	1013.00	27.95	27.74	90.7	27.91	27.74	91.1	26.74	27.74	101.7	27.14	27.74	97.9
16/06/2018 7:01:23 PM	3611984483	1013.00	27.94	27.73	90.8	27.92	27.73	91.0	26.63	27.73	102.8	27.12	27.73	98.1
16/06/2018 7:01:24 PM	3611984484	1013.00	27.91	27.72	91.1	27.95	27.72	90.8	26.72	27.72	102.0	27.16	27.72	97.8
16/06/2018 7:01:25 PM	3611984485	1013.00	27.95	27.72	90.8	27.90	27.72	91.2	26.75	27.72	101.7	27.14	27.72	98.0
16/06/2018 7:01:26 PM	3611984486	1013.00	27.91	27.72	91.1	27.91	27.72	91.1	26.68	27.72	102.3	27.12	27.72	98.1
16/06/2018 7:01:27 PM	3611984487	1013.00	27.93	27.72	90.9	27.88	27.72	91.4	26.70	27.72	102.1	27.13	27.72	98.0
16/06/2018 7:01:28 PM	3611984488	1013.00	27.94	27.72	90.9	27.88	27.72	91.4	26.69	27.72	102.2	27.13	27.72	98.0
16/06/2018 7:01:29 PM	3611984489	1013.00	27.93	27.73	90.9	27.93	27.73	90.9	26.64	27.73	102.7	27.15	27.73	97.8
16/06/2018 7:01:30 PM	3611984490	1013.00	27.93	27.72	90.9	27.95	27.72	90.8	26.71	27.72	102.0	27.22	27.72	97.2
16/06/2018 7:01:31 PM	3611984491	1013.00	27.93	27.73	90.9	27.92	27.73	91.0	26.66	27.73	102.5	27.11	27.73	98.2
16/06/2018 7:01:32 PM	3611984492	1013.00	27.95	27.73	90.8	27.90	27.73	91.2	26.71	27.73	102.0	27.15	27.73	97.8
16/06/2018 7:01:33 PM	3611984493	1013.00	27.91	27.73	91.1	27.91	27.73	91.1	26.66	27.73	102.5	27.15	27.73	97.8
16/06/2018 7:01:34 PM	3611984494	1013.00	27.95	27.73	90.8	27.92	27.73	91.0	26.60	27.73	103.1	27.17	27.73	97.7
16/06/2018 7:01:35 PM	3611984495	1013.00	27.96	27.73	90.7	27.89	27.73	91.3	26.76	27.73	101.5	27.12	27.73	98.1
16/06/2018 7:01:36 PM	3611984496	1013.00	27.92	27.73	91.0	27.91	27.73	91.1	26.73	27.73	101.8	27.17	27.73	97.7
16/06/2018 7:01:37 PM	3611984497	1013.00	27.98	27.72	90.5	27.89	27.72	91.3	26.69	27.72	102.2	27.13	27.72	98.0
16/06/2018 7:01:38 PM	3611984498	1013.00	27.93	27.72	90.9	27.92	27.72	91.0	26.66	27.72	102.5	27.14	27.72	98.0
16/06/2018 7:01:39 PM	3611984499	1013.00	27.95	27.72	90.8	27.92	27.72	91.0	26.79	27.72	101.3	27.11	27.72	98.2
16/06/2018 7:01:40 PM	3611984500	1013.00	27.96	27.72	90.7	27.91	27.72	91.1	26.74	27.72	101.8	27.14	27.72	98.0
16/06/2018 7:01:41 PM	3611984501	1013.00	27.96	27.72	90.7	27.91	27.72	91.1	26.72	27.72	102.0	27.20	27.72	97.4
16/06/2018 7:01:42 PM	3611984502	1013.00	27.91	27.72	91.1	27.92	27.72	91.0	26.74	27.72	101.8	27.14	27.72	98.0
16/06/2018 7:01:43 PM	3611984503	1013.00	27.92	27.72	91.0	27.91	27.72	91.1	26.77	27.72	101.5	27.17	27.72	97.7
16/06/2018 7:01:44 PM	3611984504	1013.00	27.94	27.72	90.9	27.93	27.72	90.9	26.63	27.72	102.8	27.21	27.72	97.3
16/06/2018 7:01:45 PM	3611984505	1013.00	27.95	27.72	90.8	27.94	27.72	90.9	26.69	27.72	102.2	27.14	27.72	98.0
16/06/2018 7:01:46 PM	3611984506	1013.00	27.95	27.73	90.8	27.91	27.73	91.1	26.74	27.73	101.7	27.17	27.73	97.7
16/06/2018 7:01:47 PM	3611984507	1013.00	27.99	27.73	90.4	27.91	27.73	91.1	26.69	27.73	102.2	27.11	27.73	98.2
16/06/2018 7:01:48 PM	3611984508	1013.00	27.95	27.73	90.8	27.93	27.73	90.9	26.73	27.73	101.8	27.18	27.73	97.6
16/06/2018 7:01:49 PM	3611984509	1013.00	27.95	27.73	90.8	27.94	27.73	90.8	26.78	27.73	101.4	27.14	27.73	97.9
16/06/2018 7:01:50 PM	3611984510	1013.00	27.98	27.73	90.5	27.92	27.73	91.0	26.74	27.73	101.7	27.13	27.73	98.0
16/06/2018 7:01:51 PM	3611984511	1013.00	27.98	27.73	90.5	27.93	27.73	90.9	26.72	27.73	101.9	27.17	27.73	97.7
16/06/2018 7:01:52 PM	3611984512	1013.00	27.96	27.72	90.7	27.93	27.72	90.9	26.65	27.72	102.6	27.21	27.72	97.3
16/06/2018 7:01:53 PM	3611984513	1013.00	27.97	27.72	90.6	27.93	27.72	90.9	26.66	27.72	102.5	27.14	27.72	98.0
16/06/2018 7:01:54 PM	3611984514	1013.00	27.96	27.72	90.7	27.89	27.72	91.3	26.76	27.72	101.6	27.16	27.72	97.8
16/06/2018 7:01:55 PM	3611984515	1013.00	27.95	27.72	90.8	27.93	27.72	90.9	26.63	27.72	102.8	27.17	27.72	97.7
16/06/2018 7:01:56 PM	3611984516	1013.00	27.97	27.72	90.6	27.92	27.72	91.0	26.66	27.72	102.5	27.15	27.72	97.9
16/06/2018 7:01:57 PM	3611984517	1013.00	27.95	27.72	90.8	27.91	27.72	91.1	26.71	27.72	102.0	27.12	27.72	98.1
16/06/2018 7:01:58 PM	3611984518	1013.00	27.99	27.72	90.4	27.90	27.72	91.2	26.81	27.72	101.1	27.18	27.72	97.6
16/06/2018 7:01:59 PM	3611984519	1013.00	27.97	27.72	90.6	27.89	27.72	91.3	26.64	27.72	102.7	27.16	27.72	97.8
16/06/2018 7:02:00 PM	3611984520	1013.00	27.99	27.72	90.4	27.91	27.72	91.1	26.69	27.72	102.2	27.11	27.72	98.2
16/06/2018 7:02:01 PM	3611984521	1013.00	27.98	27.72	90.5	27.91	27.72	91.1	26.61	27.72	103.0	27.20	27.72	97.4
16/06/2018 7:02:02 PM	3611984522	1013.00	27.99	27.72	90.4	27.92	27.72	91.0	26.64	27.72	102.7	27.20	27.72	97.4
16/06/2018 7:02:03 PM	3611984523	1013.00	27.98	27.72	90.5	27.91	27.72	91.1	26.68	27.72	102.3	27.20	27.72	97.4
16/06/2018 7:02:04 PM	3611984524	1013.00	28.00	27.73	90.3	27.91	27.73	91.1	26.75	27.73	101.6	27.19	27.73	97.5
16/06/2018 7:02:05 PM	3611984525	1013.00	27.97	27.73	90.6	27.93	27.73	90.9	26.70	27.73	102.1	27.24	27.73	97.0
16/06/2018 7:02:06 PM	3611984526	1013.00	27.99	27.73	90.4	27.90	27.73	91.2	26.84	27.73	100.8	27.25	27.73	96.9
16/06/2018 7:02:07 PM	3611984527	1013.00	28.01	27.73	90.3	27.89	27.73	91.3	26.69	27.73	102.2	27.25	27.73	96.9
16/06/2018 7:02:08 PM	3611984528	1013.00	28.00	27.73	90.3	27.95	27.73	90.8	26.77	27.73	101.4	27.15	27.73	97.8
16/06/2018 7:02:09 PM	3611984529	1013.00	27.98	27.73	90.5	27.93	27.73	90.9	26.70	27.73	102.1	27.26	27.73	96.8
16/06/2018 7:02:10 PM	3611984530	1013.00	28.03	27.73	90.1	27.90	27.73	91.2	26.73	27.73	101.8	27.15	27.73	97.8
16/06/2018 7:02:11 PM	3611984531	1013.00	28.01	27.73	90.3	27.90	27.73	91.2	26.71	27.73	102.0	27.17	27.73	97.7
16/06/2018 7:02:12 PM	3611984532	1013.00	28.00	27.73	90.3	27.92	27.73	91.0	26.77	27.73	101.4	27.25	27.73	96.9
16/06/2018 7:02:13 PM	3611984533	1013.00	28.02	27.73	90.2	27.93	27.73	90.9	26.70	27.73	102.1	27.26	27.73	96.8
16/06/2018 7:02:14 PM	3611984534	1013.00	27.98	27.73	90.5	27.93	27.73	90.9	26.83	27.73	100.9	27.20	27.73	97.4
16/06/2018 7:02:15 PM	3611984535	1013.00	28.01	27.73	90.3	27.90	27.73	91.2	26.69	27.73	102.2	27.27	27.73	96.7
16/06/2018 7:02:16 PM	3611984536	1013.00	27.98	27.73	90.5	27.93	27.73	90.9	26.67	27.73	102.4	27.27	27.73	96.7
16/06/2018 7:02:17 PM	3611984537	1013.00	28.04	27.73	90.0	27.91	27.73	91.1	26.82	27.73	101.0	27.22	27.73	97.2
16/06/2018 7:02:18 PM	3611984538	1013.00	28.04	27.73	90.0	27.92	27.73	91.0	26.60	27.73	103.1	27.23	27.73	97.1
16/06/2018 7:02:19 PM	3611984539	1013.00	28.03	27.73	90.1	27.96	27.73	90.7	26.68	27.73	102.3	27.23	27.73	97.1
16/06/2018 7:02:20 PM	3611984540	1013.00	28.03	27.73	90.1	27.98	27.73	90.5	26.72	27.73	101.9	27.20	27.73	97.4
16/06/2018 7:02:21 PM	3611984541	1013.00	28.04	27.73	90.0	27.95	27.73	90.8	26.75	27.73	101.6	27.23	27.73	97.1
16/06/2018 7:02:22 PM	3611984542	1013.00	28.00	27.73	90.3	27.95	27.73	90.8	26.77	27.73	101.4	27.23	27.73	97.1
16/06/2018 7:02:23 PM	3611984543	1013.00	28.04	27.73	90.0	27.93	27.73	90.9	26.69	27.73	102.2	27.28	27.73	96.6
16/06/2018 7:02:24 PM	3611984544	1013.00	28.01	27.73	90.3	27.93	27.73	90.9	26.70	27.73	102.1	27.23	27.73	97.1
16/06/2018 7:02:25 PM	3611984545	1013.00	28.03	27.74	90.1	27.89	27.74	91.3	26.71	27.74	102.0	27.28	27.74	96.6
16/06/2018 7:02:26 PM	3611984546	1013.00	28.04	27.74	90.0	27.93	27.74	90.9	26.78	27.74	101.3	27.25	27.74	96.9
16/06/2018 7:02:27 PM	3611984547	1013.00	28.07	27.74	89.7	27.92	27.74	91.0	26.75	27.74	101.6	27.28	27.74	96.6
16/06/2018 7:02:28 PM	3611984548	1013.00	28.03	27.74	90.1	27.95	27.74	90.7	26.57	27.74	103.4	27.27	27.74	96.7
16/06/2018 7:02:29 PM	3611984549	1013.00	28.04	27.73	90.0	27.94	27.73	90.8	26.75	27.73	101.6	27.33	27.73	96.2
16/06/2018 7:02:30 PM	3611984550	1013.00	28.02	27.73	90.2	27.94	27.73	90.8	26.73	27.73	101.8	27.32	27.73	96.3
16/06/2018 7:02:31 PM	3611984551	1013.00	28.07	27.73	89.8	27.95	27.73	90.8	26.73	27.73	101.8	27.28	27.73	96.6
16/06/2018 7:02:32 PM	3611984552	1013.00	28.04	27.73	90.0	27.93	27.73	90.9	26.79	27.73	101.3	27.23	27.73	97.1
16/06/2018 7:02:33 PM	3611984553	1013.00	28.06	27.73	89.8	27.95	27.73	90.8	26.74	27.73	101.7	27.28	27.73	96.6
16/06/2018 7:02:34 PM	3611984554	1013.00	28.04	27.73	90.0	27.92	27.73	91.0	26.76	27.73	101.5	27.36	27.73	95.9
16/06/2018 7:02:35 PM	3611984555	1013.00	28.07	27.73	89.8	27.93	27.73	90.9	26.69	27.73	102.2	27.33	27.73	96.2
16/06/2018 7:02:36 PM	3611984556	1013.00	28.06	27.73	89.8	27.94	27.73	90.8	26.69	27.73	102.2	27.31	27.73	96.4
16/06/2018 7:02:37 PM	3611984557	1013.00	28.07	27.73	89.8	27.90	27.73	91.2	26.74	27.73	101.7	27.28	27.73	96.6
16/06/2018 7:02:38 PM	3611984558	1013.00	28.07	27.73	89.8	27.95	27.73	90.8	26.77	27.73	101.4	27.35	27.73	96.0
16/06/2018 7:02:39 PM	3611984559	1013.00	28.09	27.73	89.6	27.93	27.73	90.9	26.80	27.73	101.2	27.39	27.73	95.7
16/06/2018 7:02:40 PM	3611984560	1013.00	28.12	27.73	89.3	27.93	27.73	90.9	26.80	27.73	101.2	27.37	27.73	95.8
16/06/2018 7:02:41 PM	3611984561	1013.00	28.07	27.73	89.8	27.98	27.73	90.5	26.71	27.73	102.0	27.36	27.73	95.9
16/06/2018 7:02:42 PM	3611984562	1013.00	28.13	27.73	89.3	27.95	27.73	90.8	26.73	27.73	101.8	27.36	27.73	95.9
16/06/2018 7:02:43 PM	3611984563	1013.00	28.10	27.73	89.5	27.93	27.73	90.9	26.74	27.73	101.7	27.32	27.73	96.3
16/06/2018 7:02:44 PM	3611984564	1013.00	28.08	27.73	89.7	27.89	27.73	91.3	26.74	27.73	101.7	27.34	27.73	96.1
16/06/2018 7:02:45 PM	3611984565	1013.00	28.12	27.73	89.3	27.95	27.73	90.8	26.79	27.73	101.3	27.31	27.73	96.4
16/06/2018 7:02:46 PM	3611984566	1013.00	28.10	27.73	89.5	27.95	27.73	90.8	26.79	27.73	101.3	27.33	27.73	96.2
16/06/2018 7:02:47 PM	3611984567	1013.00	28.10	27.73	89.5	27.92	27.73	91.0	26.72	27.73	101.9	27.38	27.73	95.7
16/06/2018 7:02:48 PM	3611984568	1013.00	28.12	27.73	89.3	27.96	27.73	90.7	26.76	27.73	101.5	27.33	27.73	96.2
16/06/2018 7:02:49 PM	3611984569	1013.00	28.14	27.73	89.2	27.94	27.73	90.8	26.77	27.73	101.4	27.33	27.73	96.2
16/06/2018 7:02:50 PM	3611984570	1013.00	28.10	27.74	89.5	27.99	27.74	90.4	26.68	27.74	102.3	27.35	27.74	96.0
16/06/2018 7:02:51 PM	3611984571	1013.00	28.15	27.74	89.1	27.95	27.74	90.7	26.76	27.74	101.5	27.36	27.74	95.9
16/06/2018 7:02:52 PM	3611984572	1013.00	28.12	27.73	89.3	27.91	27.73	91.1	26.72	27.73	101.9	27.35	27.73	96.0
16/06/2018 7:02:53 PM	3611984573	1013.00	28.14	27.74	89.2	27.93	27.74	90.9	26.87	27.74	100.5	27.37	27.74	95.8
16/06/2018 7:02:54 PM	3611984574	1013.00	28.11	27.74	89.4	27.94	27.74	90.8	26.80	27.74	101.1	27.34	27.74	96.1
16/06/2018 7:02:55 PM	3611984575	1013.00	28.16	27.74	89.0	28.00	27.74	90.3	26.76	27.74	101.5	27.38	27.74	95.7
16/06/2018 7:02:56 PM	3611984576	1013.00	28.17	27.74	88.9	27.96	27.74	90.7	26.71	27.74	102.0	27.33	27.74	96.2
16/06/2018 7:02:57 PM	3611984577	1013.00	28.17	27.74	88.9	27.99	27.74	90.4	26.78	27.74	101.3	27.37	27.74	95.8
16/06/2018 7:02:58 PM	3611984578	1013.00	28.16	27.74	89.0	27.96	27.74	90.7	26.67	27.74	102.4	27.41	27.74	95.5
16/06/2018 7:02:59 PM	3611984579	1013.00	28.16	27.74	89.0	27.94	27.74	90.8	26.82	27.74	100.9	27.44	27.74	95.2
16/06/2018 7:03:00 PM	3611984580	1013.00	28.17	27.74	88.9	27.97	27.74	90.6	26.79	27.74	101.2	27.46	27.74	95.0
16/06/2018 7:03:01 PM	3611984581	1013.00	28.13	27.74	89.2	27.96	27.74	90.7	26.76	27.74	101.5	27.44	27.74	95.2
16/06/2018 7:03:02 PM	3611984582	1013.00	28.21	27.75	88.6	27.98	27.75	90.5	26.88	27.75	100.4	27.47	27.75	94.9
16/06/2018 7:03:03 PM	3611984583	1013.00	28.15	27.75	89.1	27.99	27.75	90.4	26.63	27.75	102.8	27.44	27.75	95.2
16/06/2018 7:03:04 PM	3611984584	1013.00	28.16	27.74	89.0	27.97	27.74	90.6	26.74	27.74	101.7	27.45	27.74	95.1
16/06/2018 7:03:05 PM	3611984585	1013.00	28.16	27.74	89.0	27.97	27.74	90.6	26.83	27.74	100.9	27.44	27.74	95.2
16/06/2018 7:03:06 PM	3611984586	1013.00	28.21	27.74	88.6	27.98	27.74	90.5	26.78	27.74	101.3	27.45	27.74	95.1
16/06/2018 7:03:07 PM	3611984587	1013.00	28.21	27.74	88.6	27.98	27.74	90.5	26.81	27.74	101.0	27.49	27.74	94.7
16/06/2018 7:03:08 PM	3611984588	1013.00	28.18	27.74	88.8	27.99	27.74	90.4	26.78	27.74	101.3	27.46	27.74	95.0
16/06/2018 7:03:09 PM	3611984589	1013.00	28.19	27.74	88.7	28.01	27.74	90.2	26.74	27.74	101.7	27.48	27.74	94.8
16/06/2018 7:03:10 PM	3611984590	1013.00	28.18	27.74	88.8	28.02	27.74	90.2	26.79	27.74	101.2	27.45	27.74	95.1
16/06/2018 7:03:11 PM	3611984591	1013.00	28.22	27.74	88.5	28.05	27.74	89.9	26.77	27.74	101.4	27.45	27.74	95.1
16/06/2018 7:03:12 PM	3611984592	1013.00	28.20	27.74	88.7	28.02	27.74	90.2	26.74	27.74	101.7	27.47	27.74	94.9
16/06/2018 7:03:13 PM	3611984593	1013.00	28.20	27.74	88.7	28.07	27.74	89.7	26.86	27.74	100.6	27.47	27.74	94.9
16/06/2018 7:03:14 PM	3611984594	1013.00	28.25	27.73	88.3	28.00	27.73	90.3	26.78	27.73	101.4	27.50	27.73	94.7
16/06/2018 7:03:15 PM	3611984595	1013.00	28.25	27.74	88.3	28.05	27.74	89.9	26.85	27.74	100.7	27.46	27.74	95.0
16/06/2018 7:03:16 PM	3611984596	1013.00	28.23	27.74	88.4	28.03	27.74	90.1	26.89	27.74	100.3	27.45	27.74	95.1
16/06/2018 7:03:17 PM	3611984597	1013.00	28.26	27.74	88.2	28.11	27.74	89.4	26.75	27.74	101.6	27.49	27.74	94.7
16/06/2018 7:03:18 PM	3611984598	1013.00	28.25	27.74	88.3	28.04	27.74	90.0	26.88	27.74	100.4	27.49	27.74	94.7
16/06/2018 7:03:19 PM	3611984599	1013.00	28.30	27.75	87.8	28.10	27.75	89.5	26.83	27.75	100.8	27.47	27.75	94.9
16/06/2018 7:03:20 PM	3611984600	1013.00	28.27	27.74	88.1	28.09	27.74	89.6	26.88	27.74	100.4	27.52	27.74	94.5
16/06/2018 7:03:21 PM	3611984601	1013.00	28.28	27.75	88.0	28.07	27.75	89.7	26.91	27.75	100.1	27.54	27.75	94.3
16/06/2018 7:03:22 PM	3611984602	1013.00	28.28	27.74	88.0	28.07	27.74	89.7	26.84	27.74	100.8	27.48	27.74	94.8
16/06/2018 7:03:23 PM	3611984603	1013.00	28.32	27.74	87.7	28.03	27.74	90.1	26.77	27.74	101.4	27.49	27.74	94.7
16/06/2018 7:03:24 PM	3611984604	1013.00	28.30	27.75	87.8	28.09	27.75	89.6	26.86	27.75	100.5	27.51	27.75	94.5
16/06/2018 7:03:25 PM	3611984605	1013.00	28.32	27.75	87.7	28.13	27.75	89.2	26.92	27.75	100.0	27.49	27.75	94.7
16/06/2018 7:03:26 PM	3611984606	1013.00	28.32	27.75	87.7	28.07	27.75	89.7	26.75	27.75	101.6	27.49	27.75	94.7
16/06/2018 7:03:27 PM	3611984607	1013.00	28.29	27.74	87.9	28.12	27.74	89.3	26.90	27.74	100.2	27.51	27.74	94.6
16/06/2018 7:03:28 PM	3611984608	1013.00	28.30	27.75	87.8	28.09	27.75	89.6	26.87	27.75	100.4	27.50	27.75	94.6
16/06/2018 7:03:29 PM	3611984609	1013.00	28.30	27.74	87.8	28.14	27.74	89.2	26.82	27.74	100.9	27.48	27.74	94.8
16/06/2018 7:03:30 PM	3611984610	1013.00	28.30	27.74	87.8	28.11	27.74	89.4	26.93	27.74	99.9	27.56	27.74	94.1
16/06/2018 7:03:31 PM	3611984611	1013.00	28.33	27.74	87.6	28.08	27.74	89.7	26.77	27.74	101.4	27.53	27.74	94.4
16/06/2018 7:03:32 PM	3611984612	1013.00	28.30	27.74	87.8	28.10	27.74	89.5	26.87	27.74	100.5	27.51	27.74	94.6
16/06/2018 7:03:33 PM	3611984613	1013.00	28.32	27.74	87.7	28.12	27.74	89.3	26.86	27.74	100.6	27.51	27.74	94.6
16/06/2018 7:03:34 PM	3611984614	1013.00	28.36	27.74	87.4	28.11	27.74	89.4	26.91	27.74	100.1	27.56	27.74	94.1
16/06/2018 7:03:35 PM	3611984615	1013.00	28.34	27.74	87.5	28.13	27.74	89.2	26.94	27.74	99.8	27.52	27.74	94.5
16/06/2018 7:03:36 PM	3611984616	1013.00	28.33	27.75	87.6	28.13	27.75	89.2	26.87	27.75	100.4	27.56	27.75	94.1
16/06/2018 7:03:37 PM	3611984617	1013.00	28.32	27.75	87.7	28.11	27.75	89.4	26.94	27.75	99.8	27.56	27.75	94.1
16/06/2018 7:03:38 PM	3611984618	1013.00	28.37	27.75	87.3	28.16	27.75	89.0	26.97	27.75	99.5	27.57	27.75	94.0
16/06/2018 7:03:39 PM	3611984619	1013.00	28.34	27.75	87.5	28.11	27.75	89.4	26.84	27.75	100.7	27.53	27.75	94.4
16/06/2018 7:03:40 PM	3611984620	1013.00	28.32	27.75	87.7	28.14	27.75	89.1	27.00	27.75	99.2	27.47	27.75	94.9
16/06/2018 7:03:41 PM	3611984621	1013.00	28.35	27.75	87.4	28.15	27.75	89.1	26.93	27.75	99.9	27.51	27.75	94.5
16/06/2018 7:03:42 PM	3611984622	1013.00	28.34	27.75	87.5	28.15	27.75	89.1	26.96	27.75	99.6	27.50	27.75	94.6
16/06/2018 7:03:43 PM	3611984623	1013.00	28.35	27.75	87.4	28.14	27.75	89.1	26.90	27.75	100.2	27.51	27.75	94.5
16/06/2018 7:03:44 PM	3611984624	1013.00	28.34	27.75	87.5	28.13	27.75	89.2	27.01	27.75	99.1	27.56	27.75	94.1
16/06/2018 7:03:45 PM	3611984625	1013.00	28.38	27.75	87.2	28.17	27.75	88.9	26.93	27.75	99.9	27.52	27.75	94.5
16/06/2018 7:03:46 PM	3611984626	1013.00	28.39	27.75	87.1	28.10	27.75	89.5	26.87	27.75	100.4	27.54	27.75	94.3
16/06/2018 7:03:47 PM	3611984627	1013.00	28.38	27.75	87.2	28.15	27.75	89.1	26.93	27.75	99.9	27.50	27.75	94.6
16/06/2018 7:03:48 PM	3611984628	1013.00	28.36	27.76	87.3	28.15	27.76	89.0	26.92	27.76	100.0	27.56	27.76	94.1
16/06/2018 7:03:49 PM	3611984629	1013.00	28.36	27.76	87.3	28.12	27.76	89.3	26.82	27.76	100.9	27.55	27.76	94.2
16/06/2018 7:03:50 PM	3611984630	1013.00	28.37	27.76	87.2	28.15	27.76	89.0	27.12	27.76	98.1	27.50	27.76	94.6
16/06/2018 7:03:51 PM	3611984631	1013.00	28.39	27.76	87.1	28.20	27.76	88.6	26.96	27.76	99.6	27.57	27.76	94.0
16/06/2018 7:03:52 PM	3611984632	1013.00	28.44	27.76	86.7	28.17	27.76	88.9	27.12	27.76	98.1	27.56	27.76	94.1
16/06/2018 7:03:53 PM	3611984633	1013.00	28.40	27.76	87.0	28.17	27.76	88.9	27.02	27.76	99.0	27.56	27.76	94.1
16/06/2018 7:03:54 PM	3611984634	1013.00	28.38	27.76	87.2	28.16	27.76	89.0	27.10	27.76	98.3	27.56	27.76	94.1
16/06/2018 7:03:55 PM	3611984635	1013.00	28.42	27.76	86.8	28.18	27.76	88.8	27.01	27.76	99.1	27.57	27.76	94.0
16/06/2018 7:03:56 PM	3611984636	1013.00	28.41	27.77	86.9	28.18	27.77	88.8	27.01	27.77	99.1	27.61	27.77	93.6
16/06/2018 7:03:57 PM	3611984637	1013.00	28.41	27.77	86.9	28.18	27.77	88.8	27.04	27.77	98.8	27.59	27.77	93.8
16/06/2018 7:03:58 PM	3611984638	1013.00	28.45	27.77	86.6	28.20	27.77	88.6	27.01	27.77	99.1	27.57	27.77	94.0
16/06/2018 7:03:59 PM	3611984639	1013.00	28.41	27.77	86.9	28.20	27.77	88.6	27.01	27.77	99.1	27.55	27.77	94.2
16/06/2018 7:04:00 PM	3611984640	1013.00	28.42	27.76	86.8	28.23	27.76	88.4	27.08	27.76	98.4	27.56	27.76	94.1
16/06/2018 7:04:01 PM	3611984641	1013.00	28.41	27.76	86.9	28.22	27.76	88.5	27.08	27.76	98.4	27.57	27.76	94.0
16/06/2018 7:04:02 PM	3611984642	1013.00	28.41	27.77	86.9	28.19	27.77	88.7	26.95	27.77	99.7	27.60	27.77	93.7
16/06/2018 7:04:03 PM	3611984643	1013.00	28.40	27.77	87.0	28.22	27.77	88.5	27.08	27.77	98.4	27.55	27.77	94.2
16/06/2018 7:04:04 PM	3611984644	1013.00	28.46	27.77	86.5	28.18	27.77	88.8	27.01	27.77	99.1	27.59	27.77	93.8
16/06/2018 7:04:05 PM	3611984645	1013.00	28.48	27.77	86.4	28.22	27.77	88.5	27.07	27.77	98.5	27.54	27.77	94.2
16/06/2018 7:04:06 PM	3611984646	1013.00	28.46	27.77	86.5	28.26	27.77	88.1	26.98	27.77	99.4	27.64	27.77	93.4
16/06/2018 7:04:07 PM	3611984647	1013.00	28.42	27.76	86.8	28.24	27.76	88.3	27.06	27.76	98.6	27.52	27.76	94.4
16/06/2018 7:04:08 PM	3611984648	1013.00	28.47	27.76	86.4	28.22	27.76	88.5	27.16	27.76	97.7	27.53	27.76	94.3
16/06/2018 7:04:09 PM	3611984649	1013.00	28.48	27.76	86.4	28.23	27.76	88.4	27.13	27.76	98.0	27.54	27.76	94.3
16/06/2018 7:04:10 PM	3611984650	1013.00	28.44	27.76	86.7	28.25	27.76	88.2	27.15	27.76	97.8	27.59	27.76	93.8
16/06/2018 7:04:11 PM	3611984651	1013.00	28.48	27.76	86.4	28.27	27.76	88.1	27.09	27.76	98.4	27.61	27.76	93.6
16/06/2018 7:04:12 PM	3611984652	1013.00	28.44	27.76	86.7	28.29	27.76	87.9	27.08	27.76	98.4	27.60	27.76	93.7
16/06/2018 7:04:13 PM	3611984653	1013.00	28.49	27.76	86.3	28.25	27.76	88.2	27.05	27.76	98.7	27.62	27.76	93.6
16/06/2018 7:04:14 PM	3611984654	1013.00	28.46	27.77	86.5	28.23	27.77	88.4	27.08	27.77	98.4	27.58	27.77	93.9
16/06/2018 7:04:15 PM	3611984655	1013.00	28.47	27.77	86.4	28.24	27.77	88.3	26.97	27.77	99.5	27.64	27.77	93.4
16/06/2018 7:04:16 PM	3611984656	1013.00	28.50	27.77	86.2	28.23	27.77	88.4	27.07	27.77	98.5	27.56	27.77	94.1
16/06/2018 7:04:17 PM	3611984657	1013.00	28.50	27.77	86.2	28.24	27.77	88.3	27.01	27.77	99.1	27.60	27.77	93.7
16/06/2018 7:04:18 PM	3611984658	1013.00	28.50	27.77	86.2	28.28	27.77	88.0	27.17	27.77	97.6	27.55	27.77	94.2
16/06/2018 7:04:19 PM	3611984659	1013.00	28.47	27.77	86.4	28.26	27.77	88.1	27.16	27.77	97.7	27.58	27.77	93.9
16/06/2018 7:04:20 PM	3611984660	1013.00	28.47	27.77	86.4	28.28	27.77	88.0	27.05	27.77	98.7	27.59	27.77	93.8
16/06/2018 7:04:21 PM	3611984661	1013.00	28.48	27.77	86.4	28.23	27.77	88.4	27.12	27.77	98.1	27.57	27.77	94.0
16/06/2018 7:04:22 PM	3611984662	1013.00	28.53	27.77	86.0	28.28	27.77	88.0	27.16	27.77	97.7	27.59	27.77	93.8
16/06/2018 7:04:23 PM	3611984663	1013.00	28.49	27.77	86.3	28.24	27.77	88.3	27.09	27.77	98.3	27.58	27.77	93.9
16/06/2018 7:04:24 PM	3611984664	1013.00	28.50	27.77	86.2	28.27	27.77	88.0	27.06	27.77	98.6	27.58	27.77	93.9
16/06/2018 7:04:25 PM	3611984665	1013.00	28.48	27.77	86.4	28.32	27.77	87.6	27.03	27.77	98.9	27.65	27.77	93.3
16/06/2018 7:04:26 PM	3611984666	1013.00	28.53	27.77	86.0	28.31	27.77	87.7	27.11	27.77	98.1	27.61	27.77	93.6
16/06/2018 7:04:27 PM	3611984667	1013.00	28.51	27.77	86.1	28.29	27.77	87.9	27.15	27.77	97.8	27.58	27.77	93.9
16/06/2018 7:04:28 PM	3611984668	1013.00	28.50	27.77	86.2	28.26	27.77	88.1	27.15	27.77	97.8	27.58	27.77	93.9
16/06/2018 7:04:29 PM	3611984669	1013.00	28.49	27.77	86.3	28.32	27.77	87.6	27.13	27.77	98.0	27.61	27.77	93.6
16/06/2018 7:04:30 PM	3611984670	1013.00	28.53	27.77	86.0	28.29	27.77	87.9	27.10	27.77	98.2	27.63	27.77	93.5
16/06/2018 7:04:31 PM	3611984671	1013.00	28.53	27.77	86.0	28.31	27.77	87.7	27.08	27.77	98.4	27.60	27.77	93.7
16/06/2018 7:04:32 PM	3611984672	1013.00	28.54	27.77	85.9	28.28	27.77	88.0	27.12	27.77	98.1	27.57	27.77	94.0
16/06/2018 7:04:33 PM	3611984673	1013.00	28.53	27.77	86.0	28.31	27.77	87.7	27.14	27.77	97.9	27.61	27.77	93.6
16/06/2018 7:04:34 PM	3611984674	1013.00	28.47	27.78	86.4	28.28	27.78	87.9	27.09	27.78	98.3	27.66	27.78	93.2
16/06/2018 7:04:35 PM	3611984675	1013.00	28.52	27.77	86.0	28.32	27.77	87.6	27.04	27.77	98.8	27.64	27.77	93.4
16/06/2018 7:04:36 PM	3611984676	1013.00	28.56	27.77	85.7	28.31	27.77	87.7	27.17	27.77	97.6	27.63	27.77	93.5
16/06/2018 7:04:37 PM	3611984677	1013.00	28.51	27.77	86.1	28.32	27.77	87.6	27.02	27.77	99.0	27.59	27.77	93.8
16/06/2018 7:04:38 PM	3611984678	1013.00	28.50	27.77	86.2	28.30	27.77	87.8	27.01	27.77	99.1	27.67	27.77	93.1
16/06/2018 7:04:39 PM	3611984679	1013.00	28.53	27.77	86.0	28.36	27.77	87.3	27.10	27.77	98.2	27.68	27.77	93.0
16/06/2018 7:04:40 PM	3611984680	1013.00	28.52	27.77	86.0	28.32	27.77	87.6	27.10	27.77	98.2	27.69	27.77	92.9
16/06/2018 7:04:41 PM	3611984681	1013.00	28.53	27.78	85.9	28.32	27.78	87.6	27.05	27.78	98.7	27.66	27.78	93.2
16/06/2018 7:04:42 PM	3611984682	1013.00	28.50	27.78	86.2	28.35	27.78	87.4	27.05	27.78	98.7	27.65	27.78	93.3
16/06/2018 7:04:43 PM	3611984683	1013.00	28.54	27.79	85.8	28.35	27.79	87.4	27.15	27.79	97.7	27.72	27.79	92.6
16/06/2018 7:04:44 PM	3611984684	1013.00	28.54	27.79	85.8	28.35	27.79	87.4	27.07	27.79	98.5	27.70	27.79	92.8
16/06/2018 7:04:45 PM	3611984685	1013.00	28.51	27.78	86.1	28.31	27.78	87.7	27.05	27.78	98.7	27.72	27.78	92.7
16/06/2018 7:04:46 PM	3611984686	1013.00	28.54	27.78	85.9	28.37	27.78	87.2	27.04	27.78	98.8	27.75	27.78	92.4
16/06/2018 7:04:47 PM	3611984687	1013.00	28.53	27.78	85.9	28.32	27.78	87.6	27.09	27.78	98.3	27.75	27.78	92.4
16/06/2018 7:04:48 PM	3611984688	1013.00	28.50	27.78	86.2	28.36	27.78	87.3	27.18	27.78	97.5	27.69	27.78	92.9
16/06/2018 7:04:49 PM	3611984689	1013.00	28.53	27.79	85.9	28.36	27.79	87.3	27.13	27.79	97.9	27.73	27.79	92.5
16/06/2018 7:04:50 PM	3611984690	1013.00	28.52	27.79	86.0	28.35	27.79	87.4	27.17	27.79	97.6	27.71	27.79	92.7
16/06/2018 7:04:51 PM	3611984691	1013.00	28.54	27.78	85.9	28.36	27.78	87.3	27.11	27.78	98.1	27.75	27.78	92.4
16/06/2018 7:04:52 PM	3611984692	1013.00	28.54	27.78	85.9	28.40	27.78	87.0	27.12	27.78	98.0	27.70	27.78	92.8
16/06/2018 7:04:53 PM	3611984693	1013.00	28.53	27.78	85.9	28.36	27.78	87.3	27.27	27.78	96.7	27.73	27.78	92.6
16/06/2018 7:04:54 PM	3611984694	1013.00	28.54	27.78	85.9	28.40	27.78	87.0	27.09	27.78	98.3	27.76	27.78	92.3
16/06/2018 7:04:55 PM	3611984695	1013.00	28.53	27.78	85.9	28.39	27.78	87.1	27.18	27.78	97.5	27.74	27.78	92.5
16/06/2018 7:04:56 PM	3611984696	1013.00	28.55	27.78	85.8	28.40	27.78	87.0	27.20	27.78	97.3	27.72	27.78	92.7
16/06/2018 7:04:57 PM	3611984697	1013.00	28.55	27.78	85.8	28.38	27.78	87.1	27.29	27.78	96.5	27.71	27.78	92.7
16/06/2018 7:04:58 PM	3611984698	1013.00	28.55	27.78	85.8	28.43	27.78	86.7	27.18	27.78	97.5	27.74	27.78	92.5
16/06/2018 7:04:59 PM	3611984699	1013.00	28.53	27.79	85.9	28.43	27.79	86.7	27.24	27.79	96.9	27.73	27.79	92.5
16/06/2018 7:05:00 PM	3611984700	1013.00	28.56	27.79	85.7	28.42	27.79	86.8	27.21	27.79	97.2	27.73	27.79	92.5
16/06/2018 7:05:01 PM	3611984701	1013.00	28.54	27.79	85.8	28.42	27.79	86.8	27.18	27.79	97.5	27.73	27.79	92.5
16/06/2018 7:05:02 PM	3611984702	1013.00	28.54	27.79	85.8	28.42	27.79	86.8	27.23	27.79	97.0	27.77	27.79	92.2
16/06/2018 7:05:03 PM	3611984703	1013.00	28.56	27.78	85.7	28.46	27.78	86.5	27.22	27.78	97.1	27.78	27.78	92.1
16/06/2018 7:05:04 PM	3611984704	1013.00	28.56	27.78	85.7	28.42	27.78	86.8	27.16	27.78	97.7	27.77	27.78	92.2
16/06/2018 7:05:05 PM	3611984705	1013.00	28.58	27.78	85.5	28.47	27.78	86.4	27.23	27.78	97.0	27.77	27.78	92.2
16/06/2018 7:05:06 PM	3611984706	1013.00	28.54	27.77	85.9	28.48	27.77	86.4	27.31	27.77	96.3	27.72	27.77	92.7
16/06/2018 7:05:07 PM	3611984707	1013.00	28.58	27.78	85.5	28.44	27.78	86.7	27.19	27.78	97.4	27.77	27.78	92.2
16/06/2018 7:05:08 PM	3611984708	1013.00	28.59	27.78	85.5	28.46	27.78	86.5	27.18	27.78	97.5	27.74	27.78	92.5
16/06/2018 7:05:09 PM	3611984709	1013.00	28.59	27.79	85.5	28.51	27.79	86.1	27.31	27.79	96.3	27.78	27.79	92.1
16/06/2018 7:05:10 PM	3611984710	1013.00	28.62	27.79	85.2	28.48	27.79	86.3	27.24	27.79	96.9	27.77	27.79	92.2
16/06/2018 7:05:11 PM	3611984711	1013.00	28.67	27.79	84.8	28.48	27.79	86.3	27.28	27.79	96.5	27.81	27.79	91.9
16/06/2018 7:05:12 PM	3611984712	1013.00	28.65	27.79	85.0	28.51	27.79	86.1	27.28	27.79	96.5	27.86	27.79	91.4
16/06/2018 7:05:13 PM	3611984713	1013.00	28.64	27.79	85.1	28.48	27.79	86.3	27.31	27.79	96.3	27.81	27.79	91.9
16/06/2018 7:05:14 PM	3611984714	1013.00	28.64	27.79	85.1	28.51	27.79	86.1	27.23	27.79	97.0	27.77	27.79	92.2
16/06/2018 7:05:15 PM	3611984715	1013.00	28.67	27.79	84.8	28.51	27.79	86.1	27.29	27.79	96.5	27.82	27.79	91.8
16/06/2018 7:05:16 PM	3611984716	1013.00	28.64	27.79	85.1	28.51	27.79	86.1	27.29	27.79	96.5	27.81	27.79	91.9
16/06/2018 7:05:17 PM	3611984717	1013.00	28.67	27.79	84.8	28.52	27.79	86.0	27.18	27.79	97.5	27.90	27.79	91.1
16/06/2018 7:05:18 PM	3611984718	1013.00	28.67	27.79	84.8	28.56	27.79	85.7	27.26	27.79	96.7	27.85	27.79	91.5
16/06/2018 7:05:19 PM	3611984719	1013.00	28.67	27.79	84.8	28.53	27.79	85.9	27.18	27.79	97.5	27.82	27.79	91.8
16/06/2018 7:05:20 PM	3611984720	1013.00	28.65	27.79	85.0	28.56	27.79	85.7	27.23	27.79	97.0	27.88	27.79	91.3
16/06/2018 7:05:21 PM	3611984721	1013.00	28.69	27.79	84.7	28.55	27.79	85.8	27.16	27.79	97.7	27.93	27.79	90.8
16/06/2018 7:05:22 PM	3611984722	1013.00	28.69	27.80	84.7	28.57	27.80	85.6	27.30	27.80	96.3	27.88	27.80	91.2
16/06/2018 7:05:23 PM	3611984723	1013.00	28.74	27.80	84.3	28.53	27.80	85.9	27.33	27.80	96.1	27.88	27.80	91.2
16/06/2018 7:05:24 PM	3611984724	1013.00	28.69	27.79	84.7	28.54	27.79	85.8	27.27	27.79	96.6	27.89	27.79	91.2
16/06/2018 7:05:25 PM	3611984725	1013.00	28.74	27.79	84.3	28.59	27.79	85.5	27.22	27.79	97.1	27.93	27.79	90.8
16/06/2018 7:05:26 PM	3611984726	1013.00	28.71	27.80	84.5	28.61	27.80	85.3	27.23	27.80	97.0	27.91	27.80	91.0
16/06/2018 7:05:27 PM	3611984727	1013.00	28.68	27.79	84.8	28.60	27.79	85.4	27.12	27.79	98.0	27.89	27.79	91.2
16/06/2018 7:05:28 PM	3611984728	1013.00	28.73	27.79	84.4	28.59	27.79	85.5	27.23	27.79	97.0	27.93	27.79	90.8
16/06/2018 7:05:29 PM	3611984729	1013.00	28.71	27.79	84.5	28.58	27.79	85.5	27.21	27.79	97.2	27.91	27.79	91.0
16/06/2018 7:05:30 PM	3611984730	1013.00	28.74	27.79	84.3	28.60	27.79	85.4	27.24	27.79	96.9	27.90	27.79	91.1
16/06/2018 7:05:31 PM	3611984731	1013.00	28.72	27.79	84.4	28.58	27.79	85.5	27.33	27.79	96.1	27.93	27.79	90.8
16/06/2018 7:05:32 PM	3611984732	1013.00	28.72	27.80	84.4	28.62	27.80	85.2	27.26	27.80	96.7	27.97	27.80	90.5
16/06/2018 7:05:33 PM	3611984733	1013.00	28.72	27.80	84.4	28.57	27.80	85.6	27.15	27.80	97.7	27.94	27.80	90.7
16/06/2018 7:05:34 PM	3611984734	1013.00	28.76	27.80	84.1	28.59	27.80	85.4	27.35	27.80	95.9	27.96	27.80	90.6
16/06/2018 7:05:35 PM	3611984735	1013.00	28.74	27.80	84.3	28.64	27.80	85.0	27.19	27.80	97.4	27.94	27.80	90.7
16/06/2018 7:05:36 PM	3611984736	1013.00	28.76	27.80	84.1	28.55	27.80	85.8	27.12	27.80	98.0	27.97	27.80	90.5
16/06/2018 7:05:37 PM	3611984737	1013.00	28.77	27.80	84.0	28.63	27.80	85.1	27.21	27.80	97.2	28.01	27.80	90.1
16/06/2018 7:05:38 PM	3611984738	1013.00	28.77	27.80	84.0	28.65	27.80	85.0	27.37	27.80	95.7	27.95	27.80	90.7
16/06/2018 7:05:39 PM	3611984739	1013.00	28.79	27.79	83.9	28.62	27.79	85.2	27.21	27.79	97.2	28.01	27.79	90.2
16/06/2018 7:05:40 PM	3611984740	1013.00	28.77	27.79	84.1	28.63	27.79	85.1	27.33	27.79	96.1	27.94	27.79	90.8
16/06/2018 7:05:41 PM	3611984741	1013.00	28.82	27.79	83.7	28.64	27.79	85.1	27.29	27.79	96.5	27.95	27.79	90.7
16/06/2018 7:05:42 PM	3611984742	1013.00	28.77	27.78	84.1	28.65	27.78	85.0	27.22	27.78	97.1	27.99	27.78	90.3
16/06/2018 7:05:43 PM	3611984743	1013.00	28.83	27.78	83.6	28.63	27.78	85.2	27.18	27.78	97.5	27.92	27.78	90.9
16/06/2018 7:05:44 PM	3611984744	1013.00	28.81	27.79	83.7	28.69	27.79	84.7	27.23	27.79	97.0	27.96	27.79	90.6
16/06/2018 7:05:45 PM	3611984745	1013.00	28.79	27.78	83.9	28.67	27.78	84.8	27.30	27.78	96.4	27.94	27.78	90.8
16/06/2018 7:05:46 PM	3611984746	1013.00	28.79	27.78	83.9	28.66	27.78	84.9	27.31	27.78	96.3	27.94	27.78	90.8
16/06/2018 7:05:47 PM	3611984747	1013.00	28.84	27.78	83.5	28.66	27.78	84.9	27.24	27.78	96.9	27.98	27.78	90.4
16/06/2018 7:05:48 PM	3611984748	1013.00	28.84	27.78	83.5	28.67	27.78	84.8	27.30	27.78	96.4	28.00	27.78	90.3
16/06/2018 7:05:49 PM	3611984749	1013.00	28.82	27.79	83.7	28.67	27.79	84.8	27.32	27.79	96.2	28.00	27.79	90.2
16/06/2018 7:05:50 PM	3611984750	1013.00	28.85	27.79	83.4	28.67	27.79	84.8	27.40	27.79	95.5	28.03	27.79	90.0
16/06/2018 7:05:51 PM	3611984751	1013.00	28.87	27.79	83.3	28.70	27.79	84.6	27.32	27.79	96.2	27.97	27.79	90.5
16/06/2018 7:05:52 PM	3611984752	1013.00	28.83	27.79	83.6	28.69	27.79	84.7	27.30	27.79	96.4	28.00	27.79	90.2
16/06/2018 7:05:53 PM	3611984753	1013.00	28.84	27.79	83.5	28.71	27.79	84.5	27.30	27.79	96.4	27.94	27.79	90.8
16/06/2018 7:05:54 PM	3611984754	1013.00	28.87	27.79	83.3	28.69	27.79	84.7	27.34	27.79	96.0	28.04	27.79	89.9
16/06/2018 7:05:55 PM	3611984755	1013.00	28.85	27.79	83.4	28.72	27.79	84.4	27.41	27.79	95.4	27.94	27.79	90.8
16/06/2018 7:05:56 PM	3611984756	1013.00	28.88	27.79	83.2	28.74	27.79	84.3	27.34	27.79	96.0	27.97	27.79	90.5
16/06/2018 7:05:57 PM	3611984757	1013.00	28.89	27.79	83.1	28.70	27.79	84.6	27.42	27.79	95.3	28.00	27.79	90.2
16/06/2018 7:05:58 PM	3611984758	1013.00	28.88	27.80	83.2	28.68	27.80	84.7	27.39	27.80	95.5	27.99	27.80	90.3
16/06/2018 7:05:59 PM	3611984759	1013.00	28.86	27.80	83.4	28.77	27.80	84.0	27.31	27.80	96.3	27.99	27.80	90.3
16/06/2018 7:06:00 PM	3611984760	1013.00	28.88	27.79	83.2	28.77	27.79	84.1	27.46	27.79	94.9	28.01	27.79	90.2
16/06/2018 7:06:01 PM	3611984761	1013.00	28.88	27.80	83.2	28.79	27.80	83.9	27.29	27.80	96.4	28.05	27.80	89.8
16/06/2018 7:06:02 PM	3611984762	1013.00	28.91	27.80	83.0	28.82	27.80	83.7	27.37	27.80	95.7	28.04	27.80	89.9
16/06/2018 7:06:03 PM	3611984763	1013.00	28.88	27.80	83.2	28.81	27.80	83.7	27.41	27.80	95.4	28.03	27.80	90.0
16/06/2018 7:06:04 PM	3611984764	1013.00	28.88	27.80	83.2	28.86	27.80	83.4	27.40	27.80	95.4	28.01	27.80	90.1
16/06/2018 7:06:05 PM	3611984765	1013.00	28.90	27.80	83.0	28.85	27.80	83.4	27.53	27.80	94.3	28.03	27.80	90.0
16/06/2018 7:06:06 PM	3611984766	1013.00	28.86	27.79	83.4	28.84	27.79	83.5	27.46	27.79	94.9	28.05	27.79	89.8
16/06/2018 7:06:07 PM	3611984767	1013.00	28.89	27.79	83.1	28.89	27.79	83.1	27.41	27.79	95.4	28.02	27.79	90.1
16/06/2018 7:06:08 PM	3611984768	1013.00	28.92	27.79	82.9	28.90	27.79	83.1	27.43	27.79	95.2	28.04	27.79	89.9
16/06/2018 7:06:09 PM	3611984769	1013.00	28.92	27.79	82.9	28.88	27.79	83.2	27.52	27.79	94.4	28.05	27.79	89.8
16/06/2018 7:06:10 PM	3611984770	1013.00	28.91	27.79	83.0	28.91	27.79	83.0	27.37	27.79	95.7	28.01	27.79	90.2
16/06/2018 7:06:11 PM	3611984771	1013.00	28.91	27.79	83.0	28.94	27.79	82.8	27.49	27.79	94.7	28.09	27.79	89.5
16/06/2018 7:06:12 PM	3611984772	1013.00	28.90	27.79	83.1	28.91	27.79	83.0	27.48	27.79	94.7	28.11	27.79	89.3
16/06/2018 7:06:13 PM	3611984773	1013.00	28.91	27.79	83.0	28.91	27.79	83.0	27.44	27.79	95.1	28.06	27.79	89.7
16/06/2018 7:06:14 PM	3611984774	1013.00	28.97	27.79	82.5	28.91	27.79	83.0	27.53	27.79	94.3	28.07	27.79	89.7
16/06/2018 7:06:15 PM	3611984775	1013.00	28.93	27.79	82.8	28.94	27.79	82.8	27.43	27.79	95.2	28.03	27.79	90.0
16/06/2018 7:06:16 PM	3611984776	1013.00	28.93	27.79	82.8	28.94	27.79	82.8	27.47	27.79	94.8	28.08	27.79	89.6
16/06/2018 7:06:17 PM	3611984777	1013.00	28.95	27.79	82.7	28.96	27.79	82.6	27.54	27.79	94.2	28.04	27.79	89.9
16/06/2018 7:06:18 PM	3611984778	1013.00	28.91	27.79	83.0	28.94	27.79	82.8	27.57	27.79	93.9	28.08	27.79	89.6
16/06/2018 7:06:19 PM	3611984779	1013.00	28.93	27.79	82.8	28.96	27.79	82.6	27.40	27.79	95.5	28.05	27.79	89.8
16/06/2018 7:06:20 PM	3611984780	1013.00	28.96	27.79	82.6	28.96	27.79	82.6	27.49	27.79	94.7	28.08	27.79	89.6
16/06/2018 7:06:21 PM	3611984781	1013.00	28.93	27.80	82.8	28.96	27.80	82.6	27.43	27.80	95.2	28.13	27.80	89.1
16/06/2018 7:06:22 PM	3611984782	1013.00	28.97	27.80	82.5	28.98	27.80	82.4	27.49	27.80	94.6	28.11	27.80	89.3
16/06/2018 7:06:23 PM	3611984783	1013.00	28.96	27.80	82.6	28.98	27.80	82.4	27.45	27.80	95.0	28.08	27.80	89.6
16/06/2018 7:06:24 PM	3611984784	1013.00	28.96	27.80	82.6	28.98	27.80	82.4	27.59	27.80	93.8	28.05	27.80	89.8
16/06/2018 7:06:25 PM	3611984785	1013.00	28.97	27.80	82.5	28.99	27.80	82.4	27.47	27.80	94.8	28.04	27.80	89.9
16/06/2018 7:06:26 PM	3611984786	1013.00	29.02	27.80	82.1	28.97	27.80	82.5	27.45	27.80	95.0	28.08	27.80	89.6
16/06/2018 7:06:27 PM	3611984787	1013.00	28.98	27.80	82.4	28.98	27.80	82.4	27.47	27.80	94.8	28.10	27.80	89.4
16/06/2018 7:06:28 PM	3611984788	1013.00	28.99	27.80	82.4	29.00	27.80	82.3	27.53	27.80	94.3	28.11	27.80	89.3
16/06/2018 7:06:29 PM	3611984789	1013.00	28.99	27.79	82.4	29.01	27.79	82.2	27.42	27.79	95.3	28.09	27.79	89.5
16/06/2018 7:06:30 PM	3611984790	1013.00	28.99	27.80	82.4	29.04	27.80	82.0	27.49	27.80	94.6	28.09	27.80	89.5
16/06/2018 7:06:31 PM	3611984791	1013.00	29.06	27.79	81.9	29.06	27.79	81.9	27.59	27.79	93.8	28.15	27.79	89.0
16/06/2018 7:06:32 PM	3611984792	1013.00	29.03	27.79	82.1	29.06	27.79	81.9	27.45	27.79	95.0	28.14	27.79	89.1
16/06/2018 7:06:33 PM	3611984793	1013.00	29.03	27.79	82.1	29.04	27.79	82.0	27.49	27.79	94.7	28.10	27.79	89.4
16/06/2018 7:06:34 PM	3611984794	1013.00	29.02	27.79	82.2	29.09	27.79	81.6	27.49	27.79	94.7	28.14	27.79	89.1
16/06/2018 7:06:35 PM	3611984795	1013.00	29.08	27.79	81.7	29.05	27.79	81.9	27.60	27.79	93.7	28.09	27.79	89.5
16/06/2018 7:06:36 PM	3611984796	1013.00	29.06	27.79	81.9	29.06	27.79	81.9	27.55	27.79	94.1	28.14	27.79	89.1
16/06/2018 7:06:37 PM	3611984797	1013.00	29.03	27.80	82.1	29.11	27.80	81.5	27.66	27.80	93.1	28.11	27.80	89.3
16/06/2018 7:06:38 PM	3611984798	1013.00	29.05	27.79	81.9	29.11	27.79	81.5	27.52	27.79	94.4	28.16	27.79	88.9
16/06/2018 7:06:39 PM	3611984799	1013.00	29.05	27.79	81.9	29.05	27.79	81.9	27.54	27.79	94.2	28.17	27.79	88.8
16/06/2018 7:06:40 PM	3611984800	1013.00	29.06	27.79	81.9	29.07	27.79	81.8	27.54	27.79	94.2	28.11	27.79	89.3
16/06/2018 7:06:41 PM	3611984801	1013.00	29.08	27.79	81.7	29.10	27.79	81.6	27.53	27.79	94.3	28.14	27.79	89.1
16/06/2018 7:06:42 PM	3611984802	1013.00	29.09	27.79	81.6	29.09	27.79	81.6	27.71	27.79	92.7	28.19	27.79	88.7
16/06/2018 7:06:43 PM	3611984803	1013.00	29.07	27.79	81.8	29.15	27.79	81.2	27.62	27.79	93.5	28.22	27.79	88.4
16/06/2018 7:06:44 PM	3611984804	1013.00	29.12	27.79	81.4	29.20	27.79	80.8	27.62	27.79	93.5	28.21	27.79	88.5
16/06/2018 7:06:45 PM	3611984805	1013.00	29.08	27.79	81.7	29.17	27.79	81.0	27.69	27.79	92.9	28.16	27.79	88.9
16/06/2018 7:06:46 PM	3611984806	1013.00	29.11	27.79	81.5	29.19	27.79	80.9	27.61	27.79	93.6	28.28	27.79	87.9
16/06/2018 7:06:47 PM	3611984807	1013.00	29.13	27.79	81.3	29.19	27.79	80.9	27.67	27.79	93.1	28.26	27.79	88.1
16/06/2018 7:06:48 PM	3611984808	1013.00	29.10	27.79	81.6	29.21	27.79	80.7	27.71	27.79	92.7	28.25	27.79	88.2
16/06/2018 7:06:49 PM	3611984809	1013.00	29.13	27.79	81.3	29.20	27.79	80.8	27.59	27.79	93.8	28.27	27.79	88.0
16/06/2018 7:06:50 PM	3611984810	1013.00	29.15	27.79	81.2	29.22	27.79	80.7	27.71	27.79	92.7	28.26	27.79	88.1
16/06/2018 7:06:51 PM	3611984811	1013.00	29.13	27.79	81.3	29.25	27.79	80.5	27.69	27.79	92.9	28.25	27.79	88.2
16/06/2018 7:06:52 PM	3611984812	1013.00	29.13	27.79	81.3	29.25	27.79	80.5	27.65	27.79	93.2	28.30	27.79	87.8
16/06/2018 7:06:53 PM	3611984813	1013.00	29.13	27.79	81.3	29.26	27.79	80.4	27.61	27.79	93.6	28.29	27.79	87.9
16/06/2018 7:06:54 PM	3611984814	1013.00	29.11	27.80	81.5	29.28	27.80	80.2	27.63	27.80	93.4	28.27	27.80	88.0
16/06/2018 7:06:55 PM	3611984815	1013.00	29.12	27.80	81.4	29.23	27.80	80.6	27.66	27.80	93.1	28.28	27.80	87.9
16/06/2018 7:06:56 PM	3611984816	1013.00	29.14	27.79	81.3	29.23	27.79	80.6	27.64	27.79	93.3	28.25	27.79	88.2
16/06/2018 7:06:57 PM	3611984817	1013.00	29.14	27.79	81.3	29.26	27.79	80.4	27.63	27.79	93.4	28.27	27.79	88.0
16/06/2018 7:06:58 PM	3611984818	1013.00	29.14	27.79	81.3	29.26	27.79	80.4	27.58	27.79	93.9	28.31	27.79	87.7
16/06/2018 7:06:59 PM	3611984819	1013.00	29.16	27.79	81.1	29.28	27.79	80.2	27.64	27.79	93.3	28.29	27.79	87.9
16/06/2018 7:07:00 PM	3611984820	1013.00	29.15	27.80	81.2	29.24	27.80	80.5	27.63	27.80	93.4	28.25	27.80	88.2
16/06/2018 7:07:01 PM	3611984821	1013.00	29.12	27.80	81.4	29.26	27.80	80.4	27.66	27.80	93.1	28.29	27.80	87.8
16/06/2018 7:07:02 PM	3611984822	1013.00	29.17	27.80	81.0	29.28	27.80	80.2	27.63	27.80	93.4	28.32	27.80	87.6
16/06/2018 7:07:03 PM	3611984823	1013.00	29.17	27.80	81.0	29.27	27.80	80.3	27.64	27.80	93.3	28.28	27.80	87.9
16/06/2018 7:07:04 PM	3611984824	1013.00	29.15	27.79	81.2	29.24	27.79	80.5	27.60	27.79	93.7	28.30	27.79	87.8
16/06/2018 7:07:05 PM	3611984825	1013.00	29.16	27.79	81.1	29.28	27.79	80.2	27.65	27.79	93.2	28.30	27.79	87.8
16/06/2018 7:07:06 PM	3611984826	1013.00	29.17	27.79	81.0	29.28	27.79	80.2	27.72	27.79	92.6	28.30	27.79	87.8
16/06/2018 7:07:07 PM	3611984827	1013.00	29.20	27.78	80.8	29.30	27.78	80.1	27.75	27.78	92.4	28.33	27.78	87.5
16/06/2018 7:07:08 PM	3611984828	1013.00	29.15	27.78	81.2	29.28	27.78	80.2	27.66	27.78	93.2	28.38	27.78	87.1
16/06/2018 7:07:09 PM	3611984829	1013.00	29.20	27.78	80.8	29.31	27.78	80.0	27.63	27.78	93.4	28.33	27.78	87.5
16/06/2018 7:07:10 PM	3611984830	1013.00	29.21	27.78	80.8	29.30	27.78	80.1	27.65	27.78	93.3	28.36	27.78	87.3
16/06/2018 7:07:11 PM	3611984831	1013.00	29.21	27.78	80.8	29.36	27.78	79.7	27.69	27.78	92.9	28.33	27.78	87.5
16/06/2018 7:07:12 PM	3611984832	1013.00	29.24	27.78	80.5	29.36	27.78	79.7	27.65	27.78	93.3	28.39	27.78	87.1
16/06/2018 7:07:13 PM	3611984833	1013.00	29.22	27.78	80.7	29.35	27.78	79.7	27.66	27.78	93.2	28.39	27.78	87.1
16/06/2018 7:07:14 PM	3611984834	1013.00	29.26	27.78	80.4	29.31	27.78	80.0	27.63	27.78	93.4	28.41	27.78	86.9
16/06/2018 7:07:15 PM	3611984835	1013.00	29.24	27.79	80.5	29.35	27.79	79.7	27.73	27.79	92.5	28.40	27.79	87.0
16/06/2018 7:07:16 PM	3611984836	1013.00	29.21	27.79	80.7	29.38	27.79	79.5	27.63	27.79	93.4	28.40	27.79	87.0
16/06/2018 7:07:17 PM	3611984837	1013.00	29.25	27.79	80.5	29.38	27.79	79.5	27.63	27.79	93.4	28.41	27.79	86.9
16/06/2018 7:07:18 PM	3611984838	1013.00	29.25	27.79	80.5	29.39	27.79	79.4	27.68	27.79	93.0	28.42	27.79	86.8
16/06/2018 7:07:19 PM	3611984839	1013.00	29.25	27.80	80.4	29.37	27.80	79.6	27.68	27.80	93.0	28.44	27.80	86.6
16/06/2018 7:07:20 PM	3611984840	1013.00	29.26	27.79	80.4	29.38	27.79	79.5	27.62	27.79	93.5	28.41	27.79	86.9
16/06/2018 7:07:21 PM	3611984841	1013.00	29.25	27.80	80.4	29.39	27.80	79.4	27.76	27.80	92.3	28.44	27.80	86.6
16/06/2018 7:07:22 PM	3611984842	1013.00	29.26	27.80	80.4	29.37	27.80	79.6	27.76	27.80	92.3	28.39	27.80	87.0
16/06/2018 7:07:23 PM	3611984843	1013.00	29.29	27.80	80.1	29.42	27.80	79.2	27.76	27.80	92.3	28.40	27.80	86.9
16/06/2018 7:07:24 PM	3611984844	1013.00	29.32	27.80	79.9	29.38	27.80	79.5	27.88	27.80	91.2	28.45	27.80	86.5
16/06/2018 7:07:25 PM	3611984845	1013.00	29.27	27.80	80.3	29.37	27.80	79.6	27.75	27.80	92.4	28.49	27.80	86.2
16/06/2018 7:07:26 PM	3611984846	1013.00	29.28	27.80	80.2	29.43	27.80	79.1	27.66	27.80	93.1	28.45	27.80	86.5
16/06/2018 7:07:27 PM	3611984847	1013.00	29.30	27.80	80.1	29.39	27.80	79.4	27.77	27.80	92.2	28.50	27.80	86.1
16/06/2018 7:07:28 PM	3611984848	1013.00	29.28	27.79	80.2	29.43	27.79	79.2	27.72	27.79	92.6	28.49	27.79	86.2
16/06/2018 7:07:29 PM	3611984849	1013.00	29.30	27.79	80.1	29.42	27.79	79.2	27.74	27.79	92.5	28.52	27.79	86.0
16/06/2018 7:07:30 PM	3611984850	1013.00	29.31	27.79	80.0	29.47	27.79	78.9	27.75	27.79	92.4	28.46	27.79	86.5
16/06/2018 7:07:31 PM	3611984851	1013.00	29.32	27.79	79.9	29.43	27.79	79.2	27.88	27.79	91.3	28.50	27.79	86.2
16/06/2018 7:07:32 PM	3611984852	1013.00	29.34	27.79	79.8	29.42	27.79	79.2	27.72	27.79	92.6	28.50	27.79	86.2
16/06/2018 7:07:33 PM	3611984853	1013.00	29.34	27.79	79.8	29.44	27.79	79.1	27.78	27.79	92.1	28.53	27.79	85.9
16/06/2018 7:07:34 PM	3611984854	1013.00	29.36	27.79	79.7	29.43	27.79	79.2	27.86	27.79	91.4	28.48	27.79	86.3
16/06/2018 7:07:35 PM	3611984855	1013.00	29.36	27.79	79.7	29.40	27.79	79.4	27.80	27.79	91.9	28.51	27.79	86.1
16/06/2018 7:07:36 PM	3611984856	1013.00	29.38	27.79	79.5	29.43	27.79	79.2	27.77	27.79	92.2	28.53	27.79	85.9
16/06/2018 7:07:37 PM	3611984857	1013.00	29.40	27.79	79.4	29.45	27.79	79.0	27.84	27.79	91.6	28.52	27.79	86.0
16/06/2018 7:07:38 PM	3611984858	1013.00	29.38	27.79	79.5	29.49	27.79	78.7	27.81	27.79	91.9	28.46	27.79	86.5
16/06/2018 7:07:39 PM	3611984859	1013.00	29.41	27.79	79.3	29.49	27.79	78.7	27.78	27.79	92.1	28.50	27.79	86.2
16/06/2018 7:07:40 PM	3611984860	1013.00	29.46	27.79	78.9	29.53	27.79	78.4	27.86	27.79	91.4	28.55	27.79	85.8
16/06/2018 7:07:41 PM	3611984861	1013.00	29.45	27.80	79.0	29.48	27.80	78.8	27.75	27.80	92.4	28.54	27.80	85.8
16/06/2018 7:07:42 PM	3611984862	1013.00	29.44	27.80	79.1	29.56	27.80	78.2	27.82	27.80	91.8	28.49	27.80	86.2
16/06/2018 7:07:43 PM	3611984863	1013.00	29.46	27.80	78.9	29.56	27.80	78.2	27.84	27.80	91.6	28.47	27.80	86.4
16/06/2018 7:07:44 PM	3611984864	1013.00	29.45	27.80	79.0	29.48	27.80	78.8	27.97	27.80	90.5	28.48	27.80	86.3
16/06/2018 7:07:45 PM	3611984865	1013.00	29.48	27.79	78.8	29.54	27.79	78.4	27.82	27.79	91.8	28.55	27.79	85.8
16/06/2018 7:07:46 PM	3611984866	1013.00	29.48	27.79	78.8	29.52	27.79	78.5	27.88	27.79	91.3	28.46	27.79	86.5
16/06/2018 7:07:47 PM	3611984867	1013.00	29.47	27.79	78.9	29.54	27.79	78.4	27.82	27.79	91.8	28.49	27.79	86.2
16/06/2018 7:07:48 PM	3611984868	1013.00	29.49	27.79	78.7	29.59	27.79	78.0	27.95	27.79	90.7	28.50	27.79	86.2
16/06/2018 7:07:49 PM	3611984869	1013.00	29.47	27.79	78.9	29.57	27.79	78.2	27.91	27.79	91.0	28.44	27.79	86.6
16/06/2018 7:07:50 PM	3611984870	1013.00	29.48	27.79	78.8	29.57	27.79	78.2	27.92	27.79	90.9	28.51	27.79	86.1
16/06/2018 7:07:51 PM	3611984871	1013.00	29.51	27.79	78.6	29.59	27.79	78.0	27.92	27.79	90.9	28.48	27.79	86.3
16/06/2018 7:07:52 PM	3611984872	1013.00	29.49	27.79	78.7	29.57	27.79	78.2	28.00	27.79	90.2	28.48	27.79	86.3
16/06/2018 7:07:53 PM	3611984873	1013.00	29.54	27.79	78.4	29.56	27.79	78.2	27.91	27.79	91.0	28.54	27.79	85.8
16/06/2018 7:07:54 PM	3611984874	1013.00	29.50	27.79	78.7	29.59	27.79	78.0	27.89	27.79	91.2	28.57	27.79	85.6
16/06/2018 7:07:55 PM	3611984875	1013.00	29.50	27.78	78.7	29.65	27.78	77.6	27.88	27.78	91.3	28.53	27.78	85.9
16/06/2018 7:07:56 PM	3611984876	1013.00	29.57	27.79	78.2	29.59	27.79	78.0	27.97	27.79	90.5	28.55	27.79	85.8
16/06/2018 7:07:57 PM	3611984877	1013.00	29.59	27.79	78.0	29.59	27.79	78.0	28.04	27.79	89.9	28.53	27.79	85.9
16/06/2018 7:07:58 PM	3611984878	1013.00	29.57	27.79	78.2	29.66	27.79	77.5	27.84	27.79	91.6	28.50	27.79	86.2
16/06/2018 7:07:59 PM	3611984879	1013.00	29.61	27.79	77.9	29.63	27.79	77.7	27.89	27.79	91.2	28.56	27.79	85.7
16/06/2018 7:08:00 PM	3611984880	1013.00	29.66	27.79	77.5	29.59	27.79	78.0	27.84	27.79	91.6	28.58	27.79	85.5
16/06/2018 7:08:01 PM	3611984881	1013.00	29.61	27.79	77.9	29.61	27.79	77.9	27.90	27.79	91.1	28.55	27.79	85.8
16/06/2018 7:08:02 PM	3611984882	1013.00	29.63	27.79	77.7	29.63	27.79	77.7	27.88	27.79	91.3	28.59	27.79	85.5
16/06/2018 7:08:03 PM	3611984883	1013.00	29.64	27.79	77.7	29.64	27.79	77.7	27.87	27.79	91.3	28.55	27.79	85.8
16/06/2018 7:08:04 PM	3611984884	1013.00	29.67	27.80	77.4	29.65	27.80	77.6	27.92	27.80	90.9	28.62	27.80	85.2
16/06/2018 7:08:05 PM	3611984885	1013.00	29.65	27.79	77.6	29.62	27.79	77.8	27.94	27.79	90.8	28.60	27.79	85.4
16/06/2018 7:08:06 PM	3611984886	1013.00	29.62	27.79	77.8	29.61	27.79	77.9	27.96	27.79	90.6	28.54	27.79	85.8
16/06/2018 7:08:07 PM	3611984887	1013.00	29.67	27.79	77.5	29.66	27.79	77.5	27.82	27.79	91.8	28.55	27.79	85.8
16/06/2018 7:08:08 PM	3611984888	1013.00	29.67	27.79	77.5	29.64	27.79	77.7	27.81	27.79	91.9	28.59	27.79	85.5
16/06/2018 7:08:09 PM	3611984889	1013.00	29.69	27.79	77.3	29.65	27.79	77.6	28.07	27.79	89.7	28.63	27.79	85.1
16/06/2018 7:08:10 PM	3611984890	1013.00	29.70	27.79	77.2	29.67	27.79	77.5	27.90	27.79	91.1	28.61	27.79	85.3
16/06/2018 7:08:11 PM	3611984891	1013.00	29.68	27.79	77.4	29.69	27.79	77.3	28.02	27.79	90.1	28.58	27.79	85.5
16/06/2018 7:08:12 PM	3611984892	1013.00	29.71	27.79	77.2	29.67	27.79	77.5	27.87	27.79	91.3	28.64	27.79	85.1
16/06/2018 7:08:13 PM	3611984893	1013.00	29.70	27.79	77.2	29.69	27.79	77.3	27.96	27.79	90.6	28.62	27.79	85.2
16/06/2018 7:08:14 PM	3611984894	1013.00	29.69	27.79	77.3	29.64	27.79	77.7	27.95	27.79	90.7	28.69	27.79	84.7
16/06/2018 7:08:15 PM	3611984895	1013.00	29.69	27.78	77.3	29.69	27.78	77.3	28.05	27.78	89.8	28.63	27.78	85.2
16/06/2018 7:08:16 PM	3611984896	1013.00	29.72	27.78	77.1	29.69	27.78	77.3	27.96	27.78	90.6	28.67	27.78	84.8
16/06/2018 7:08:17 PM	3611984897	1013.00	29.70	27.78	77.3	29.68	27.78	77.4	27.95	27.78	90.7	28.67	27.78	84.8
16/06/2018 7:08:18 PM	3611984898	1013.00	29.67	27.78	77.5	29.69	27.78	77.3	28.05	27.78	89.8	28.78	27.78	84.0
16/06/2018 7:08:19 PM	3611984899	1013.00	29.72	27.78	77.1	29.68	27.78	77.4	27.98	27.78	90.4	28.69	27.78	84.7
16/06/2018 7:08:20 PM	3611984900	1013.00	29.69	27.78	77.3	29.72	27.78	77.1	27.92	27.78	90.9	28.66	27.78	84.9
16/06/2018 7:08:21 PM	3611984901	1013.00	29.72	27.78	77.1	29.68	27.78	77.4	27.99	27.78	90.3	28.66	27.78	84.9
16/06/2018 7:08:22 PM	3611984902	1013.00	29.70	27.78	77.3	29.65	27.78	77.6	27.98	27.78	90.4	28.70	27.78	84.6
16/06/2018 7:08:23 PM	3611984903	1013.00	29.71	27.79	77.2	29.72	27.79	77.1	27.94	27.79	90.8	28.70	27.79	84.6
16/06/2018 7:08:24 PM	3611984904	1013.00	29.73	27.79	77.0	29.67	27.79	77.5	28.16	27.79	88.9	28.71	27.79	84.5
16/06/2018 7:08:25 PM	3611984905	1013.00	29.70	27.78	77.3	29.69	27.78	77.3	28.05	27.78	89.8	28.74	27.78	84.3
16/06/2018 7:08:26 PM	3611984906	1013.00	29.72	27.78	77.1	29.69	27.78	77.3	28.04	27.78	89.9	28.79	27.78	83.9
16/06/2018 7:08:27 PM	3611984907	1013.00	29.70	27.78	77.3	29.71	27.78	77.2	28.05	27.78	89.8	28.72	27.78	84.5
16/06/2018 7:08:28 PM	3611984908	1013.00	29.70	27.78	77.3	29.69	27.78	77.3	28.09	27.78	89.5	28.76	27.78	84.1
16/06/2018 7:08:29 PM	3611984909	1013.00	29.71	27.78	77.2	29.71	27.78	77.2	28.01	27.78	90.2	28.77	27.78	84.1
16/06/2018 7:08:30 PM	3611984910	1013.00	29.74	27.78	77.0	29.74	27.78	77.0	27.97	27.78	90.5	28.81	27.78	83.8
16/06/2018 7:08:31 PM	3611984911	1013.00	29.74	27.78	77.0	29.69	27.78	77.3	28.11	27.78	89.3	28.77	27.78	84.1
16/06/2018 7:08:32 PM	3611984912	1013.00	29.72	27.78	77.1	29.73	27.78	77.1	28.00	27.78	90.3	28.76	27.78	84.1
16/06/2018 7:08:33 PM	3611984913	1013.00	29.74	27.78	77.0	29.73	27.78	77.1	27.98	27.78	90.4	28.76	27.78	84.1
16/06/2018 7:08:34 PM	3611984914	1013.00	29.79	27.78	76.6	29.75	27.78	76.9	28.11	27.78	89.3	28.81	27.78	83.8
16/06/2018 7:08:35 PM	3611984915	1013.00	29.75	27.78	76.9	29.76	27.78	76.8	28.15	27.78	89.0	28.75	27.78	84.2
16/06/2018 7:08:36 PM	3611984916	1013.00	29.76	27.78	76.8	29.74	27.78	77.0	28.12	27.78	89.3	28.82	27.78	83.7
16/06/2018 7:08:37 PM	3611984917	1013.00	29.81	27.78	76.5	29.72	27.78	77.1	28.08	27.78	89.6	28.84	27.78	83.5
16/06/2018 7:08:38 PM	3611984918	1013.00	29.77	27.78	76.8	29.75	27.78	76.9	28.04	27.78	89.9	28.77	27.78	84.1
16/06/2018 7:08:39 PM	3611984919	1013.00	29.78	27.78	76.7	29.78	27.78	76.7	28.11	27.78	89.3	28.85	27.78	83.5
16/06/2018 7:08:40 PM	3611984920	1013.00	29.79	27.78	76.6	29.76	27.78	76.8	28.10	27.78	89.4	28.80	27.78	83.8
16/06/2018 7:08:41 PM	3611984921	1013.00	29.82	27.78	76.4	29.79	27.78	76.6	27.98	27.78	90.4	28.81	27.78	83.8
16/06/2018 7:08:42 PM	3611984922	1013.00	29.80	27.78	76.6	29.79	27.78	76.6	28.11	27.78	89.3	28.82	27.78	83.7
