Date & time of file creation	17/06/2018 7:33 PM													
Data file path	C:\Users\ameli\Desktop\Luke Strasiotto\17062018\New_15.txt													
														
														
CALIBRATION DATA														
Parameter/Channel	N moving average	LO phase [r.U.]	HI phase [r.U.]	LO oxygen [%air saturation]	HI oxygen [%air saturation]	LO temperature [°C]	HI temperature [°C]	Salinity [‰]						
SDWD0003000199      , CH 1	1	59.43	28.43	0.00	100.00	19.00	19.00	0.000						
SDWD0003000199      , CH 2	1	59.43	28.43	0.00	100.00	19.00	19.00	0.000						
SDWD0003000199      , CH 3	1	59.43	28.43	0.00	100.00	19.00	19.00	0.000						
SDWD0003000199      , CH 4	1	59.43	28.43	0.00	100.00	19.00	19.00	0.000						
														
														
Date &Time [DD-MM-YYYY HH:MM:SS]	Time stamp code	Barometric pressure [hPa]	SDWD0003000199      , CH 1 phase [r.U.]	SDWD0003000199      , CH 1 temp [°C]	SDWD0003000199      , CH 1 O2 [% air saturation]	SDWD0003000199      , CH 2 phase [r.U.]	SDWD0003000199      , CH 2 temp [°C]	SDWD0003000199      , CH 2 O2 [% air saturation]	SDWD0003000199      , CH 3 phase [r.U.]	SDWD0003000199      , CH 3 temp [°C]	SDWD0003000199      , CH 3 O2 [% air saturation]	SDWD0003000199      , CH 4 phase [r.U.]	SDWD0003000199      , CH 4 temp [°C]	SDWD0003000199      , CH 4 O2 [% air saturation]
17/06/2018 7:34:07 PM	3612072847	1013.00	29.23	18.92	93.1	28.88	18.92	96.1	28.26	18.92	101.7	28.57	18.92	98.9
17/06/2018 7:34:08 PM	3612072848	1013.00	29.26	18.92	92.8	28.81	18.92	96.7	28.25	18.92	101.8	28.56	18.92	99.0
17/06/2018 7:34:09 PM	3612072849	1013.00	29.22	18.92	93.2	28.84	18.92	96.4	28.24	18.92	101.9	28.52	18.92	99.3
17/06/2018 7:34:10 PM	3612072850	1013.00	29.29	18.92	92.6	28.80	18.92	96.8	28.24	18.92	101.9	28.54	18.92	99.1
17/06/2018 7:34:11 PM	3612072851	1013.00	29.23	18.92	93.1	28.86	18.92	96.3	28.25	18.92	101.8	28.57	18.92	98.9
17/06/2018 7:34:12 PM	3612072852	1013.00	29.30	18.92	92.5	28.86	18.92	96.3	28.22	18.92	102.1	28.55	18.92	99.0
17/06/2018 7:34:13 PM	3612072853	1013.00	29.20	18.92	93.3	28.83	18.92	96.5	28.21	18.92	102.2	28.57	18.92	98.9
17/06/2018 7:34:14 PM	3612072854	1013.00	29.27	18.91	92.8	28.88	18.91	96.1	28.11	18.91	103.2	28.50	18.91	99.5
17/06/2018 7:34:15 PM	3612072855	1013.00	29.28	18.91	92.7	28.83	18.91	96.6	28.13	18.91	103.0	28.51	18.91	99.4
17/06/2018 7:34:16 PM	3612072856	1013.00	29.27	18.91	92.8	28.79	18.91	96.9	28.24	18.91	101.9	28.53	18.91	99.2
17/06/2018 7:34:17 PM	3612072857	1013.00	29.24	18.91	93.0	28.81	18.91	96.7	28.32	18.91	101.2	28.53	18.91	99.2
17/06/2018 7:34:18 PM	3612072858	1013.00	29.23	18.91	93.1	28.87	18.91	96.2	28.27	18.91	101.7	28.53	18.91	99.2
17/06/2018 7:34:19 PM	3612072859	1013.00	29.24	18.91	93.0	28.83	18.91	96.6	28.19	18.91	102.4	28.49	18.91	99.6
17/06/2018 7:34:20 PM	3612072860	1013.00	29.20	18.91	93.4	28.80	18.91	96.8	28.15	18.91	102.8	28.52	18.91	99.3
17/06/2018 7:34:21 PM	3612072861	1013.00	29.25	18.91	92.9	28.81	18.91	96.7	28.27	18.91	101.7	28.53	18.91	99.2
17/06/2018 7:34:22 PM	3612072862	1013.00	29.29	18.91	92.6	28.81	18.91	96.7	28.24	18.91	101.9	28.51	18.91	99.4
17/06/2018 7:34:23 PM	3612072863	1013.00	29.25	18.91	92.9	28.84	18.91	96.5	28.25	18.91	101.8	28.54	18.91	99.2
17/06/2018 7:34:24 PM	3612072864	1013.00	29.25	18.92	92.9	28.81	18.92	96.7	28.19	18.92	102.4	28.55	18.92	99.0
17/06/2018 7:34:25 PM	3612072865	1013.00	29.25	18.92	92.9	28.81	18.92	96.7	28.22	18.92	102.1	28.49	18.92	99.6
17/06/2018 7:34:26 PM	3612072866	1013.00	29.21	18.92	93.3	28.82	18.92	96.6	28.11	18.92	103.2	28.54	18.92	99.1
17/06/2018 7:34:27 PM	3612072867	1013.00	29.23	18.92	93.1	28.80	18.92	96.8	28.20	18.92	102.3	28.54	18.92	99.1
17/06/2018 7:34:28 PM	3612072868	1013.00	29.25	18.92	92.9	28.84	18.92	96.4	28.17	18.92	102.6	28.54	18.92	99.1
17/06/2018 7:34:29 PM	3612072869	1013.00	29.19	18.92	93.4	28.82	18.92	96.6	28.14	18.92	102.9	28.53	18.92	99.2
17/06/2018 7:34:30 PM	3612072870	1013.00	29.22	18.92	93.2	28.76	18.92	97.2	28.23	18.92	102.0	28.57	18.92	98.9
17/06/2018 7:34:31 PM	3612072871	1013.00	29.21	18.92	93.3	28.75	18.92	97.2	28.27	18.92	101.6	28.54	18.92	99.1
17/06/2018 7:34:32 PM	3612072872	1013.00	29.22	18.92	93.2	28.83	18.92	96.5	28.17	18.92	102.6	28.54	18.92	99.1
17/06/2018 7:34:33 PM	3612072873	1013.00	29.28	18.92	92.7	28.84	18.92	96.4	28.17	18.92	102.6	28.55	18.92	99.0
17/06/2018 7:34:34 PM	3612072874	1013.00	29.25	18.92	92.9	28.81	18.92	96.7	28.27	18.92	101.6	28.56	18.92	99.0
17/06/2018 7:34:35 PM	3612072875	1013.00	29.17	18.92	93.6	28.84	18.92	96.4	28.19	18.92	102.4	28.53	18.92	99.2
17/06/2018 7:34:36 PM	3612072876	1013.00	29.23	18.92	93.1	28.81	18.92	96.7	28.21	18.92	102.2	28.57	18.92	98.9
17/06/2018 7:34:37 PM	3612072877	1013.00	29.23	18.92	93.1	28.83	18.92	96.5	28.20	18.92	102.3	28.56	18.92	99.0
17/06/2018 7:34:38 PM	3612072878	1013.00	29.21	18.92	93.3	28.75	18.92	97.2	28.24	18.92	101.9	28.52	18.92	99.3
17/06/2018 7:34:39 PM	3612072879	1013.00	29.21	18.92	93.3	28.79	18.92	96.9	28.14	18.92	102.9	28.55	18.92	99.0
17/06/2018 7:34:40 PM	3612072880	1013.00	29.25	18.92	92.9	28.78	18.92	97.0	28.22	18.92	102.1	28.52	18.92	99.3
17/06/2018 7:34:41 PM	3612072881	1013.00	29.23	18.92	93.1	28.82	18.92	96.6	28.12	18.92	103.1	28.52	18.92	99.3
17/06/2018 7:34:42 PM	3612072882	1013.00	29.22	18.92	93.2	28.82	18.92	96.6	28.31	18.92	101.3	28.54	18.92	99.1
17/06/2018 7:34:43 PM	3612072883	1013.00	29.22	18.92	93.2	28.87	18.92	96.2	28.26	18.92	101.7	28.53	18.92	99.2
17/06/2018 7:34:44 PM	3612072884	1013.00	29.25	18.92	92.9	28.82	18.92	96.6	28.30	18.92	101.4	28.52	18.92	99.3
17/06/2018 7:34:45 PM	3612072885	1013.00	29.27	18.92	92.7	28.81	18.92	96.7	28.14	18.92	102.9	28.56	18.92	99.0
17/06/2018 7:34:46 PM	3612072886	1013.00	29.21	18.92	93.3	28.82	18.92	96.6	28.08	18.92	103.4	28.48	18.92	99.7
17/06/2018 7:34:47 PM	3612072887	1013.00	29.25	18.92	92.9	28.81	18.92	96.7	28.16	18.92	102.7	28.49	18.92	99.6
17/06/2018 7:34:48 PM	3612072888	1013.00	29.25	18.92	92.9	28.83	18.92	96.5	28.26	18.92	101.7	28.56	18.92	99.0
17/06/2018 7:34:49 PM	3612072889	1013.00	29.26	18.92	92.8	28.82	18.92	96.6	28.22	18.92	102.1	28.60	18.92	98.6
17/06/2018 7:34:50 PM	3612072890	1013.00	29.26	18.92	92.8	28.83	18.92	96.5	28.19	18.92	102.4	28.54	18.92	99.1
17/06/2018 7:34:51 PM	3612072891	1013.00	29.23	18.92	93.1	28.82	18.92	96.6	28.20	18.92	102.3	28.52	18.92	99.3
17/06/2018 7:34:52 PM	3612072892	1013.00	29.26	18.92	92.8	28.87	18.92	96.2	28.24	18.92	101.9	28.55	18.92	99.0
17/06/2018 7:34:53 PM	3612072893	1013.00	29.24	18.93	93.0	28.83	18.93	96.5	28.19	18.93	102.4	28.56	18.93	98.9
17/06/2018 7:34:54 PM	3612072894	1013.00	29.23	18.93	93.1	28.79	18.93	96.9	28.25	18.93	101.8	28.55	18.93	99.0
17/06/2018 7:34:55 PM	3612072895	1013.00	29.19	18.93	93.4	28.85	18.93	96.3	28.17	18.93	102.6	28.56	18.93	98.9
17/06/2018 7:34:56 PM	3612072896	1013.00	29.22	18.92	93.2	28.86	18.92	96.3	28.13	18.92	103.0	28.59	18.92	98.7
17/06/2018 7:34:57 PM	3612072897	1013.00	29.27	18.92	92.7	28.91	18.92	95.8	28.28	18.92	101.5	28.59	18.92	98.7
17/06/2018 7:34:58 PM	3612072898	1013.00	29.25	18.92	92.9	28.86	18.92	96.3	28.18	18.92	102.5	28.55	18.92	99.0
17/06/2018 7:34:59 PM	3612072899	1013.00	29.21	18.92	93.3	28.82	18.92	96.6	28.13	18.92	103.0	28.57	18.92	98.9
17/06/2018 7:35:00 PM	3612072900	1013.00	29.27	18.92	92.7	28.86	18.92	96.3	28.23	18.92	102.0	28.52	18.92	99.3
17/06/2018 7:35:01 PM	3612072901	1013.00	29.26	18.92	92.8	28.77	18.92	97.1	28.20	18.92	102.3	28.55	18.92	99.0
17/06/2018 7:35:02 PM	3612072902	1013.00	29.23	18.92	93.1	28.82	18.92	96.6	28.25	18.92	101.8	28.56	18.92	99.0
17/06/2018 7:35:03 PM	3612072903	1013.00	29.26	18.92	92.8	28.83	18.92	96.5	28.16	18.92	102.7	28.56	18.92	99.0
17/06/2018 7:35:04 PM	3612072904	1013.00	29.32	18.92	92.3	28.85	18.92	96.4	28.17	18.92	102.6	28.58	18.92	98.8
17/06/2018 7:35:05 PM	3612072905	1013.00	29.26	18.92	92.8	28.80	18.92	96.8	28.27	18.92	101.6	28.59	18.92	98.7
17/06/2018 7:35:06 PM	3612072906	1013.00	29.30	18.92	92.5	28.84	18.92	96.4	28.24	18.92	101.9	28.53	18.92	99.2
17/06/2018 7:35:07 PM	3612072907	1013.00	29.22	18.92	93.2	28.82	18.92	96.6	28.25	18.92	101.8	28.56	18.92	99.0
17/06/2018 7:35:08 PM	3612072908	1013.00	29.29	18.92	92.6	28.78	18.92	97.0	28.19	18.92	102.4	28.59	18.92	98.7
17/06/2018 7:35:09 PM	3612072909	1013.00	29.24	18.92	93.0	28.87	18.92	96.2	28.25	18.92	101.8	28.58	18.92	98.8
17/06/2018 7:35:10 PM	3612072910	1013.00	29.29	18.92	92.6	28.86	18.92	96.3	28.20	18.92	102.3	28.59	18.92	98.7
17/06/2018 7:35:11 PM	3612072911	1013.00	29.24	18.92	93.0	28.84	18.92	96.4	28.23	18.92	102.0	28.56	18.92	99.0
17/06/2018 7:35:12 PM	3612072912	1013.00	29.29	18.91	92.6	28.83	18.91	96.6	28.20	18.91	102.3	28.60	18.91	98.6
17/06/2018 7:35:13 PM	3612072913	1013.00	29.28	18.91	92.7	28.76	18.91	97.2	28.20	18.91	102.3	28.56	18.91	99.0
17/06/2018 7:35:14 PM	3612072914	1013.00	29.23	18.91	93.1	28.90	18.91	95.9	28.18	18.91	102.5	28.58	18.91	98.8
17/06/2018 7:35:15 PM	3612072915	1013.00	29.27	18.91	92.8	28.77	18.91	97.1	28.27	18.91	101.7	28.57	18.91	98.9
17/06/2018 7:35:16 PM	3612072916	1013.00	29.28	18.91	92.7	28.78	18.91	97.0	28.26	18.91	101.8	28.58	18.91	98.8
17/06/2018 7:35:17 PM	3612072917	1013.00	29.24	18.91	93.0	28.81	18.91	96.7	28.35	18.91	100.9	28.55	18.91	99.1
17/06/2018 7:35:18 PM	3612072918	1013.00	29.27	18.90	92.8	28.84	18.90	96.5	28.24	18.90	102.0	28.60	18.90	98.6
17/06/2018 7:35:19 PM	3612072919	1013.00	29.26	18.91	92.8	28.84	18.91	96.5	28.21	18.91	102.2	28.61	18.91	98.5
17/06/2018 7:35:20 PM	3612072920	1013.00	29.23	18.90	93.1	28.87	18.90	96.2	28.09	18.90	103.4	28.60	18.90	98.6
17/06/2018 7:35:21 PM	3612072921	1013.00	29.27	18.90	92.8	28.77	18.90	97.1	28.21	18.90	102.2	28.53	18.90	99.3
17/06/2018 7:35:22 PM	3612072922	1013.00	29.28	18.90	92.7	28.82	18.90	96.7	28.26	18.90	101.8	28.59	18.90	98.7
17/06/2018 7:35:23 PM	3612072923	1013.00	29.27	18.91	92.8	28.84	18.91	96.5	28.18	18.91	102.5	28.57	18.91	98.9
17/06/2018 7:35:24 PM	3612072924	1013.00	29.33	18.91	92.3	28.81	18.91	96.7	28.20	18.91	102.3	28.59	18.91	98.7
17/06/2018 7:35:25 PM	3612072925	1013.00	29.26	18.91	92.8	28.78	18.91	97.0	28.32	18.91	101.2	28.56	18.91	99.0
17/06/2018 7:35:26 PM	3612072926	1013.00	29.27	18.91	92.8	28.79	18.91	96.9	28.31	18.91	101.3	28.60	18.91	98.6
17/06/2018 7:35:27 PM	3612072927	1013.00	29.29	18.91	92.6	28.82	18.91	96.6	28.21	18.91	102.2	28.60	18.91	98.6
17/06/2018 7:35:28 PM	3612072928	1013.00	29.26	18.91	92.8	28.86	18.91	96.3	28.32	18.91	101.2	28.59	18.91	98.7
17/06/2018 7:35:29 PM	3612072929	1013.00	29.26	18.91	92.8	28.85	18.91	96.4	28.20	18.91	102.3	28.56	18.91	99.0
17/06/2018 7:35:30 PM	3612072930	1013.00	29.30	18.91	92.5	28.83	18.91	96.6	28.22	18.91	102.1	28.58	18.91	98.8
17/06/2018 7:35:31 PM	3612072931	1013.00	29.29	18.91	92.6	28.82	18.91	96.6	28.25	18.91	101.8	28.59	18.91	98.7
17/06/2018 7:35:32 PM	3612072932	1013.00	29.28	18.91	92.7	28.79	18.91	96.9	28.31	18.91	101.3	28.60	18.91	98.6
17/06/2018 7:35:33 PM	3612072933	1013.00	29.27	18.91	92.8	28.78	18.91	97.0	28.33	18.91	101.1	28.56	18.91	99.0
17/06/2018 7:35:34 PM	3612072934	1013.00	29.28	18.91	92.7	28.85	18.91	96.4	28.19	18.91	102.4	28.58	18.91	98.8
17/06/2018 7:35:35 PM	3612072935	1013.00	29.28	18.91	92.7	28.83	18.91	96.6	28.15	18.91	102.8	28.57	18.91	98.9
17/06/2018 7:35:36 PM	3612072936	1013.00	29.34	18.91	92.2	28.80	18.91	96.8	28.14	18.91	102.9	28.58	18.91	98.8
17/06/2018 7:35:37 PM	3612072937	1013.00	29.33	18.91	92.3	28.78	18.91	97.0	28.22	18.91	102.1	28.56	18.91	99.0
17/06/2018 7:35:38 PM	3612072938	1013.00	29.31	18.91	92.4	28.79	18.91	96.9	28.29	18.91	101.5	28.62	18.91	98.4
17/06/2018 7:35:39 PM	3612072939	1013.00	29.32	18.91	92.3	28.87	18.91	96.2	28.27	18.91	101.7	28.56	18.91	99.0
17/06/2018 7:35:40 PM	3612072940	1013.00	29.27	18.91	92.8	28.80	18.91	96.8	28.28	18.91	101.6	28.61	18.91	98.5
17/06/2018 7:35:41 PM	3612072941	1013.00	29.27	18.91	92.8	28.82	18.91	96.6	28.24	18.91	101.9	28.58	18.91	98.8
17/06/2018 7:35:42 PM	3612072942	1013.00	29.32	18.91	92.3	28.87	18.91	96.2	28.30	18.91	101.4	28.62	18.91	98.4
17/06/2018 7:35:43 PM	3612072943	1013.00	29.28	18.90	92.7	28.88	18.90	96.1	28.26	18.90	101.8	28.59	18.90	98.7
17/06/2018 7:35:44 PM	3612072944	1013.00	29.33	18.90	92.3	28.82	18.90	96.7	28.30	18.90	101.4	28.61	18.90	98.5
17/06/2018 7:35:45 PM	3612072945	1013.00	29.32	18.90	92.4	28.85	18.90	96.4	28.26	18.90	101.8	28.56	18.90	99.0
17/06/2018 7:35:46 PM	3612072946	1013.00	29.31	18.90	92.4	28.85	18.90	96.4	28.28	18.90	101.6	28.62	18.90	98.5
17/06/2018 7:35:47 PM	3612072947	1013.00	29.29	18.90	92.6	28.82	18.90	96.7	28.22	18.90	102.1	28.59	18.90	98.7
17/06/2018 7:35:48 PM	3612072948	1013.00	29.36	18.90	92.0	28.84	18.90	96.5	28.23	18.90	102.1	28.56	18.90	99.0
17/06/2018 7:35:49 PM	3612072949	1013.00	29.30	18.90	92.5	28.82	18.90	96.7	28.33	18.90	101.1	28.59	18.90	98.7
17/06/2018 7:35:50 PM	3612072950	1013.00	29.24	18.90	93.0	28.79	18.90	96.9	28.32	18.90	101.2	28.61	18.90	98.5
17/06/2018 7:35:51 PM	3612072951	1013.00	29.29	18.90	92.6	28.90	18.90	96.0	28.38	18.90	100.7	28.60	18.90	98.6
17/06/2018 7:35:52 PM	3612072952	1013.00	29.30	18.90	92.5	28.83	18.90	96.6	28.22	18.90	102.1	28.60	18.90	98.6
17/06/2018 7:35:53 PM	3612072953	1013.00	29.27	18.90	92.8	28.86	18.90	96.3	28.33	18.90	101.1	28.61	18.90	98.5
17/06/2018 7:35:54 PM	3612072954	1013.00	29.29	18.90	92.6	28.88	18.90	96.1	28.33	18.90	101.1	28.61	18.90	98.5
17/06/2018 7:35:55 PM	3612072955	1013.00	29.32	18.90	92.4	28.84	18.90	96.5	28.22	18.90	102.1	28.56	18.90	99.0
17/06/2018 7:35:56 PM	3612072956	1013.00	29.26	18.90	92.9	28.80	18.90	96.8	28.23	18.90	102.1	28.59	18.90	98.7
17/06/2018 7:35:57 PM	3612072957	1013.00	29.29	18.90	92.6	28.83	18.90	96.6	28.34	18.90	101.0	28.61	18.90	98.5
17/06/2018 7:35:58 PM	3612072958	1013.00	29.26	18.90	92.9	28.76	18.90	97.2	28.35	18.90	100.9	28.57	18.90	98.9
17/06/2018 7:35:59 PM	3612072959	1013.00	29.30	18.90	92.5	28.85	18.90	96.4	28.24	18.90	102.0	28.60	18.90	98.6
17/06/2018 7:36:00 PM	3612072960	1013.00	29.33	18.90	92.3	28.88	18.90	96.1	28.20	18.90	102.3	28.57	18.90	98.9
17/06/2018 7:36:01 PM	3612072961	1013.00	29.25	18.90	92.9	28.77	18.90	97.1	28.24	18.90	102.0	28.59	18.90	98.7
17/06/2018 7:36:02 PM	3612072962	1013.00	29.27	18.90	92.8	28.81	18.90	96.8	28.27	18.90	101.7	28.62	18.90	98.5
17/06/2018 7:36:03 PM	3612072963	1013.00	29.27	18.91	92.8	28.83	18.91	96.6	28.20	18.91	102.3	28.63	18.91	98.3
17/06/2018 7:36:04 PM	3612072964	1013.00	29.30	18.90	92.5	28.85	18.90	96.4	28.24	18.90	102.0	28.56	18.90	99.0
17/06/2018 7:36:05 PM	3612072965	1013.00	29.36	18.90	92.0	28.88	18.90	96.1	28.28	18.90	101.6	28.54	18.90	99.2
17/06/2018 7:36:06 PM	3612072966	1013.00	29.27	18.90	92.8	28.81	18.90	96.8	28.25	18.90	101.9	28.63	18.90	98.4
17/06/2018 7:36:07 PM	3612072967	1013.00	29.32	18.90	92.4	28.83	18.90	96.6	28.26	18.90	101.8	28.59	18.90	98.7
17/06/2018 7:36:08 PM	3612072968	1013.00	29.30	18.90	92.5	28.83	18.90	96.6	28.34	18.90	101.0	28.57	18.90	98.9
17/06/2018 7:36:09 PM	3612072969	1013.00	29.27	18.90	92.8	28.87	18.90	96.2	28.38	18.90	100.7	28.64	18.90	98.3
17/06/2018 7:36:10 PM	3612072970	1013.00	29.29	18.90	92.6	28.89	18.90	96.0	28.35	18.90	100.9	28.61	18.90	98.5
17/06/2018 7:36:11 PM	3612072971	1013.00	29.29	18.91	92.6	28.89	18.91	96.0	28.28	18.91	101.6	28.64	18.91	98.3
17/06/2018 7:36:12 PM	3612072972	1013.00	29.39	18.90	91.8	28.82	18.90	96.7	28.31	18.90	101.3	28.62	18.90	98.5
17/06/2018 7:36:13 PM	3612072973	1013.00	29.29	18.91	92.6	28.87	18.91	96.2	28.32	18.91	101.2	28.66	18.91	98.1
17/06/2018 7:36:14 PM	3612072974	1013.00	29.27	18.91	92.8	28.83	18.91	96.6	28.28	18.91	101.6	28.57	18.91	98.9
17/06/2018 7:36:15 PM	3612072975	1013.00	29.27	18.90	92.8	28.85	18.90	96.4	28.23	18.90	102.1	28.62	18.90	98.5
17/06/2018 7:36:16 PM	3612072976	1013.00	29.34	18.90	92.2	28.78	18.90	97.0	28.18	18.90	102.5	28.63	18.90	98.4
17/06/2018 7:36:17 PM	3612072977	1013.00	29.28	18.90	92.7	28.85	18.90	96.4	28.32	18.90	101.2	28.62	18.90	98.5
17/06/2018 7:36:18 PM	3612072978	1013.00	29.28	18.90	92.7	28.86	18.90	96.3	28.29	18.90	101.5	28.59	18.90	98.7
17/06/2018 7:36:19 PM	3612072979	1013.00	29.30	18.90	92.5	28.88	18.90	96.1	28.25	18.90	101.9	28.63	18.90	98.4
17/06/2018 7:36:20 PM	3612072980	1013.00	29.30	18.90	92.5	28.83	18.90	96.6	28.33	18.90	101.1	28.60	18.90	98.6
17/06/2018 7:36:21 PM	3612072981	1013.00	29.32	18.90	92.4	28.85	18.90	96.4	28.31	18.90	101.3	28.61	18.90	98.5
17/06/2018 7:36:22 PM	3612072982	1013.00	29.34	18.90	92.2	28.82	18.90	96.7	28.24	18.90	102.0	28.60	18.90	98.6
17/06/2018 7:36:23 PM	3612072983	1013.00	29.29	18.90	92.6	28.82	18.90	96.7	28.37	18.90	100.7	28.65	18.90	98.2
17/06/2018 7:36:24 PM	3612072984	1013.00	29.28	18.90	92.7	28.86	18.90	96.3	28.21	18.90	102.2	28.61	18.90	98.5
17/06/2018 7:36:25 PM	3612072985	1013.00	29.36	18.90	92.0	28.89	18.90	96.0	28.35	18.90	100.9	28.62	18.90	98.5
17/06/2018 7:36:26 PM	3612072986	1013.00	29.32	18.90	92.4	28.90	18.90	96.0	28.27	18.90	101.7	28.63	18.90	98.4
17/06/2018 7:36:27 PM	3612072987	1013.00	29.31	18.90	92.4	28.83	18.90	96.6	28.30	18.90	101.4	28.65	18.90	98.2
17/06/2018 7:36:28 PM	3612072988	1013.00	29.31	18.90	92.4	28.89	18.90	96.0	28.32	18.90	101.2	28.62	18.90	98.5
17/06/2018 7:36:29 PM	3612072989	1013.00	29.29	18.90	92.6	28.80	18.90	96.8	28.28	18.90	101.6	28.66	18.90	98.1
17/06/2018 7:36:30 PM	3612072990	1013.00	29.32	18.90	92.4	28.88	18.90	96.1	28.41	18.90	100.4	28.62	18.90	98.5
17/06/2018 7:36:31 PM	3612072991	1013.00	29.37	18.90	91.9	28.84	18.90	96.5	28.30	18.90	101.4	28.65	18.90	98.2
17/06/2018 7:36:32 PM	3612072992	1013.00	29.33	18.90	92.3	28.87	18.90	96.2	28.31	18.90	101.3	28.64	18.90	98.3
17/06/2018 7:36:33 PM	3612072993	1013.00	29.28	18.90	92.7	28.83	18.90	96.6	28.32	18.90	101.2	28.65	18.90	98.2
17/06/2018 7:36:34 PM	3612072994	1013.00	29.29	18.90	92.6	28.85	18.90	96.4	28.25	18.90	101.9	28.67	18.90	98.0
17/06/2018 7:36:35 PM	3612072995	1013.00	29.28	18.90	92.7	28.84	18.90	96.5	28.24	18.90	102.0	28.67	18.90	98.0
17/06/2018 7:36:36 PM	3612072996	1013.00	29.29	18.90	92.6	28.82	18.90	96.7	28.35	18.90	100.9	28.67	18.90	98.0
17/06/2018 7:36:37 PM	3612072997	1013.00	29.26	18.90	92.9	28.87	18.90	96.2	28.30	18.90	101.4	28.65	18.90	98.2
17/06/2018 7:36:38 PM	3612072998	1013.00	29.34	18.90	92.2	28.86	18.90	96.3	28.27	18.90	101.7	28.70	18.90	97.7
17/06/2018 7:36:39 PM	3612072999	1013.00	29.30	18.90	92.5	28.85	18.90	96.4	28.23	18.90	102.1	28.68	18.90	97.9
17/06/2018 7:36:40 PM	3612073000	1013.00	29.32	18.90	92.4	28.86	18.90	96.3	28.32	18.90	101.2	28.66	18.90	98.1
17/06/2018 7:36:41 PM	3612073001	1013.00	29.34	18.90	92.2	28.87	18.90	96.2	28.29	18.90	101.5	28.63	18.90	98.4
17/06/2018 7:36:42 PM	3612073002	1013.00	29.34	18.90	92.2	28.89	18.90	96.0	28.23	18.90	102.1	28.69	18.90	97.8
17/06/2018 7:36:43 PM	3612073003	1013.00	29.33	18.90	92.3	28.83	18.90	96.6	28.32	18.90	101.2	28.63	18.90	98.4
17/06/2018 7:36:44 PM	3612073004	1013.00	29.34	18.90	92.2	28.90	18.90	96.0	28.33	18.90	101.1	28.66	18.90	98.1
17/06/2018 7:36:45 PM	3612073005	1013.00	29.31	18.90	92.4	28.86	18.90	96.3	28.31	18.90	101.3	28.65	18.90	98.2
17/06/2018 7:36:46 PM	3612073006	1013.00	29.33	18.90	92.3	28.86	18.90	96.3	28.37	18.90	100.7	28.69	18.90	97.8
17/06/2018 7:36:47 PM	3612073007	1013.00	29.36	18.90	92.0	28.90	18.90	96.0	28.25	18.90	101.9	28.65	18.90	98.2
17/06/2018 7:36:48 PM	3612073008	1013.00	29.36	18.90	92.0	28.90	18.90	96.0	28.37	18.90	100.7	28.68	18.90	97.9
17/06/2018 7:36:49 PM	3612073009	1013.00	29.34	18.90	92.2	28.84	18.90	96.5	28.36	18.90	100.8	28.66	18.90	98.1
17/06/2018 7:36:50 PM	3612073010	1013.00	29.32	18.90	92.4	28.91	18.90	95.9	28.31	18.90	101.3	28.68	18.90	97.9
17/06/2018 7:36:51 PM	3612073011	1013.00	29.29	18.90	92.6	28.90	18.90	96.0	28.28	18.90	101.6	28.65	18.90	98.2
17/06/2018 7:36:52 PM	3612073012	1013.00	29.33	18.90	92.3	28.90	18.90	96.0	28.31	18.90	101.3	28.66	18.90	98.1
17/06/2018 7:36:53 PM	3612073013	1013.00	29.30	18.90	92.5	28.85	18.90	96.4	28.36	18.90	100.8	28.72	18.90	97.6
17/06/2018 7:36:54 PM	3612073014	1013.00	29.30	18.90	92.5	28.88	18.90	96.1	28.30	18.90	101.4	28.70	18.90	97.7
17/06/2018 7:36:55 PM	3612073015	1013.00	29.30	18.90	92.5	28.89	18.90	96.0	28.21	18.90	102.2	28.71	18.90	97.6
17/06/2018 7:36:56 PM	3612073016	1013.00	29.34	18.90	92.2	28.88	18.90	96.1	28.36	18.90	100.8	28.69	18.90	97.8
17/06/2018 7:36:57 PM	3612073017	1013.00	29.37	18.90	91.9	28.86	18.90	96.3	28.31	18.90	101.3	28.66	18.90	98.1
17/06/2018 7:36:58 PM	3612073018	1013.00	29.31	18.89	92.5	28.90	18.89	96.0	28.27	18.89	101.7	28.69	18.89	97.8
17/06/2018 7:36:59 PM	3612073019	1013.00	29.36	18.90	92.0	28.90	18.90	96.0	28.32	18.90	101.2	28.65	18.90	98.2
17/06/2018 7:37:00 PM	3612073020	1013.00	29.34	18.90	92.2	28.84	18.90	96.5	28.36	18.90	100.8	28.63	18.90	98.4
17/06/2018 7:37:01 PM	3612073021	1013.00	29.35	18.90	92.1	28.85	18.90	96.4	28.33	18.90	101.1	28.73	18.90	97.5
17/06/2018 7:37:02 PM	3612073022	1013.00	29.37	18.89	92.0	28.87	18.89	96.2	28.36	18.89	100.9	28.71	18.89	97.7
17/06/2018 7:37:03 PM	3612073023	1013.00	29.33	18.89	92.3	28.91	18.89	95.9	28.29	18.89	101.5	28.70	18.89	97.7
17/06/2018 7:37:04 PM	3612073024	1013.00	29.31	18.89	92.5	28.90	18.89	96.0	28.33	18.89	101.1	28.68	18.89	97.9
17/06/2018 7:37:05 PM	3612073025	1013.00	29.36	18.89	92.0	28.91	18.89	95.9	28.25	18.89	101.9	28.69	18.89	97.8
17/06/2018 7:37:06 PM	3612073026	1013.00	29.34	18.89	92.2	28.88	18.89	96.2	28.28	18.89	101.6	28.71	18.89	97.7
17/06/2018 7:37:07 PM	3612073027	1013.00	29.32	18.89	92.4	28.87	18.89	96.2	28.28	18.89	101.6	28.69	18.89	97.8
17/06/2018 7:37:08 PM	3612073028	1013.00	29.32	18.90	92.4	28.81	18.90	96.8	28.31	18.90	101.3	28.68	18.90	97.9
17/06/2018 7:37:09 PM	3612073029	1013.00	29.36	18.90	92.0	28.86	18.90	96.3	28.25	18.90	101.9	28.72	18.90	97.6
17/06/2018 7:37:10 PM	3612073030	1013.00	29.36	18.90	92.0	28.93	18.90	95.7	28.33	18.90	101.1	28.72	18.90	97.6
17/06/2018 7:37:11 PM	3612073031	1013.00	29.38	18.90	91.9	28.91	18.90	95.9	28.28	18.90	101.6	28.71	18.90	97.6
17/06/2018 7:37:12 PM	3612073032	1013.00	29.38	18.90	91.9	28.82	18.90	96.7	28.25	18.90	101.9	28.67	18.90	98.0
17/06/2018 7:37:13 PM	3612073033	1013.00	29.35	18.90	92.1	28.87	18.90	96.2	28.30	18.90	101.4	28.70	18.90	97.7
17/06/2018 7:37:14 PM	3612073034	1013.00	29.36	18.90	92.0	28.92	18.90	95.8	28.31	18.90	101.3	28.68	18.90	97.9
17/06/2018 7:37:15 PM	3612073035	1013.00	29.32	18.89	92.4	28.91	18.89	95.9	28.42	18.89	100.3	28.73	18.89	97.5
17/06/2018 7:37:16 PM	3612073036	1013.00	29.31	18.89	92.5	28.94	18.89	95.6	28.25	18.89	101.9	28.66	18.89	98.1
17/06/2018 7:37:17 PM	3612073037	1013.00	29.39	18.89	91.8	28.92	18.89	95.8	28.39	18.89	100.6	28.74	18.89	97.4
17/06/2018 7:37:18 PM	3612073038	1013.00	29.27	18.89	92.8	28.92	18.89	95.8	28.32	18.89	101.2	28.71	18.89	97.7
17/06/2018 7:37:19 PM	3612073039	1013.00	29.33	18.90	92.3	28.90	18.90	96.0	28.35	18.90	100.9	28.72	18.90	97.6
17/06/2018 7:37:20 PM	3612073040	1013.00	29.35	18.90	92.1	28.93	18.90	95.7	28.40	18.90	100.5	28.73	18.90	97.5
17/06/2018 7:37:21 PM	3612073041	1013.00	29.34	18.90	92.2	28.91	18.90	95.9	28.33	18.90	101.1	28.71	18.90	97.6
17/06/2018 7:37:22 PM	3612073042	1013.00	29.37	18.90	91.9	28.94	18.90	95.6	28.31	18.90	101.3	28.76	18.90	97.2
17/06/2018 7:37:23 PM	3612073043	1013.00	29.32	18.90	92.4	28.89	18.90	96.0	28.41	18.90	100.4	28.72	18.90	97.6
17/06/2018 7:37:24 PM	3612073044	1013.00	29.36	18.90	92.0	28.95	18.90	95.5	28.30	18.90	101.4	28.72	18.90	97.6
17/06/2018 7:37:25 PM	3612073045	1013.00	29.37	18.90	91.9	28.85	18.90	96.4	28.34	18.90	101.0	28.78	18.90	97.0
17/06/2018 7:37:26 PM	3612073046	1013.00	29.36	18.90	92.0	28.90	18.90	96.0	28.26	18.90	101.8	28.76	18.90	97.2
17/06/2018 7:37:27 PM	3612073047	1013.00	29.35	18.90	92.1	28.91	18.90	95.9	28.26	18.90	101.8	28.74	18.90	97.4
17/06/2018 7:37:28 PM	3612073048	1013.00	29.35	18.89	92.1	28.85	18.89	96.4	28.33	18.89	101.1	28.77	18.89	97.1
17/06/2018 7:37:29 PM	3612073049	1013.00	29.38	18.89	91.9	28.92	18.89	95.8	28.31	18.89	101.3	28.74	18.89	97.4
17/06/2018 7:37:30 PM	3612073050	1013.00	29.37	18.89	92.0	28.87	18.89	96.2	28.34	18.89	101.0	28.72	18.89	97.6
17/06/2018 7:37:31 PM	3612073051	1013.00	29.39	18.90	91.8	28.88	18.90	96.1	28.31	18.90	101.3	28.76	18.90	97.2
17/06/2018 7:37:32 PM	3612073052	1013.00	29.39	18.90	91.8	28.94	18.90	95.6	28.25	18.90	101.9	28.75	18.90	97.3
17/06/2018 7:37:33 PM	3612073053	1013.00	29.35	18.90	92.1	28.91	18.90	95.9	28.35	18.90	100.9	28.81	18.90	96.8
17/06/2018 7:37:34 PM	3612073054	1013.00	29.39	18.90	91.8	28.94	18.90	95.6	28.37	18.90	100.7	28.73	18.90	97.5
17/06/2018 7:37:35 PM	3612073055	1013.00	29.30	18.90	92.5	28.93	18.90	95.7	28.26	18.90	101.8	28.78	18.90	97.0
17/06/2018 7:37:36 PM	3612073056	1013.00	29.36	18.90	92.0	28.90	18.90	96.0	28.32	18.90	101.2	28.81	18.90	96.8
17/06/2018 7:37:37 PM	3612073057	1013.00	29.36	18.90	92.0	28.93	18.90	95.7	28.32	18.90	101.2	28.79	18.90	96.9
17/06/2018 7:37:38 PM	3612073058	1013.00	29.37	18.90	91.9	28.95	18.90	95.5	28.26	18.90	101.8	28.81	18.90	96.8
17/06/2018 7:37:39 PM	3612073059	1013.00	29.36	18.90	92.0	28.88	18.90	96.1	28.33	18.90	101.1	28.85	18.90	96.4
17/06/2018 7:37:40 PM	3612073060	1013.00	29.35	18.90	92.1	28.87	18.90	96.2	28.35	18.90	100.9	28.82	18.90	96.7
17/06/2018 7:37:41 PM	3612073061	1013.00	29.36	18.90	92.0	28.93	18.90	95.7	28.27	18.90	101.7	28.84	18.90	96.5
17/06/2018 7:37:42 PM	3612073062	1013.00	29.37	18.90	91.9	28.90	18.90	96.0	28.32	18.90	101.2	28.86	18.90	96.3
17/06/2018 7:37:43 PM	3612073063	1013.00	29.37	18.90	91.9	28.97	18.90	95.3	28.31	18.90	101.3	28.87	18.90	96.2
17/06/2018 7:37:44 PM	3612073064	1013.00	29.35	18.90	92.1	28.91	18.90	95.9	28.28	18.90	101.6	28.84	18.90	96.5
17/06/2018 7:37:45 PM	3612073065	1013.00	29.36	18.90	92.0	28.94	18.90	95.6	28.33	18.90	101.1	28.86	18.90	96.3
17/06/2018 7:37:46 PM	3612073066	1013.00	29.40	18.90	91.7	28.88	18.90	96.1	28.33	18.90	101.1	28.80	18.90	96.8
17/06/2018 7:37:47 PM	3612073067	1013.00	29.37	18.90	91.9	28.86	18.90	96.3	28.39	18.90	100.6	28.86	18.90	96.3
17/06/2018 7:37:48 PM	3612073068	1013.00	29.31	18.90	92.4	28.92	18.90	95.8	28.34	18.90	101.0	28.86	18.90	96.3
17/06/2018 7:37:49 PM	3612073069	1013.00	29.42	18.89	91.5	28.91	18.89	95.9	28.45	18.89	100.0	28.81	18.89	96.8
17/06/2018 7:37:50 PM	3612073070	1013.00	29.38	18.89	91.9	28.89	18.89	96.1	28.29	18.89	101.5	28.86	18.89	96.3
17/06/2018 7:37:51 PM	3612073071	1013.00	29.38	18.89	91.9	28.99	18.89	95.2	28.35	18.89	100.9	28.84	18.89	96.5
17/06/2018 7:37:52 PM	3612073072	1013.00	29.34	18.89	92.2	28.92	18.89	95.8	28.43	18.89	100.2	28.90	18.89	96.0
17/06/2018 7:37:53 PM	3612073073	1013.00	29.40	18.89	91.7	28.95	18.89	95.5	28.27	18.89	101.7	28.84	18.89	96.5
17/06/2018 7:37:54 PM	3612073074	1013.00	29.39	18.89	91.8	28.92	18.89	95.8	28.41	18.89	100.4	28.91	18.89	95.9
17/06/2018 7:37:55 PM	3612073075	1013.00	29.33	18.89	92.3	28.98	18.89	95.3	28.44	18.89	100.1	28.90	18.89	96.0
17/06/2018 7:37:56 PM	3612073076	1013.00	29.37	18.89	92.0	28.93	18.89	95.7	28.36	18.89	100.9	28.90	18.89	96.0
17/06/2018 7:37:57 PM	3612073077	1013.00	29.37	18.89	92.0	28.94	18.89	95.6	28.43	18.89	100.2	28.94	18.89	95.6
17/06/2018 7:37:58 PM	3612073078	1013.00	29.42	18.89	91.5	28.89	18.89	96.1	28.45	18.89	100.0	28.96	18.89	95.5
17/06/2018 7:37:59 PM	3612073079	1013.00	29.35	18.89	92.1	28.90	18.89	96.0	28.43	18.89	100.2	28.95	18.89	95.5
17/06/2018 7:38:00 PM	3612073080	1013.00	29.38	18.89	91.9	28.92	18.89	95.8	28.38	18.89	100.7	28.95	18.89	95.5
17/06/2018 7:38:01 PM	3612073081	1013.00	29.38	18.89	91.9	28.95	18.89	95.5	28.51	18.89	99.5	29.00	18.89	95.1
17/06/2018 7:38:02 PM	3612073082	1013.00	29.40	18.89	91.7	28.95	18.89	95.5	28.51	18.89	99.5	28.91	18.89	95.9
17/06/2018 7:38:03 PM	3612073083	1013.00	29.38	18.88	91.9	28.96	18.88	95.5	28.38	18.88	100.7	28.93	18.88	95.7
17/06/2018 7:38:04 PM	3612073084	1013.00	29.37	18.88	92.0	28.93	18.88	95.7	28.51	18.88	99.5	28.98	18.88	95.3
17/06/2018 7:38:05 PM	3612073085	1013.00	29.34	18.89	92.2	28.97	18.89	95.4	28.46	18.89	99.9	28.98	18.89	95.3
17/06/2018 7:38:06 PM	3612073086	1013.00	29.42	18.89	91.5	28.92	18.89	95.8	28.61	18.89	98.6	29.00	18.89	95.1
17/06/2018 7:38:07 PM	3612073087	1013.00	29.35	18.89	92.1	28.90	18.89	96.0	28.44	18.89	100.1	28.96	18.89	95.5
17/06/2018 7:38:08 PM	3612073088	1013.00	29.36	18.89	92.0	29.03	18.89	94.8	28.54	18.89	99.2	28.97	18.89	95.4
17/06/2018 7:38:09 PM	3612073089	1013.00	29.39	18.90	91.8	28.98	18.90	95.3	28.45	18.90	100.0	28.98	18.90	95.3
17/06/2018 7:38:10 PM	3612073090	1013.00	29.38	18.89	91.9	29.02	18.89	94.9	28.41	18.89	100.4	29.01	18.89	95.0
17/06/2018 7:38:11 PM	3612073091	1013.00	29.39	18.89	91.8	28.99	18.89	95.2	28.51	18.89	99.5	29.01	18.89	95.0
17/06/2018 7:38:12 PM	3612073092	1013.00	29.30	18.89	92.5	28.93	18.89	95.7	28.53	18.89	99.3	28.98	18.89	95.3
17/06/2018 7:38:13 PM	3612073093	1013.00	29.40	18.89	91.7	28.99	18.89	95.2	28.58	18.89	98.8	28.96	18.89	95.5
17/06/2018 7:38:14 PM	3612073094	1013.00	29.43	18.89	91.5	28.94	18.89	95.6	28.56	18.89	99.0	29.00	18.89	95.1
17/06/2018 7:38:15 PM	3612073095	1013.00	29.39	18.89	91.8	28.92	18.89	95.8	28.56	18.89	99.0	28.94	18.89	95.6
17/06/2018 7:38:16 PM	3612073096	1013.00	29.42	18.89	91.5	28.92	18.89	95.8	28.60	18.89	98.7	29.01	18.89	95.0
17/06/2018 7:38:17 PM	3612073097	1013.00	29.32	18.89	92.4	28.96	18.89	95.5	28.58	18.89	98.8	28.96	18.89	95.5
17/06/2018 7:38:18 PM	3612073098	1013.00	29.42	18.89	91.5	28.97	18.89	95.4	28.47	18.89	99.8	28.98	18.89	95.3
17/06/2018 7:38:19 PM	3612073099	1013.00	29.37	18.89	92.0	28.95	18.89	95.5	28.58	18.89	98.8	29.03	18.89	94.8
17/06/2018 7:38:20 PM	3612073100	1013.00	29.41	18.89	91.6	28.98	18.89	95.3	28.57	18.89	98.9	29.01	18.89	95.0
17/06/2018 7:38:21 PM	3612073101	1013.00	29.36	18.90	92.0	28.95	18.90	95.5	28.56	18.90	99.0	29.04	18.90	94.7
17/06/2018 7:38:22 PM	3612073102	1013.00	29.41	18.89	91.6	28.97	18.89	95.4	28.63	18.89	98.4	29.02	18.89	94.9
17/06/2018 7:38:23 PM	3612073103	1013.00	29.38	18.89	91.9	28.93	18.89	95.7	28.59	18.89	98.7	29.00	18.89	95.1
17/06/2018 7:38:24 PM	3612073104	1013.00	29.39	18.89	91.8	28.91	18.89	95.9	28.59	18.89	98.7	29.01	18.89	95.0
17/06/2018 7:38:25 PM	3612073105	1013.00	29.36	18.89	92.0	28.94	18.89	95.6	28.60	18.89	98.7	29.01	18.89	95.0
17/06/2018 7:38:26 PM	3612073106	1013.00	29.42	18.89	91.5	28.95	18.89	95.5	28.61	18.89	98.6	29.01	18.89	95.0
17/06/2018 7:38:27 PM	3612073107	1013.00	29.42	18.89	91.5	28.99	18.89	95.2	28.57	18.89	98.9	29.05	18.89	94.7
17/06/2018 7:38:28 PM	3612073108	1013.00	29.40	18.89	91.7	28.99	18.89	95.2	28.61	18.89	98.6	29.05	18.89	94.7
17/06/2018 7:38:29 PM	3612073109	1013.00	29.42	18.90	91.5	28.92	18.90	95.8	28.65	18.90	98.2	29.05	18.90	94.7
17/06/2018 7:38:30 PM	3612073110	1013.00	29.37	18.90	91.9	28.99	18.90	95.2	28.66	18.90	98.1	29.06	18.90	94.6
17/06/2018 7:38:31 PM	3612073111	1013.00	29.40	18.89	91.7	28.94	18.89	95.6	28.68	18.89	97.9	29.05	18.89	94.7
17/06/2018 7:38:32 PM	3612073112	1013.00	29.37	18.90	91.9	28.98	18.90	95.3	28.67	18.90	98.0	29.03	18.90	94.8
17/06/2018 7:38:33 PM	3612073113	1013.00	29.41	18.90	91.6	28.93	18.90	95.7	28.62	18.90	98.5	29.06	18.90	94.6
17/06/2018 7:38:34 PM	3612073114	1013.00	29.37	18.89	92.0	28.96	18.89	95.5	28.62	18.89	98.5	29.03	18.89	94.8
17/06/2018 7:38:35 PM	3612073115	1013.00	29.37	18.89	92.0	28.90	18.89	96.0	28.68	18.89	97.9	29.05	18.89	94.7
17/06/2018 7:38:36 PM	3612073116	1013.00	29.37	18.89	92.0	29.03	18.89	94.8	28.68	18.89	97.9	29.01	18.89	95.0
17/06/2018 7:38:37 PM	3612073117	1013.00	29.42	18.88	91.6	28.93	18.88	95.7	28.68	18.88	97.9	29.05	18.88	94.7
17/06/2018 7:38:38 PM	3612073118	1013.00	29.40	18.89	91.7	29.00	18.89	95.1	28.71	18.89	97.7	29.07	18.89	94.5
17/06/2018 7:38:39 PM	3612073119	1013.00	29.38	18.89	91.9	28.99	18.89	95.2	28.65	18.89	98.2	29.05	18.89	94.7
17/06/2018 7:38:40 PM	3612073120	1013.00	29.40	18.89	91.7	28.96	18.89	95.5	28.70	18.89	97.7	29.05	18.89	94.7
17/06/2018 7:38:41 PM	3612073121	1013.00	29.47	18.89	91.1	29.00	18.89	95.1	28.68	18.89	97.9	29.04	18.89	94.8
17/06/2018 7:38:42 PM	3612073122	1013.00	29.42	18.89	91.5	28.99	18.89	95.2	28.72	18.89	97.6	29.08	18.89	94.4
17/06/2018 7:38:43 PM	3612073123	1013.00	29.37	18.89	92.0	29.00	18.89	95.1	28.73	18.89	97.5	29.07	18.89	94.5
17/06/2018 7:38:44 PM	3612073124	1013.00	29.38	18.89	91.9	28.97	18.89	95.4	28.70	18.89	97.7	29.08	18.89	94.4
17/06/2018 7:38:45 PM	3612073125	1013.00	29.42	18.89	91.5	28.96	18.89	95.5	28.72	18.89	97.6	29.11	18.89	94.2
17/06/2018 7:38:46 PM	3612073126	1013.00	29.46	18.88	91.2	28.98	18.88	95.3	28.74	18.88	97.4	29.05	18.88	94.7
17/06/2018 7:38:47 PM	3612073127	1013.00	29.46	18.89	91.2	29.00	18.89	95.1	28.59	18.89	98.7	29.05	18.89	94.7
17/06/2018 7:38:48 PM	3612073128	1013.00	29.42	18.89	91.5	28.95	18.89	95.5	28.72	18.89	97.6	29.06	18.89	94.6
17/06/2018 7:38:49 PM	3612073129	1013.00	29.35	18.89	92.1	28.97	18.89	95.4	28.81	18.89	96.8	29.07	18.89	94.5
17/06/2018 7:38:50 PM	3612073130	1013.00	29.42	18.89	91.5	28.93	18.89	95.7	28.75	18.89	97.3	29.07	18.89	94.5
17/06/2018 7:38:51 PM	3612073131	1013.00	29.41	18.90	91.6	29.02	18.90	94.9	28.68	18.90	97.9	29.09	18.90	94.3
17/06/2018 7:38:52 PM	3612073132	1013.00	29.35	18.90	92.1	28.97	18.90	95.3	28.65	18.90	98.2	29.04	18.90	94.7
17/06/2018 7:38:53 PM	3612073133	1013.00	29.39	18.90	91.8	28.95	18.90	95.5	28.75	18.90	97.3	29.09	18.90	94.3
17/06/2018 7:38:54 PM	3612073134	1013.00	29.43	18.90	91.4	28.99	18.90	95.2	28.71	18.90	97.6	29.07	18.90	94.5
17/06/2018 7:38:55 PM	3612073135	1013.00	29.46	18.90	91.2	28.92	18.90	95.8	28.67	18.90	98.0	29.10	18.90	94.2
17/06/2018 7:38:56 PM	3612073136	1013.00	29.44	18.89	91.4	29.00	18.89	95.1	28.71	18.89	97.7	29.12	18.89	94.1
17/06/2018 7:38:57 PM	3612073137	1013.00	29.45	18.89	91.3	29.00	18.89	95.1	28.72	18.89	97.6	29.11	18.89	94.2
17/06/2018 7:38:58 PM	3612073138	1013.00	29.46	18.89	91.2	28.98	18.89	95.3	28.68	18.89	97.9	29.11	18.89	94.2
17/06/2018 7:38:59 PM	3612073139	1013.00	29.42	18.89	91.5	28.98	18.89	95.3	28.78	18.89	97.0	29.12	18.89	94.1
17/06/2018 7:39:00 PM	3612073140	1013.00	29.43	18.89	91.5	29.01	18.89	95.0	28.74	18.89	97.4	29.08	18.89	94.4
17/06/2018 7:39:01 PM	3612073141	1013.00	29.39	18.89	91.8	29.00	18.89	95.1	28.70	18.89	97.7	29.06	18.89	94.6
17/06/2018 7:39:02 PM	3612073142	1013.00	29.43	18.89	91.5	29.06	18.89	94.6	28.69	18.89	97.8	29.13	18.89	94.0
17/06/2018 7:39:03 PM	3612073143	1013.00	29.43	18.90	91.4	29.01	18.90	95.0	28.76	18.90	97.2	29.13	18.90	94.0
17/06/2018 7:39:04 PM	3612073144	1013.00	29.39	18.89	91.8	28.99	18.89	95.2	28.74	18.89	97.4	29.07	18.89	94.5
17/06/2018 7:39:05 PM	3612073145	1013.00	29.44	18.89	91.4	28.95	18.89	95.5	28.73	18.89	97.5	29.10	18.89	94.2
17/06/2018 7:39:06 PM	3612073146	1013.00	29.45	18.89	91.3	29.02	18.89	94.9	28.75	18.89	97.3	29.09	18.89	94.3
17/06/2018 7:39:07 PM	3612073147	1013.00	29.47	18.89	91.1	28.97	18.89	95.4	28.77	18.89	97.1	29.16	18.89	93.7
17/06/2018 7:39:08 PM	3612073148	1013.00	29.45	18.88	91.3	28.95	18.88	95.6	28.72	18.88	97.6	29.09	18.88	94.3
17/06/2018 7:39:09 PM	3612073149	1013.00	29.44	18.89	91.4	29.03	18.89	94.8	28.74	18.89	97.4	29.13	18.89	94.0
17/06/2018 7:39:10 PM	3612073150	1013.00	29.47	18.89	91.1	28.92	18.89	95.8	28.77	18.89	97.1	29.13	18.89	94.0
17/06/2018 7:39:11 PM	3612073151	1013.00	29.42	18.89	91.5	29.02	18.89	94.9	28.80	18.89	96.9	29.08	18.89	94.4
17/06/2018 7:39:12 PM	3612073152	1013.00	29.44	18.89	91.4	28.98	18.89	95.3	28.71	18.89	97.7	29.12	18.89	94.1
17/06/2018 7:39:13 PM	3612073153	1013.00	29.44	18.89	91.4	28.97	18.89	95.4	28.75	18.89	97.3	29.10	18.89	94.2
17/06/2018 7:39:14 PM	3612073154	1013.00	29.47	18.89	91.1	28.97	18.89	95.4	28.72	18.89	97.6	29.16	18.89	93.7
17/06/2018 7:39:15 PM	3612073155	1013.00	29.45	18.89	91.3	28.97	18.89	95.4	28.73	18.89	97.5	29.12	18.89	94.1
17/06/2018 7:39:16 PM	3612073156	1013.00	29.48	18.89	91.0	28.98	18.89	95.3	28.70	18.89	97.7	29.20	18.89	93.4
17/06/2018 7:39:17 PM	3612073157	1013.00	29.45	18.89	91.3	29.01	18.89	95.0	28.73	18.89	97.5	29.15	18.89	93.8
17/06/2018 7:39:18 PM	3612073158	1013.00	29.51	18.89	90.8	29.00	18.89	95.1	28.76	18.89	97.2	29.16	18.89	93.7
17/06/2018 7:39:19 PM	3612073159	1013.00	29.48	18.89	91.0	28.93	18.89	95.7	28.73	18.89	97.5	29.12	18.89	94.1
17/06/2018 7:39:20 PM	3612073160	1013.00	29.50	18.89	90.9	29.00	18.89	95.1	28.67	18.89	98.0	29.16	18.89	93.7
17/06/2018 7:39:21 PM	3612073161	1013.00	29.49	18.88	91.0	28.95	18.88	95.6	28.69	18.88	97.9	29.18	18.88	93.6
17/06/2018 7:39:22 PM	3612073162	1013.00	29.49	18.88	91.0	28.94	18.88	95.6	28.70	18.88	97.8	29.15	18.88	93.8
17/06/2018 7:39:23 PM	3612073163	1013.00	29.52	18.88	90.7	28.96	18.88	95.5	28.62	18.88	98.5	29.16	18.88	93.7
17/06/2018 7:39:24 PM	3612073164	1013.00	29.49	18.89	91.0	28.98	18.89	95.3	28.73	18.89	97.5	29.22	18.89	93.2
17/06/2018 7:39:25 PM	3612073165	1013.00	29.52	18.88	90.7	28.93	18.88	95.7	28.86	18.88	96.3	29.20	18.88	93.4
17/06/2018 7:39:26 PM	3612073166	1013.00	29.51	18.89	90.8	29.00	18.89	95.1	28.81	18.89	96.8	29.15	18.89	93.8
17/06/2018 7:39:27 PM	3612073167	1013.00	29.50	18.89	90.9	28.99	18.89	95.2	28.69	18.89	97.8	29.16	18.89	93.7
17/06/2018 7:39:28 PM	3612073168	1013.00	29.50	18.89	90.9	29.01	18.89	95.0	28.73	18.89	97.5	29.17	18.89	93.6
17/06/2018 7:39:29 PM	3612073169	1013.00	29.47	18.88	91.1	29.04	18.88	94.8	28.73	18.88	97.5	29.20	18.88	93.4
17/06/2018 7:39:30 PM	3612073170	1013.00	29.49	18.88	91.0	28.97	18.88	95.4	28.77	18.88	97.1	29.18	18.88	93.6
17/06/2018 7:39:31 PM	3612073171	1013.00	29.50	18.88	90.9	29.00	18.88	95.1	28.81	18.88	96.8	29.21	18.88	93.3
17/06/2018 7:39:32 PM	3612073172	1013.00	29.53	18.89	90.6	28.96	18.89	95.5	28.74	18.89	97.4	29.23	18.89	93.1
17/06/2018 7:39:33 PM	3612073173	1013.00	29.54	18.89	90.6	29.06	18.89	94.6	28.77	18.89	97.1	29.19	18.89	93.5
17/06/2018 7:39:34 PM	3612073174	1013.00	29.53	18.88	90.7	29.01	18.88	95.0	28.79	18.88	97.0	29.23	18.88	93.2
17/06/2018 7:39:35 PM	3612073175	1013.00	29.56	18.89	90.4	29.04	18.89	94.8	28.76	18.89	97.2	29.21	18.89	93.3
17/06/2018 7:39:36 PM	3612073176	1013.00	29.58	18.89	90.2	29.03	18.89	94.8	28.72	18.89	97.6	29.23	18.89	93.1
17/06/2018 7:39:37 PM	3612073177	1013.00	29.53	18.89	90.6	29.00	18.89	95.1	28.65	18.89	98.2	29.19	18.89	93.5
17/06/2018 7:39:38 PM	3612073178	1013.00	29.58	18.89	90.2	28.91	18.89	95.9	28.71	18.89	97.7	29.24	18.89	93.0
17/06/2018 7:39:39 PM	3612073179	1013.00	29.51	18.89	90.8	28.96	18.89	95.5	28.70	18.89	97.7	29.20	18.89	93.4
17/06/2018 7:39:40 PM	3612073180	1013.00	29.59	18.89	90.1	29.02	18.89	94.9	28.61	18.89	98.6	29.26	18.89	92.9
17/06/2018 7:39:41 PM	3612073181	1013.00	29.61	18.89	90.0	29.01	18.89	95.0	28.70	18.89	97.7	29.18	18.89	93.6
17/06/2018 7:39:42 PM	3612073182	1013.00	29.60	18.88	90.1	29.01	18.88	95.0	28.70	18.88	97.8	29.21	18.88	93.3
17/06/2018 7:39:43 PM	3612073183	1013.00	29.56	18.89	90.4	28.99	18.89	95.2	28.67	18.89	98.0	29.25	18.89	93.0
17/06/2018 7:39:44 PM	3612073184	1013.00	29.65	18.89	89.7	29.03	18.89	94.8	28.76	18.89	97.2	29.24	18.89	93.0
17/06/2018 7:39:45 PM	3612073185	1013.00	29.63	18.89	89.8	28.95	18.89	95.5	28.71	18.89	97.7	29.25	18.89	93.0
17/06/2018 7:39:46 PM	3612073186	1013.00	29.60	18.89	90.1	28.95	18.89	95.5	28.70	18.89	97.7	29.22	18.89	93.2
17/06/2018 7:39:47 PM	3612073187	1013.00	29.57	18.89	90.3	29.00	18.89	95.1	28.73	18.89	97.5	29.25	18.89	93.0
17/06/2018 7:39:48 PM	3612073188	1013.00	29.57	18.89	90.3	29.07	18.89	94.5	28.68	18.89	97.9	29.25	18.89	93.0
17/06/2018 7:39:49 PM	3612073189	1013.00	29.68	18.89	89.4	29.03	18.89	94.8	28.69	18.89	97.8	29.21	18.89	93.3
17/06/2018 7:39:50 PM	3612073190	1013.00	29.66	18.88	89.6	29.04	18.88	94.8	28.66	18.88	98.1	29.24	18.88	93.1
17/06/2018 7:39:51 PM	3612073191	1013.00	29.64	18.89	89.7	28.97	18.89	95.4	28.64	18.89	98.3	29.22	18.89	93.2
17/06/2018 7:39:52 PM	3612073192	1013.00	29.66	18.88	89.6	29.05	18.88	94.7	28.70	18.88	97.8	29.28	18.88	92.7
17/06/2018 7:39:53 PM	3612073193	1013.00	29.70	18.89	89.3	29.06	18.89	94.6	28.60	18.89	98.7	29.22	18.89	93.2
17/06/2018 7:39:54 PM	3612073194	1013.00	29.66	18.89	89.6	29.05	18.89	94.7	28.68	18.89	97.9	29.26	18.89	92.9
17/06/2018 7:39:55 PM	3612073195	1013.00	29.67	18.89	89.5	29.03	18.89	94.8	28.68	18.89	97.9	29.30	18.89	92.5
17/06/2018 7:39:56 PM	3612073196	1013.00	29.68	18.88	89.4	29.01	18.88	95.0	28.77	18.88	97.1	29.25	18.88	93.0
17/06/2018 7:39:57 PM	3612073197	1013.00	29.72	18.88	89.1	29.01	18.88	95.0	28.71	18.88	97.7	29.30	18.88	92.6
17/06/2018 7:39:58 PM	3612073198	1013.00	29.72	18.88	89.1	29.01	18.88	95.0	28.70	18.88	97.8	29.29	18.88	92.6
17/06/2018 7:39:59 PM	3612073199	1013.00	29.70	18.88	89.3	29.02	18.88	94.9	28.64	18.88	98.3	29.30	18.88	92.6
17/06/2018 7:40:00 PM	3612073200	1013.00	29.72	18.88	89.1	28.96	18.88	95.5	28.67	18.88	98.0	29.34	18.88	92.2
17/06/2018 7:40:01 PM	3612073201	1013.00	29.74	18.88	89.0	29.05	18.88	94.7	28.64	18.88	98.3	29.25	18.88	93.0
17/06/2018 7:40:02 PM	3612073202	1013.00	29.74	18.88	89.0	29.08	18.88	94.4	28.66	18.88	98.1	29.26	18.88	92.9
17/06/2018 7:40:03 PM	3612073203	1013.00	29.75	18.88	88.9	29.11	18.88	94.2	28.71	18.88	97.7	29.30	18.88	92.6
17/06/2018 7:40:04 PM	3612073204	1013.00	29.76	18.88	88.8	28.99	18.88	95.2	28.67	18.88	98.0	29.31	18.88	92.5
17/06/2018 7:40:05 PM	3612073205	1013.00	29.72	18.88	89.1	29.00	18.88	95.1	28.60	18.88	98.7	29.31	18.88	92.5
17/06/2018 7:40:06 PM	3612073206	1013.00	29.71	18.88	89.2	29.03	18.88	94.9	28.65	18.88	98.2	29.30	18.88	92.6
17/06/2018 7:40:07 PM	3612073207	1013.00	29.76	18.88	88.8	28.99	18.88	95.2	28.67	18.88	98.0	29.30	18.88	92.6
17/06/2018 7:40:08 PM	3612073208	1013.00	29.77	18.88	88.7	28.99	18.88	95.2	28.52	18.88	99.4	29.32	18.88	92.4
17/06/2018 7:40:09 PM	3612073209	1013.00	29.75	18.88	88.9	28.98	18.88	95.3	28.74	18.88	97.4	29.30	18.88	92.6
17/06/2018 7:40:10 PM	3612073210	1013.00	29.75	18.88	88.9	28.97	18.88	95.4	28.68	18.88	97.9	29.33	18.88	92.3
17/06/2018 7:40:11 PM	3612073211	1013.00	29.74	18.88	89.0	29.04	18.88	94.8	28.58	18.88	98.9	29.36	18.88	92.1
17/06/2018 7:40:12 PM	3612073212	1013.00	29.76	18.88	88.8	29.02	18.88	94.9	28.62	18.88	98.5	29.40	18.88	91.7
17/06/2018 7:40:13 PM	3612073213	1013.00	29.82	18.88	88.3	28.98	18.88	95.3	28.63	18.88	98.4	29.31	18.88	92.5
17/06/2018 7:40:14 PM	3612073214	1013.00	29.83	18.88	88.2	29.02	18.88	94.9	28.72	18.88	97.6	29.34	18.88	92.2
17/06/2018 7:40:15 PM	3612073215	1013.00	29.83	18.88	88.2	29.06	18.88	94.6	28.60	18.88	98.7	29.38	18.88	91.9
17/06/2018 7:40:16 PM	3612073216	1013.00	29.80	18.88	88.5	29.03	18.88	94.9	28.71	18.88	97.7	29.37	18.88	92.0
17/06/2018 7:40:17 PM	3612073217	1013.00	29.88	18.89	87.8	28.97	18.89	95.4	28.59	18.89	98.7	29.34	18.89	92.2
17/06/2018 7:40:18 PM	3612073218	1013.00	29.83	18.89	88.2	28.98	18.89	95.3	28.60	18.89	98.7	29.36	18.89	92.0
17/06/2018 7:40:19 PM	3612073219	1013.00	29.84	18.89	88.1	29.01	18.89	95.0	28.65	18.89	98.2	29.33	18.89	92.3
17/06/2018 7:40:20 PM	3612073220	1013.00	29.84	18.90	88.1	28.99	18.90	95.2	28.68	18.90	97.9	29.35	18.90	92.1
17/06/2018 7:40:21 PM	3612073221	1013.00	29.85	18.89	88.1	28.97	18.89	95.4	28.71	18.89	97.7	29.36	18.89	92.0
17/06/2018 7:40:22 PM	3612073222	1013.00	29.84	18.89	88.1	29.05	18.89	94.7	28.68	18.89	97.9	29.36	18.89	92.0
17/06/2018 7:40:23 PM	3612073223	1013.00	29.83	18.88	88.2	29.01	18.88	95.0	28.62	18.88	98.5	29.41	18.88	91.6
17/06/2018 7:40:24 PM	3612073224	1013.00	29.83	18.89	88.2	29.07	18.89	94.5	28.73	18.89	97.5	29.42	18.89	91.5
17/06/2018 7:40:25 PM	3612073225	1013.00	29.81	18.88	88.4	29.03	18.88	94.9	28.59	18.88	98.8	29.40	18.88	91.7
17/06/2018 7:40:26 PM	3612073226	1013.00	29.82	18.88	88.3	28.98	18.88	95.3	28.71	18.88	97.7	29.39	18.88	91.8
17/06/2018 7:40:27 PM	3612073227	1013.00	29.83	18.88	88.2	29.01	18.88	95.0	28.60	18.88	98.7	29.39	18.88	91.8
17/06/2018 7:40:28 PM	3612073228	1013.00	29.84	18.88	88.2	29.03	18.88	94.9	28.71	18.88	97.7	29.38	18.88	91.9
17/06/2018 7:40:29 PM	3612073229	1013.00	29.86	18.88	88.0	29.00	18.88	95.1	28.68	18.88	97.9	29.40	18.88	91.7
17/06/2018 7:40:30 PM	3612073230	1013.00	29.92	18.88	87.5	29.05	18.88	94.7	28.60	18.88	98.7	29.40	18.88	91.7
17/06/2018 7:40:31 PM	3612073231	1013.00	29.89	18.88	87.8	29.03	18.88	94.9	28.70	18.88	97.8	29.40	18.88	91.7
17/06/2018 7:40:32 PM	3612073232	1013.00	29.89	18.88	87.8	29.02	18.88	94.9	28.69	18.88	97.9	29.38	18.88	91.9
17/06/2018 7:40:33 PM	3612073233	1013.00	29.88	18.88	87.8	29.02	18.88	94.9	28.66	18.88	98.1	29.41	18.88	91.6
17/06/2018 7:40:34 PM	3612073234	1013.00	29.85	18.88	88.1	29.09	18.88	94.3	28.65	18.88	98.2	29.41	18.88	91.6
17/06/2018 7:40:35 PM	3612073235	1013.00	29.94	18.88	87.4	29.06	18.88	94.6	28.63	18.88	98.4	29.44	18.88	91.4
17/06/2018 7:40:36 PM	3612073236	1013.00	29.91	18.88	87.6	29.02	18.88	94.9	28.61	18.88	98.6	29.41	18.88	91.6
17/06/2018 7:40:37 PM	3612073237	1013.00	29.92	18.88	87.5	29.01	18.88	95.0	28.59	18.88	98.8	29.42	18.88	91.6
17/06/2018 7:40:38 PM	3612073238	1013.00	29.90	18.88	87.7	29.01	18.88	95.0	28.65	18.88	98.2	29.47	18.88	91.1
17/06/2018 7:40:39 PM	3612073239	1013.00	29.89	18.88	87.8	29.05	18.88	94.7	28.60	18.88	98.7	29.45	18.88	91.3
17/06/2018 7:40:40 PM	3612073240	1013.00	29.96	18.88	87.2	29.04	18.88	94.8	28.62	18.88	98.5	29.52	18.88	90.7
17/06/2018 7:40:41 PM	3612073241	1013.00	29.95	18.88	87.3	29.03	18.88	94.9	28.63	18.88	98.4	29.48	18.88	91.1
17/06/2018 7:40:42 PM	3612073242	1013.00	30.00	18.88	86.9	29.09	18.88	94.3	28.66	18.88	98.1	29.45	18.88	91.3
17/06/2018 7:40:43 PM	3612073243	1013.00	29.93	18.89	87.4	29.02	18.89	94.9	28.65	18.89	98.2	29.46	18.89	91.2
17/06/2018 7:40:44 PM	3612073244	1013.00	30.02	18.89	86.7	29.06	18.89	94.6	28.60	18.89	98.7	29.44	18.89	91.4
17/06/2018 7:40:45 PM	3612073245	1013.00	29.99	18.88	87.0	29.04	18.88	94.8	28.53	18.88	99.3	29.43	18.88	91.5
17/06/2018 7:40:46 PM	3612073246	1013.00	30.02	18.89	86.7	29.05	18.89	94.7	28.64	18.89	98.3	29.43	18.89	91.5
17/06/2018 7:40:47 PM	3612073247	1013.00	30.01	18.89	86.8	28.98	18.89	95.3	28.48	18.89	99.7	29.50	18.89	90.9
17/06/2018 7:40:48 PM	3612073248	1013.00	30.01	18.89	86.8	29.02	18.89	94.9	28.66	18.89	98.1	29.47	18.89	91.1
17/06/2018 7:40:49 PM	3612073249	1013.00	30.00	18.88	86.9	29.02	18.88	94.9	28.57	18.88	98.9	29.46	18.88	91.2
17/06/2018 7:40:50 PM	3612073250	1013.00	29.99	18.88	87.0	29.07	18.88	94.5	28.56	18.88	99.0	29.49	18.88	91.0
17/06/2018 7:40:51 PM	3612073251	1013.00	30.04	18.88	86.6	29.01	18.88	95.0	28.57	18.88	98.9	29.49	18.88	91.0
17/06/2018 7:40:52 PM	3612073252	1013.00	30.07	18.88	86.4	29.03	18.88	94.9	28.62	18.88	98.5	29.45	18.88	91.3
17/06/2018 7:40:53 PM	3612073253	1013.00	30.06	18.89	86.4	28.99	18.89	95.2	28.57	18.89	98.9	29.49	18.89	91.0
17/06/2018 7:40:54 PM	3612073254	1013.00	30.16	18.89	85.7	29.09	18.89	94.3	28.56	18.89	99.0	29.50	18.89	90.9
17/06/2018 7:40:55 PM	3612073255	1013.00	30.11	18.89	86.0	29.10	18.89	94.2	28.53	18.89	99.3	29.49	18.89	91.0
17/06/2018 7:40:56 PM	3612073256	1013.00	30.16	18.89	85.7	29.02	18.89	94.9	28.65	18.89	98.2	29.51	18.89	90.8
17/06/2018 7:40:57 PM	3612073257	1013.00	30.19	18.88	85.4	29.09	18.88	94.3	28.64	18.88	98.3	29.48	18.88	91.1
17/06/2018 7:40:58 PM	3612073258	1013.00	30.20	18.88	85.4	28.99	18.88	95.2	28.68	18.88	97.9	29.48	18.88	91.1
17/06/2018 7:40:59 PM	3612073259	1013.00	30.22	18.88	85.2	29.09	18.88	94.3	28.60	18.88	98.7	29.50	18.88	90.9
17/06/2018 7:41:00 PM	3612073260	1013.00	30.23	18.88	85.1	29.05	18.88	94.7	28.50	18.88	99.6	29.51	18.88	90.8
17/06/2018 7:41:01 PM	3612073261	1013.00	30.24	18.87	85.1	28.96	18.87	95.5	28.67	18.87	98.1	29.51	18.87	90.8
17/06/2018 7:41:02 PM	3612073262	1013.00	30.24	18.87	85.1	29.00	18.87	95.1	28.68	18.87	98.0	29.55	18.87	90.5
17/06/2018 7:41:03 PM	3612073263	1013.00	30.28	18.87	84.8	29.03	18.87	94.9	28.66	18.87	98.1	29.50	18.87	90.9
17/06/2018 7:41:04 PM	3612073264	1013.00	30.36	18.87	84.2	29.04	18.87	94.8	28.51	18.87	99.5	29.51	18.87	90.8
17/06/2018 7:41:05 PM	3612073265	1013.00	30.43	18.87	83.6	29.01	18.87	95.1	28.56	18.87	99.1	29.52	18.87	90.8
17/06/2018 7:41:06 PM	3612073266	1013.00	30.39	18.88	83.9	29.08	18.88	94.4	28.55	18.88	99.1	29.58	18.88	90.2
17/06/2018 7:41:07 PM	3612073267	1013.00	30.46	18.88	83.4	29.07	18.88	94.5	28.53	18.88	99.3	29.53	18.88	90.7
17/06/2018 7:41:08 PM	3612073268	1013.00	30.51	18.88	83.0	29.03	18.88	94.9	28.49	18.88	99.7	29.51	18.88	90.8
17/06/2018 7:41:09 PM	3612073269	1013.00	30.48	18.88	83.3	29.04	18.88	94.8	28.53	18.88	99.3	29.52	18.88	90.7
17/06/2018 7:41:10 PM	3612073270	1013.00	30.47	18.88	83.3	29.07	18.88	94.5	28.58	18.88	98.9	29.54	18.88	90.6
17/06/2018 7:41:11 PM	3612073271	1013.00	30.54	18.88	82.8	29.02	18.88	94.9	28.50	18.88	99.6	29.61	18.88	90.0
17/06/2018 7:41:12 PM	3612073272	1013.00	30.53	18.88	82.9	29.06	18.88	94.6	28.66	18.88	98.1	29.60	18.88	90.1
17/06/2018 7:41:13 PM	3612073273	1013.00	30.48	18.88	83.3	29.01	18.88	95.0	28.57	18.88	98.9	29.54	18.88	90.6
17/06/2018 7:41:14 PM	3612073274	1013.00	30.59	18.88	82.5	29.03	18.88	94.9	28.64	18.88	98.3	29.56	18.88	90.4
17/06/2018 7:41:15 PM	3612073275	1013.00	30.55	18.88	82.7	29.10	18.88	94.3	28.59	18.88	98.8	29.63	18.88	89.8
17/06/2018 7:41:16 PM	3612073276	1013.00	30.55	18.87	82.8	29.09	18.87	94.4	28.58	18.87	98.9	29.59	18.87	90.2
17/06/2018 7:41:17 PM	3612073277	1013.00	30.57	18.88	82.6	29.07	18.88	94.5	28.63	18.88	98.4	29.63	18.88	89.8
17/06/2018 7:41:18 PM	3612073278	1013.00	30.59	18.88	82.5	29.04	18.88	94.8	28.55	18.88	99.1	29.55	18.88	90.5
17/06/2018 7:41:19 PM	3612073279	1013.00	30.55	18.88	82.7	29.06	18.88	94.6	28.57	18.88	98.9	29.58	18.88	90.2
17/06/2018 7:41:20 PM	3612073280	1013.00	30.57	18.88	82.6	29.00	18.88	95.1	28.61	18.88	98.6	29.60	18.88	90.1
17/06/2018 7:41:21 PM	3612073281	1013.00	30.56	18.88	82.7	29.09	18.88	94.3	28.57	18.88	98.9	29.62	18.88	89.9
17/06/2018 7:41:22 PM	3612073282	1013.00	30.62	18.88	82.2	29.08	18.88	94.4	28.51	18.88	99.5	29.63	18.88	89.8
17/06/2018 7:41:23 PM	3612073283	1013.00	30.59	18.88	82.5	29.11	18.88	94.2	28.54	18.88	99.2	29.67	18.88	89.5
17/06/2018 7:41:24 PM	3612073284	1013.00	30.62	18.88	82.2	29.13	18.88	94.0	28.63	18.88	98.4	29.65	18.88	89.7
17/06/2018 7:41:25 PM	3612073285	1013.00	30.59	18.88	82.5	28.99	18.88	95.2	28.60	18.88	98.7	29.68	18.88	89.4
17/06/2018 7:41:26 PM	3612073286	1013.00	30.60	18.88	82.4	29.03	18.88	94.9	28.52	18.88	99.4	29.70	18.88	89.3
17/06/2018 7:41:27 PM	3612073287	1013.00	30.61	18.87	82.3	29.05	18.87	94.7	28.56	18.87	99.1	29.71	18.87	89.2
17/06/2018 7:41:28 PM	3612073288	1013.00	30.55	18.87	82.8	29.08	18.87	94.4	28.63	18.87	98.4	29.68	18.87	89.5
17/06/2018 7:41:29 PM	3612073289	1013.00	30.61	18.88	82.3	29.12	18.88	94.1	28.60	18.88	98.7	29.69	18.88	89.4
17/06/2018 7:41:30 PM	3612073290	1013.00	30.55	18.88	82.7	29.04	18.88	94.8	28.54	18.88	99.2	29.76	18.88	88.8
17/06/2018 7:41:31 PM	3612073291	1013.00	30.65	18.88	82.0	29.08	18.88	94.4	28.66	18.88	98.1	29.74	18.88	89.0
17/06/2018 7:41:32 PM	3612073292	1013.00	30.63	18.88	82.2	28.99	18.88	95.2	28.57	18.88	98.9	29.71	18.88	89.2
17/06/2018 7:41:33 PM	3612073293	1013.00	30.58	18.88	82.5	29.10	18.88	94.3	28.68	18.88	97.9	29.74	18.88	89.0
17/06/2018 7:41:34 PM	3612073294	1013.00	30.63	18.88	82.2	29.08	18.88	94.4	28.72	18.88	97.6	29.68	18.88	89.4
17/06/2018 7:41:35 PM	3612073295	1013.00	30.61	18.88	82.3	29.06	18.88	94.6	28.63	18.88	98.4	29.73	18.88	89.0
17/06/2018 7:41:36 PM	3612073296	1013.00	30.65	18.88	82.0	29.13	18.88	94.0	28.49	18.88	99.7	29.71	18.88	89.2
17/06/2018 7:41:37 PM	3612073297	1013.00	30.62	18.88	82.2	29.05	18.88	94.7	28.58	18.88	98.9	29.71	18.88	89.2
17/06/2018 7:41:38 PM	3612073298	1013.00	30.65	18.88	82.0	29.05	18.88	94.7	28.55	18.88	99.1	29.72	18.88	89.1
17/06/2018 7:41:39 PM	3612073299	1013.00	30.59	18.87	82.5	29.08	18.87	94.4	28.49	18.87	99.7	29.76	18.87	88.8
17/06/2018 7:41:40 PM	3612073300	1013.00	30.62	18.87	82.2	29.10	18.87	94.3	28.57	18.87	99.0	29.78	18.87	88.7
17/06/2018 7:41:41 PM	3612073301	1013.00	30.67	18.88	81.9	29.08	18.88	94.4	28.58	18.88	98.9	29.77	18.88	88.7
17/06/2018 7:41:42 PM	3612073302	1013.00	30.60	18.88	82.4	29.07	18.88	94.5	28.56	18.88	99.0	29.73	18.88	89.0
17/06/2018 7:41:43 PM	3612073303	1013.00	30.61	18.88	82.3	29.03	18.88	94.9	28.63	18.88	98.4	29.79	18.88	88.6
17/06/2018 7:41:44 PM	3612073304	1013.00	30.61	18.88	82.3	29.12	18.88	94.1	28.64	18.88	98.3	29.78	18.88	88.6
17/06/2018 7:41:45 PM	3612073305	1013.00	30.62	18.88	82.2	29.07	18.88	94.5	28.64	18.88	98.3	29.79	18.88	88.6
17/06/2018 7:41:46 PM	3612073306	1013.00	30.64	18.88	82.1	29.04	18.88	94.8	28.56	18.88	99.0	29.82	18.88	88.3
17/06/2018 7:41:47 PM	3612073307	1013.00	30.63	18.88	82.2	29.07	18.88	94.5	28.54	18.88	99.2	29.80	18.88	88.5
17/06/2018 7:41:48 PM	3612073308	1013.00	30.62	18.88	82.2	29.10	18.88	94.3	28.61	18.88	98.6	29.77	18.88	88.7
17/06/2018 7:41:49 PM	3612073309	1013.00	30.64	18.88	82.1	29.08	18.88	94.4	28.56	18.88	99.0	29.79	18.88	88.6
17/06/2018 7:41:50 PM	3612073310	1013.00	30.64	18.88	82.1	29.07	18.88	94.5	28.52	18.88	99.4	29.82	18.88	88.3
17/06/2018 7:41:51 PM	3612073311	1013.00	30.58	18.88	82.5	29.15	18.88	93.8	28.57	18.88	98.9	29.81	18.88	88.4
17/06/2018 7:41:52 PM	3612073312	1013.00	30.63	18.88	82.2	29.10	18.88	94.3	28.54	18.88	99.2	29.83	18.88	88.2
17/06/2018 7:41:53 PM	3612073313	1013.00	30.61	18.88	82.3	29.09	18.88	94.3	28.63	18.88	98.4	29.82	18.88	88.3
17/06/2018 7:41:54 PM	3612073314	1013.00	30.63	18.88	82.2	29.07	18.88	94.5	28.53	18.88	99.3	29.79	18.88	88.6
17/06/2018 7:41:55 PM	3612073315	1013.00	30.63	18.88	82.2	29.10	18.88	94.3	28.51	18.88	99.5	29.86	18.88	88.0
17/06/2018 7:41:56 PM	3612073316	1013.00	30.64	18.88	82.1	29.06	18.88	94.6	28.59	18.88	98.8	29.84	18.88	88.2
17/06/2018 7:41:57 PM	3612073317	1013.00	30.64	18.88	82.1	29.11	18.88	94.2	28.65	18.88	98.2	29.87	18.88	87.9
17/06/2018 7:41:58 PM	3612073318	1013.00	30.61	18.88	82.3	29.14	18.88	93.9	28.60	18.88	98.7	29.83	18.88	88.2
17/06/2018 7:41:59 PM	3612073319	1013.00	30.67	18.88	81.9	29.13	18.88	94.0	28.54	18.88	99.2	29.86	18.88	88.0
17/06/2018 7:42:00 PM	3612073320	1013.00	30.64	18.88	82.1	29.15	18.88	93.8	28.64	18.88	98.3	29.86	18.88	88.0
17/06/2018 7:42:01 PM	3612073321	1013.00	30.64	18.88	82.1	29.02	18.88	94.9	28.46	18.88	99.9	29.85	18.88	88.1
17/06/2018 7:42:02 PM	3612073322	1013.00	30.66	18.89	81.9	29.06	18.89	94.6	28.49	18.89	99.7	29.86	18.89	88.0
17/06/2018 7:42:03 PM	3612073323	1013.00	30.66	18.89	81.9	29.11	18.89	94.2	28.50	18.89	99.6	29.86	18.89	88.0
17/06/2018 7:42:04 PM	3612073324	1013.00	30.67	18.88	81.9	29.10	18.88	94.3	28.56	18.88	99.0	29.85	18.88	88.1
17/06/2018 7:42:05 PM	3612073325	1013.00	30.70	18.88	81.7	29.15	18.88	93.8	28.67	18.88	98.0	29.91	18.88	87.6
17/06/2018 7:42:06 PM	3612073326	1013.00	30.63	18.88	82.2	29.11	18.88	94.2	28.60	18.88	98.7	29.86	18.88	88.0
17/06/2018 7:42:07 PM	3612073327	1013.00	30.64	18.87	82.1	29.09	18.87	94.4	28.66	18.87	98.1	29.91	18.87	87.6
17/06/2018 7:42:08 PM	3612073328	1013.00	30.62	18.88	82.2	29.07	18.88	94.5	28.54	18.88	99.2	29.87	18.88	87.9
17/06/2018 7:42:09 PM	3612073329	1013.00	30.66	18.88	81.9	29.10	18.88	94.3	28.59	18.88	98.8	29.92	18.88	87.5
17/06/2018 7:42:10 PM	3612073330	1013.00	30.71	18.88	81.6	29.17	18.88	93.7	28.63	18.88	98.4	29.90	18.88	87.7
17/06/2018 7:42:11 PM	3612073331	1013.00	30.72	18.88	81.5	29.07	18.88	94.5	28.59	18.88	98.8	29.92	18.88	87.5
17/06/2018 7:42:12 PM	3612073332	1013.00	30.68	18.87	81.8	29.08	18.87	94.4	28.58	18.87	98.9	29.88	18.87	87.9
17/06/2018 7:42:13 PM	3612073333	1013.00	30.66	18.87	82.0	29.08	18.87	94.4	28.67	18.87	98.1	29.95	18.87	87.3
17/06/2018 7:42:14 PM	3612073334	1013.00	30.67	18.87	81.9	29.08	18.87	94.4	28.52	18.87	99.4	29.92	18.87	87.5
17/06/2018 7:42:15 PM	3612073335	1013.00	30.61	18.87	82.3	29.05	18.87	94.7	28.55	18.87	99.1	29.93	18.87	87.5
17/06/2018 7:42:16 PM	3612073336	1013.00	30.70	18.87	81.7	29.10	18.87	94.3	28.48	18.87	99.8	29.87	18.87	87.9
17/06/2018 7:42:17 PM	3612073337	1013.00	30.69	18.87	81.7	29.09	18.87	94.4	28.60	18.87	98.7	29.92	18.87	87.5
17/06/2018 7:42:18 PM	3612073338	1013.00	30.68	18.88	81.8	29.05	18.88	94.7	28.58	18.88	98.9	29.93	18.88	87.5
17/06/2018 7:42:19 PM	3612073339	1013.00	30.67	18.88	81.9	29.05	18.88	94.7	28.50	18.88	99.6	29.92	18.88	87.5
17/06/2018 7:42:20 PM	3612073340	1013.00	30.68	18.87	81.8	29.04	18.87	94.8	28.59	18.87	98.8	29.91	18.87	87.6
17/06/2018 7:42:21 PM	3612073341	1013.00	30.66	18.87	82.0	29.02	18.87	95.0	28.60	18.87	98.7	29.91	18.87	87.6
17/06/2018 7:42:22 PM	3612073342	1013.00	30.68	18.87	81.8	29.08	18.87	94.4	28.62	18.87	98.5	29.94	18.87	87.4
17/06/2018 7:42:23 PM	3612073343	1013.00	30.71	18.87	81.6	29.10	18.87	94.3	28.57	18.87	99.0	29.93	18.87	87.5
17/06/2018 7:42:24 PM	3612073344	1013.00	30.68	18.87	81.8	29.19	18.87	93.5	28.52	18.87	99.4	29.95	18.87	87.3
17/06/2018 7:42:25 PM	3612073345	1013.00	30.67	18.87	81.9	29.08	18.87	94.4	28.64	18.87	98.3	29.96	18.87	87.2
17/06/2018 7:42:26 PM	3612073346	1013.00	30.66	18.87	82.0	29.17	18.87	93.7	28.60	18.87	98.7	29.95	18.87	87.3
17/06/2018 7:42:27 PM	3612073347	1013.00	30.67	18.87	81.9	29.15	18.87	93.8	28.61	18.87	98.6	29.93	18.87	87.5
17/06/2018 7:42:28 PM	3612073348	1013.00	30.70	18.86	81.7	29.14	18.86	94.0	28.69	18.86	97.9	29.97	18.86	87.2
17/06/2018 7:42:29 PM	3612073349	1013.00	30.69	18.87	81.7	29.22	18.87	93.3	28.55	18.87	99.1	30.00	18.87	86.9
17/06/2018 7:42:30 PM	3612073350	1013.00	30.71	18.86	81.6	29.14	18.86	94.0	28.62	18.86	98.5	29.95	18.86	87.3
17/06/2018 7:42:31 PM	3612073351	1013.00	30.70	18.87	81.7	29.20	18.87	93.4	28.61	18.87	98.6	29.96	18.87	87.2
17/06/2018 7:42:32 PM	3612073352	1013.00	30.70	18.87	81.7	29.14	18.87	93.9	28.56	18.87	99.1	29.95	18.87	87.3
17/06/2018 7:42:33 PM	3612073353	1013.00	30.70	18.87	81.7	29.15	18.87	93.8	28.54	18.87	99.2	30.01	18.87	86.8
17/06/2018 7:42:34 PM	3612073354	1013.00	30.72	18.87	81.5	29.12	18.87	94.1	28.66	18.87	98.1	30.00	18.87	86.9
17/06/2018 7:42:35 PM	3612073355	1013.00	30.74	18.87	81.4	29.17	18.87	93.7	28.63	18.87	98.4	30.00	18.87	86.9
17/06/2018 7:42:36 PM	3612073356	1013.00	30.68	18.87	81.8	29.11	18.87	94.2	28.66	18.87	98.1	29.98	18.87	87.1
17/06/2018 7:42:37 PM	3612073357	1013.00	30.69	18.88	81.7	29.12	18.88	94.1	28.56	18.88	99.0	30.01	18.88	86.8
17/06/2018 7:42:38 PM	3612073358	1013.00	30.71	18.88	81.6	29.15	18.88	93.8	28.62	18.88	98.5	29.99	18.88	87.0
17/06/2018 7:42:39 PM	3612073359	1013.00	30.69	18.88	81.7	29.16	18.88	93.7	28.64	18.88	98.3	30.01	18.88	86.8
17/06/2018 7:42:40 PM	3612073360	1013.00	30.67	18.88	81.9	29.19	18.88	93.5	28.55	18.88	99.1	30.01	18.88	86.8
17/06/2018 7:42:41 PM	3612073361	1013.00	30.74	18.88	81.4	29.17	18.88	93.7	28.68	18.88	97.9	30.01	18.88	86.8
17/06/2018 7:42:42 PM	3612073362	1013.00	30.73	18.87	81.4	29.19	18.87	93.5	28.68	18.87	98.0	30.02	18.87	86.8
17/06/2018 7:42:43 PM	3612073363	1013.00	30.75	18.87	81.3	29.17	18.87	93.7	28.67	18.87	98.1	30.01	18.87	86.8
17/06/2018 7:42:44 PM	3612073364	1013.00	30.74	18.87	81.4	29.11	18.87	94.2	28.59	18.87	98.8	30.02	18.87	86.8
17/06/2018 7:42:45 PM	3612073365	1013.00	30.71	18.87	81.6	29.14	18.87	93.9	28.68	18.87	98.0	30.05	18.87	86.5
17/06/2018 7:42:46 PM	3612073366	1013.00	30.70	18.87	81.7	29.18	18.87	93.6	28.55	18.87	99.1	29.95	18.87	87.3
17/06/2018 7:42:47 PM	3612073367	1013.00	30.73	18.87	81.4	29.16	18.87	93.8	28.62	18.87	98.5	30.00	18.87	86.9
17/06/2018 7:42:48 PM	3612073368	1013.00	30.69	18.86	81.8	29.17	18.86	93.7	28.59	18.86	98.8	30.02	18.86	86.8
17/06/2018 7:42:49 PM	3612073369	1013.00	30.75	18.86	81.3	29.18	18.86	93.6	28.61	18.86	98.6	30.00	18.86	86.9
17/06/2018 7:42:50 PM	3612073370	1013.00	30.69	18.86	81.8	29.14	18.86	94.0	28.56	18.86	99.1	29.99	18.86	87.0
17/06/2018 7:42:51 PM	3612073371	1013.00	30.69	18.86	81.8	29.12	18.86	94.1	28.64	18.86	98.3	30.03	18.86	86.7
17/06/2018 7:42:52 PM	3612073372	1013.00	30.74	18.86	81.4	29.18	18.86	93.6	28.60	18.86	98.7	30.04	18.86	86.6
17/06/2018 7:42:53 PM	3612073373	1013.00	30.75	18.86	81.3	29.24	18.86	93.1	28.66	18.86	98.2	29.99	18.86	87.0
17/06/2018 7:42:54 PM	3612073374	1013.00	30.71	18.87	81.6	29.21	18.87	93.3	28.68	18.87	98.0	30.04	18.87	86.6
17/06/2018 7:42:55 PM	3612073375	1013.00	30.71	18.87	81.6	29.22	18.87	93.3	28.65	18.87	98.2	30.03	18.87	86.7
17/06/2018 7:42:56 PM	3612073376	1013.00	30.68	18.87	81.8	29.17	18.87	93.7	28.56	18.87	99.1	30.03	18.87	86.7
17/06/2018 7:42:57 PM	3612073377	1013.00	30.76	18.87	81.2	29.13	18.87	94.0	28.62	18.87	98.5	30.05	18.87	86.5
17/06/2018 7:42:58 PM	3612073378	1013.00	30.72	18.87	81.5	29.11	18.87	94.2	28.69	18.87	97.9	30.01	18.87	86.8
17/06/2018 7:42:59 PM	3612073379	1013.00	30.72	18.87	81.5	29.22	18.87	93.3	28.63	18.87	98.4	30.05	18.87	86.5
17/06/2018 7:43:00 PM	3612073380	1013.00	30.77	18.87	81.2	29.19	18.87	93.5	28.64	18.87	98.3	30.05	18.87	86.5
17/06/2018 7:43:01 PM	3612073381	1013.00	30.73	18.86	81.5	29.24	18.86	93.1	28.65	18.86	98.3	30.03	18.86	86.7
17/06/2018 7:43:02 PM	3612073382	1013.00	30.72	18.86	81.5	29.22	18.86	93.3	28.63	18.86	98.4	30.03	18.86	86.7
17/06/2018 7:43:03 PM	3612073383	1013.00	30.73	18.86	81.5	29.19	18.86	93.5	28.62	18.86	98.5	30.02	18.86	86.8
17/06/2018 7:43:04 PM	3612073384	1013.00	30.74	18.86	81.4	29.20	18.86	93.4	28.68	18.86	98.0	30.01	18.86	86.9
17/06/2018 7:43:05 PM	3612073385	1013.00	30.75	18.86	81.3	29.23	18.86	93.2	28.65	18.86	98.3	30.03	18.86	86.7
17/06/2018 7:43:06 PM	3612073386	1013.00	30.71	18.86	81.6	29.26	18.86	92.9	28.58	18.86	98.9	30.03	18.86	86.7
17/06/2018 7:43:07 PM	3612073387	1013.00	30.71	18.86	81.6	29.26	18.86	92.9	28.56	18.86	99.1	30.01	18.86	86.9
17/06/2018 7:43:08 PM	3612073388	1013.00	30.77	18.86	81.2	29.31	18.86	92.5	28.61	18.86	98.6	30.03	18.86	86.7
17/06/2018 7:43:09 PM	3612073389	1013.00	30.72	18.86	81.5	29.21	18.86	93.4	28.64	18.86	98.3	30.04	18.86	86.6
17/06/2018 7:43:10 PM	3612073390	1013.00	30.71	18.86	81.6	29.24	18.86	93.1	28.66	18.86	98.2	30.04	18.86	86.6
17/06/2018 7:43:11 PM	3612073391	1013.00	30.73	18.86	81.5	29.22	18.86	93.3	28.69	18.86	97.9	30.04	18.86	86.6
17/06/2018 7:43:12 PM	3612073392	1013.00	30.71	18.86	81.6	29.23	18.86	93.2	28.62	18.86	98.5	30.05	18.86	86.5
17/06/2018 7:43:13 PM	3612073393	1013.00	30.72	18.86	81.5	29.25	18.86	93.0	28.57	18.86	99.0	30.04	18.86	86.6
17/06/2018 7:43:14 PM	3612073394	1013.00	30.73	18.86	81.5	29.28	18.86	92.8	28.60	18.86	98.7	30.06	18.86	86.5
17/06/2018 7:43:15 PM	3612073395	1013.00	30.75	18.86	81.3	29.24	18.86	93.1	28.65	18.86	98.3	30.01	18.86	86.9
17/06/2018 7:43:16 PM	3612073396	1013.00	30.74	18.86	81.4	29.33	18.86	92.3	28.69	18.86	97.9	30.06	18.86	86.5
17/06/2018 7:43:17 PM	3612073397	1013.00	30.75	18.85	81.3	29.23	18.85	93.2	28.56	18.85	99.1	30.08	18.85	86.3
17/06/2018 7:43:18 PM	3612073398	1013.00	30.71	18.85	81.6	29.24	18.85	93.1	28.66	18.85	98.2	30.08	18.85	86.3
17/06/2018 7:43:19 PM	3612073399	1013.00	30.72	18.86	81.5	29.25	18.86	93.0	28.65	18.86	98.3	30.04	18.86	86.6
17/06/2018 7:43:20 PM	3612073400	1013.00	30.74	18.86	81.4	29.30	18.86	92.6	28.76	18.86	97.3	30.05	18.86	86.5
17/06/2018 7:43:21 PM	3612073401	1013.00	30.77	18.86	81.2	29.29	18.86	92.7	28.73	18.86	97.5	30.05	18.86	86.5
17/06/2018 7:43:22 PM	3612073402	1013.00	30.73	18.86	81.5	29.25	18.86	93.0	28.78	18.86	97.1	30.05	18.86	86.5
17/06/2018 7:43:23 PM	3612073403	1013.00	30.74	18.86	81.4	29.25	18.86	93.0	28.58	18.86	98.9	30.06	18.86	86.5
17/06/2018 7:43:24 PM	3612073404	1013.00	30.70	18.86	81.7	29.23	18.86	93.2	28.64	18.86	98.3	30.07	18.86	86.4
17/06/2018 7:43:25 PM	3612073405	1013.00	30.76	18.86	81.2	29.23	18.86	93.2	28.56	18.86	99.1	30.03	18.86	86.7
17/06/2018 7:43:26 PM	3612073406	1013.00	30.73	18.86	81.5	29.34	18.86	92.3	28.72	18.86	97.6	30.06	18.86	86.5
17/06/2018 7:43:27 PM	3612073407	1013.00	30.79	18.87	81.0	29.31	18.87	92.5	28.60	18.87	98.7	30.09	18.87	86.2
17/06/2018 7:43:28 PM	3612073408	1013.00	30.71	18.86	81.6	29.24	18.86	93.1	28.72	18.86	97.6	30.05	18.86	86.5
17/06/2018 7:43:29 PM	3612073409	1013.00	30.77	18.86	81.2	29.30	18.86	92.6	28.67	18.86	98.1	30.11	18.86	86.1
17/06/2018 7:43:30 PM	3612073410	1013.00	30.76	18.87	81.2	29.28	18.87	92.7	28.65	18.87	98.2	30.03	18.87	86.7
17/06/2018 7:43:31 PM	3612073411	1013.00	30.78	18.86	81.1	29.27	18.86	92.8	28.74	18.86	97.4	30.10	18.86	86.2
17/06/2018 7:43:32 PM	3612073412	1013.00	30.73	18.86	81.5	29.30	18.86	92.6	28.69	18.86	97.9	30.10	18.86	86.2
17/06/2018 7:43:33 PM	3612073413	1013.00	30.73	18.86	81.5	29.30	18.86	92.6	28.58	18.86	98.9	30.08	18.86	86.3
17/06/2018 7:43:34 PM	3612073414	1013.00	30.71	18.86	81.6	29.26	18.86	92.9	28.62	18.86	98.5	30.10	18.86	86.2
17/06/2018 7:43:35 PM	3612073415	1013.00	30.79	18.86	81.0	29.26	18.86	92.9	28.68	18.86	98.0	30.08	18.86	86.3
17/06/2018 7:43:36 PM	3612073416	1013.00	30.76	18.85	81.3	29.28	18.85	92.8	28.67	18.85	98.1	30.09	18.85	86.3
17/06/2018 7:43:37 PM	3612073417	1013.00	30.77	18.86	81.2	29.29	18.86	92.7	28.61	18.86	98.6	30.13	18.86	85.9
17/06/2018 7:43:38 PM	3612073418	1013.00	30.74	18.86	81.4	29.38	18.86	91.9	28.66	18.86	98.2	30.11	18.86	86.1
17/06/2018 7:43:39 PM	3612073419	1013.00	30.74	18.86	81.4	29.24	18.86	93.1	28.71	18.86	97.7	30.16	18.86	85.7
17/06/2018 7:43:40 PM	3612073420	1013.00	30.82	18.85	80.8	29.28	18.85	92.8	28.75	18.85	97.4	30.12	18.85	86.0
17/06/2018 7:43:41 PM	3612073421	1013.00	30.72	18.86	81.5	29.30	18.86	92.6	28.62	18.86	98.5	30.10	18.86	86.2
17/06/2018 7:43:42 PM	3612073422	1013.00	30.75	18.86	81.3	29.33	18.86	92.3	28.64	18.86	98.3	30.15	18.86	85.8
17/06/2018 7:43:43 PM	3612073423	1013.00	30.78	18.86	81.1	29.38	18.86	91.9	28.66	18.86	98.2	30.17	18.86	85.6
17/06/2018 7:43:44 PM	3612073424	1013.00	30.74	18.86	81.4	29.27	18.86	92.8	28.75	18.86	97.4	30.19	18.86	85.5
17/06/2018 7:43:45 PM	3612073425	1013.00	30.72	18.86	81.5	29.33	18.86	92.3	28.70	18.86	97.8	30.17	18.86	85.6
17/06/2018 7:43:46 PM	3612073426	1013.00	30.74	18.86	81.4	29.37	18.86	92.0	28.75	18.86	97.4	30.13	18.86	85.9
17/06/2018 7:43:47 PM	3612073427	1013.00	30.75	18.85	81.3	29.26	18.85	93.0	28.64	18.85	98.4	30.15	18.85	85.8
17/06/2018 7:43:48 PM	3612073428	1013.00	30.73	18.85	81.5	29.31	18.85	92.5	28.66	18.85	98.2	30.19	18.85	85.5
17/06/2018 7:43:49 PM	3612073429	1013.00	30.75	18.85	81.3	29.28	18.85	92.8	28.70	18.85	97.8	30.12	18.85	86.0
17/06/2018 7:43:50 PM	3612073430	1013.00	30.80	18.85	81.0	29.33	18.85	92.4	28.66	18.85	98.2	30.18	18.85	85.6
17/06/2018 7:43:51 PM	3612073431	1013.00	30.78	18.85	81.1	29.31	18.85	92.5	28.61	18.85	98.6	30.15	18.85	85.8
17/06/2018 7:43:52 PM	3612073432	1013.00	30.82	18.86	80.8	29.29	18.86	92.7	28.73	18.86	97.5	30.22	18.86	85.2
17/06/2018 7:43:53 PM	3612073433	1013.00	30.72	18.86	81.5	29.34	18.86	92.3	28.76	18.86	97.3	30.18	18.86	85.5
17/06/2018 7:43:54 PM	3612073434	1013.00	30.76	18.86	81.2	29.27	18.86	92.8	28.69	18.86	97.9	30.25	18.86	85.0
17/06/2018 7:43:55 PM	3612073435	1013.00	30.79	18.86	81.0	29.29	18.86	92.7	28.59	18.86	98.8	30.24	18.86	85.1
17/06/2018 7:43:56 PM	3612073436	1013.00	30.75	18.85	81.3	29.33	18.85	92.4	28.64	18.85	98.4	30.25	18.85	85.0
17/06/2018 7:43:57 PM	3612073437	1013.00	30.73	18.85	81.5	29.37	18.85	92.0	28.56	18.85	99.1	30.25	18.85	85.0
17/06/2018 7:43:58 PM	3612073438	1013.00	30.82	18.85	80.8	29.35	18.85	92.2	28.65	18.85	98.3	30.29	18.85	84.7
17/06/2018 7:43:59 PM	3612073439	1013.00	30.82	18.85	80.8	29.27	18.85	92.9	28.76	18.85	97.3	30.29	18.85	84.7
17/06/2018 7:44:00 PM	3612073440	1013.00	30.81	18.85	80.9	29.30	18.85	92.6	28.67	18.85	98.1	30.27	18.85	84.9
17/06/2018 7:44:01 PM	3612073441	1013.00	30.81	18.86	80.9	29.31	18.86	92.5	28.70	18.86	97.8	30.29	18.86	84.7
17/06/2018 7:44:02 PM	3612073442	1013.00	30.79	18.86	81.0	29.33	18.86	92.3	28.62	18.86	98.5	30.23	18.86	85.2
17/06/2018 7:44:03 PM	3612073443	1013.00	30.78	18.86	81.1	29.31	18.86	92.5	28.64	18.86	98.3	30.26	18.86	84.9
17/06/2018 7:44:04 PM	3612073444	1013.00	30.80	18.86	81.0	29.28	18.86	92.8	28.66	18.86	98.2	30.25	18.86	85.0
17/06/2018 7:44:05 PM	3612073445	1013.00	30.78	18.85	81.1	29.34	18.85	92.3	28.79	18.85	97.0	30.29	18.85	84.7
17/06/2018 7:44:06 PM	3612073446	1013.00	30.85	18.85	80.6	29.35	18.85	92.2	28.63	18.85	98.5	30.31	18.85	84.6
17/06/2018 7:44:07 PM	3612073447	1013.00	30.85	18.85	80.6	29.37	18.85	92.0	28.77	18.85	97.2	30.24	18.85	85.1
17/06/2018 7:44:08 PM	3612073448	1013.00	30.78	18.86	81.1	29.37	18.86	92.0	28.65	18.86	98.3	30.31	18.86	84.6
17/06/2018 7:44:09 PM	3612073449	1013.00	30.77	18.85	81.2	29.36	18.85	92.1	28.72	18.85	97.6	30.32	18.85	84.5
17/06/2018 7:44:10 PM	3612073450	1013.00	30.76	18.85	81.3	29.33	18.85	92.4	28.60	18.85	98.7	30.35	18.85	84.3
17/06/2018 7:44:11 PM	3612073451	1013.00	30.79	18.85	81.0	29.36	18.85	92.1	28.69	18.85	97.9	30.30	18.85	84.7
17/06/2018 7:44:12 PM	3612073452	1013.00	30.84	18.86	80.7	29.32	18.86	92.4	28.65	18.86	98.3	30.37	18.86	84.1
17/06/2018 7:44:13 PM	3612073453	1013.00	30.80	18.85	81.0	29.37	18.85	92.0	28.66	18.85	98.2	30.35	18.85	84.3
17/06/2018 7:44:14 PM	3612073454	1013.00	30.81	18.85	80.9	29.32	18.85	92.4	28.64	18.85	98.4	30.38	18.85	84.1
17/06/2018 7:44:15 PM	3612073455	1013.00	30.83	18.86	80.7	29.32	18.86	92.4	28.78	18.86	97.1	30.37	18.86	84.1
17/06/2018 7:44:16 PM	3612073456	1013.00	30.81	18.86	80.9	29.29	18.86	92.7	28.66	18.86	98.2	30.36	18.86	84.2
17/06/2018 7:44:17 PM	3612073457	1013.00	30.78	18.86	81.1	29.30	18.86	92.6	28.53	18.86	99.3	30.35	18.86	84.3
17/06/2018 7:44:18 PM	3612073458	1013.00	30.78	18.86	81.1	29.35	18.86	92.2	28.67	18.86	98.1	30.36	18.86	84.2
17/06/2018 7:44:19 PM	3612073459	1013.00	30.78	18.86	81.1	29.40	18.86	91.8	28.74	18.86	97.4	30.39	18.86	84.0
17/06/2018 7:44:20 PM	3612073460	1013.00	30.82	18.85	80.8	29.32	18.85	92.4	28.62	18.85	98.5	30.32	18.85	84.5
17/06/2018 7:44:21 PM	3612073461	1013.00	30.77	18.85	81.2	29.31	18.85	92.5	28.76	18.85	97.3	30.39	18.85	84.0
17/06/2018 7:44:22 PM	3612073462	1013.00	30.79	18.85	81.0	29.33	18.85	92.4	28.62	18.85	98.5	30.38	18.85	84.1
17/06/2018 7:44:23 PM	3612073463	1013.00	30.83	18.86	80.7	29.31	18.86	92.5	28.74	18.86	97.4	30.41	18.86	83.8
17/06/2018 7:44:24 PM	3612073464	1013.00	30.83	18.86	80.7	29.34	18.86	92.3	28.70	18.86	97.8	30.36	18.86	84.2
17/06/2018 7:44:25 PM	3612073465	1013.00	30.78	18.86	81.1	29.35	18.86	92.2	28.63	18.86	98.4	30.38	18.86	84.0
17/06/2018 7:44:26 PM	3612073466	1013.00	30.80	18.86	81.0	29.34	18.86	92.3	28.64	18.86	98.3	30.43	18.86	83.7
17/06/2018 7:44:27 PM	3612073467	1013.00	30.82	18.86	80.8	29.38	18.86	91.9	28.76	18.86	97.3	30.40	18.86	83.9
17/06/2018 7:44:28 PM	3612073468	1013.00	30.82	18.86	80.8	29.34	18.86	92.3	28.60	18.86	98.7	30.44	18.86	83.6
17/06/2018 7:44:29 PM	3612073469	1013.00	30.81	18.86	80.9	29.31	18.86	92.5	28.74	18.86	97.4	30.38	18.86	84.0
17/06/2018 7:44:30 PM	3612073470	1013.00	30.80	18.86	81.0	29.43	18.86	91.5	28.65	18.86	98.3	30.38	18.86	84.0
17/06/2018 7:44:31 PM	3612073471	1013.00	30.81	18.86	80.9	29.39	18.86	91.8	28.72	18.86	97.6	30.42	18.86	83.7
17/06/2018 7:44:32 PM	3612073472	1013.00	30.87	18.86	80.5	29.38	18.86	91.9	28.67	18.86	98.1	30.36	18.86	84.2
17/06/2018 7:44:33 PM	3612073473	1013.00	30.81	18.86	80.9	29.44	18.86	91.4	28.76	18.86	97.3	30.39	18.86	84.0
17/06/2018 7:44:34 PM	3612073474	1013.00	30.84	18.86	80.7	29.33	18.86	92.3	28.64	18.86	98.3	30.43	18.86	83.7
17/06/2018 7:44:35 PM	3612073475	1013.00	30.78	18.86	81.1	29.38	18.86	91.9	28.71	18.86	97.7	30.40	18.86	83.9
17/06/2018 7:44:36 PM	3612073476	1013.00	30.81	18.85	80.9	29.33	18.85	92.4	28.65	18.85	98.3	30.46	18.85	83.5
17/06/2018 7:44:37 PM	3612073477	1013.00	30.85	18.85	80.6	29.36	18.85	92.1	28.68	18.85	98.0	30.41	18.85	83.8
17/06/2018 7:44:38 PM	3612073478	1013.00	30.80	18.85	81.0	29.40	18.85	91.8	28.70	18.85	97.8	30.41	18.85	83.8
17/06/2018 7:44:39 PM	3612073479	1013.00	30.89	18.85	80.3	29.36	18.85	92.1	28.71	18.85	97.7	30.39	18.85	84.0
17/06/2018 7:44:40 PM	3612073480	1013.00	30.88	18.85	80.4	29.35	18.85	92.2	28.66	18.85	98.2	30.43	18.85	83.7
17/06/2018 7:44:41 PM	3612073481	1013.00	30.94	18.86	80.0	29.32	18.86	92.4	28.67	18.86	98.1	30.40	18.86	83.9
17/06/2018 7:44:42 PM	3612073482	1013.00	30.93	18.86	80.0	29.43	18.86	91.5	28.70	18.86	97.8	30.37	18.86	84.1
17/06/2018 7:44:43 PM	3612073483	1013.00	31.00	18.86	79.5	29.42	18.86	91.6	28.71	18.86	97.7	30.44	18.86	83.6
17/06/2018 7:44:44 PM	3612073484	1013.00	31.04	18.86	79.3	29.35	18.86	92.2	28.69	18.86	97.9	30.40	18.86	83.9
17/06/2018 7:44:45 PM	3612073485	1013.00	31.04	18.86	79.3	29.39	18.86	91.8	28.75	18.86	97.4	30.42	18.86	83.7
17/06/2018 7:44:46 PM	3612073486	1013.00	31.02	18.85	79.4	29.40	18.85	91.8	28.70	18.85	97.8	30.39	18.85	84.0
17/06/2018 7:44:47 PM	3612073487	1013.00	31.02	18.85	79.4	29.31	18.85	92.5	28.70	18.85	97.8	30.43	18.85	83.7
17/06/2018 7:44:48 PM	3612073488	1013.00	31.06	18.85	79.1	29.37	18.85	92.0	28.71	18.85	97.7	30.44	18.85	83.6
17/06/2018 7:44:49 PM	3612073489	1013.00	31.10	18.85	78.9	29.39	18.85	91.9	28.69	18.85	97.9	30.47	18.85	83.4
17/06/2018 7:44:50 PM	3612073490	1013.00	31.11	18.86	78.8	29.38	18.86	91.9	28.73	18.86	97.5	30.45	18.86	83.5
17/06/2018 7:44:51 PM	3612073491	1013.00	31.15	18.86	78.5	29.37	18.86	92.0	28.64	18.86	98.3	30.41	18.86	83.8
17/06/2018 7:44:52 PM	3612073492	1013.00	31.09	18.86	78.9	29.39	18.86	91.8	28.72	18.86	97.6	30.45	18.86	83.5
17/06/2018 7:44:53 PM	3612073493	1013.00	31.11	18.86	78.8	29.34	18.86	92.3	28.84	18.86	96.6	30.45	18.86	83.5
17/06/2018 7:44:54 PM	3612073494	1013.00	31.14	18.86	78.6	29.36	18.86	92.1	28.68	18.86	98.0	30.47	18.86	83.4
17/06/2018 7:44:55 PM	3612073495	1013.00	31.11	18.86	78.8	29.42	18.86	91.6	28.86	18.86	96.4	30.44	18.86	83.6
17/06/2018 7:44:56 PM	3612073496	1013.00	31.12	18.86	78.7	29.38	18.86	91.9	28.79	18.86	97.0	30.45	18.86	83.5
17/06/2018 7:44:57 PM	3612073497	1013.00	31.09	18.86	78.9	29.38	18.86	91.9	28.70	18.86	97.8	30.44	18.86	83.6
17/06/2018 7:44:58 PM	3612073498	1013.00	31.19	18.86	78.2	29.37	18.86	92.0	28.72	18.86	97.6	30.45	18.86	83.5
17/06/2018 7:44:59 PM	3612073499	1013.00	31.17	18.86	78.4	29.38	18.86	91.9	28.78	18.86	97.1	30.43	18.86	83.7
17/06/2018 7:45:00 PM	3612073500	1013.00	31.13	18.86	78.6	29.39	18.86	91.8	28.75	18.86	97.4	30.46	18.86	83.4
17/06/2018 7:45:01 PM	3612073501	1013.00	31.20	18.86	78.2	29.38	18.86	91.9	28.74	18.86	97.4	30.44	18.86	83.6
17/06/2018 7:45:02 PM	3612073502	1013.00	31.22	18.86	78.0	29.44	18.86	91.4	28.82	18.86	96.7	30.49	18.86	83.2
17/06/2018 7:45:03 PM	3612073503	1013.00	31.17	18.86	78.4	29.35	18.86	92.2	28.77	18.86	97.2	30.47	18.86	83.4
17/06/2018 7:45:04 PM	3612073504	1013.00	31.17	18.86	78.4	29.41	18.86	91.7	28.80	18.86	96.9	30.47	18.86	83.4
17/06/2018 7:45:05 PM	3612073505	1013.00	31.22	18.86	78.0	29.40	18.86	91.8	28.79	18.86	97.0	30.47	18.86	83.4
17/06/2018 7:45:06 PM	3612073506	1013.00	31.23	18.85	78.0	29.47	18.85	91.2	28.81	18.85	96.8	30.51	18.85	83.1
17/06/2018 7:45:07 PM	3612073507	1013.00	31.16	18.85	78.4	29.44	18.85	91.4	28.73	18.85	97.6	30.51	18.85	83.1
17/06/2018 7:45:08 PM	3612073508	1013.00	31.25	18.85	77.8	29.36	18.85	92.1	28.77	18.85	97.2	30.47	18.85	83.4
17/06/2018 7:45:09 PM	3612073509	1013.00	31.21	18.86	78.1	29.38	18.86	91.9	28.77	18.86	97.2	30.47	18.86	83.4
17/06/2018 7:45:10 PM	3612073510	1013.00	31.20	18.86	78.2	29.38	18.86	91.9	28.76	18.86	97.3	30.47	18.86	83.4
17/06/2018 7:45:11 PM	3612073511	1013.00	31.28	18.86	77.6	29.38	18.86	91.9	28.84	18.86	96.6	30.50	18.86	83.1
17/06/2018 7:45:12 PM	3612073512	1013.00	31.21	18.86	78.1	29.35	18.86	92.2	28.80	18.86	96.9	30.49	18.86	83.2
17/06/2018 7:45:13 PM	3612073513	1013.00	31.22	18.86	78.0	29.44	18.86	91.4	28.65	18.86	98.3	30.49	18.86	83.2
17/06/2018 7:45:14 PM	3612073514	1013.00	31.23	18.86	77.9	29.45	18.86	91.3	28.82	18.86	96.7	30.53	18.86	82.9
17/06/2018 7:45:15 PM	3612073515	1013.00	31.21	18.85	78.1	29.42	18.85	91.6	28.77	18.85	97.2	30.52	18.85	83.0
17/06/2018 7:45:16 PM	3612073516	1013.00	31.26	18.85	77.8	29.47	18.85	91.2	28.74	18.85	97.5	30.48	18.85	83.3
17/06/2018 7:45:17 PM	3612073517	1013.00	31.29	18.85	77.6	29.38	18.85	91.9	28.78	18.85	97.1	30.48	18.85	83.3
17/06/2018 7:45:18 PM	3612073518	1013.00	31.24	18.86	77.9	29.41	18.86	91.7	28.86	18.86	96.4	30.53	18.86	82.9
17/06/2018 7:45:19 PM	3612073519	1013.00	31.22	18.86	78.0	29.39	18.86	91.8	28.79	18.86	97.0	30.52	18.86	83.0
17/06/2018 7:45:20 PM	3612073520	1013.00	31.22	18.86	78.0	29.47	18.86	91.2	28.74	18.86	97.4	30.54	18.86	82.8
17/06/2018 7:45:21 PM	3612073521	1013.00	31.27	18.85	77.7	29.39	18.85	91.9	28.77	18.85	97.2	30.55	18.85	82.8
17/06/2018 7:45:22 PM	3612073522	1013.00	31.26	18.85	77.8	29.40	18.85	91.8	28.86	18.85	96.4	30.54	18.85	82.9
17/06/2018 7:45:23 PM	3612073523	1013.00	31.27	18.85	77.7	29.41	18.85	91.7	28.84	18.85	96.6	30.54	18.85	82.9
17/06/2018 7:45:24 PM	3612073524	1013.00	31.28	18.85	77.6	29.42	18.85	91.6	28.86	18.85	96.4	30.53	18.85	82.9
17/06/2018 7:45:25 PM	3612073525	1013.00	31.26	18.85	77.8	29.40	18.85	91.8	28.80	18.85	96.9	30.56	18.85	82.7
17/06/2018 7:45:26 PM	3612073526	1013.00	31.30	18.86	77.5	29.45	18.86	91.3	28.83	18.86	96.6	30.61	18.86	82.3
17/06/2018 7:45:27 PM	3612073527	1013.00	31.29	18.85	77.6	29.42	18.85	91.6	28.86	18.85	96.4	30.59	18.85	82.5
17/06/2018 7:45:28 PM	3612073528	1013.00	31.27	18.85	77.7	29.45	18.85	91.4	28.83	18.85	96.7	30.58	18.85	82.6
17/06/2018 7:45:29 PM	3612073529	1013.00	31.30	18.85	77.5	29.45	18.85	91.4	28.85	18.85	96.5	30.59	18.85	82.5
17/06/2018 7:45:30 PM	3612073530	1013.00	31.27	18.85	77.7	29.36	18.85	92.1	28.76	18.85	97.3	30.65	18.85	82.1
17/06/2018 7:45:31 PM	3612073531	1013.00	31.30	18.85	77.5	29.46	18.85	91.3	28.85	18.85	96.5	30.65	18.85	82.1
17/06/2018 7:45:32 PM	3612073532	1013.00	31.31	18.84	77.4	29.38	18.84	92.0	28.85	18.84	96.5	30.67	18.84	81.9
17/06/2018 7:45:33 PM	3612073533	1013.00	31.23	18.84	78.0	29.35	18.84	92.2	28.85	18.84	96.5	30.69	18.84	81.8
17/06/2018 7:45:34 PM	3612073534	1013.00	31.33	18.85	77.3	29.37	18.85	92.0	28.86	18.85	96.4	30.66	18.85	82.0
17/06/2018 7:45:35 PM	3612073535	1013.00	31.25	18.85	77.8	29.43	18.85	91.5	28.80	18.85	96.9	30.68	18.85	81.8
17/06/2018 7:45:36 PM	3612073536	1013.00	31.27	18.85	77.7	29.47	18.85	91.2	28.88	18.85	96.2	30.70	18.85	81.7
17/06/2018 7:45:37 PM	3612073537	1013.00	31.27	18.86	77.7	29.42	18.86	91.6	28.89	18.86	96.1	30.72	18.86	81.5
17/06/2018 7:45:38 PM	3612073538	1013.00	31.28	18.86	77.6	29.50	18.86	90.9	28.79	18.86	97.0	30.75	18.86	81.3
17/06/2018 7:45:39 PM	3612073539	1013.00	31.31	18.86	77.4	29.42	18.86	91.6	28.89	18.86	96.1	30.79	18.86	81.0
17/06/2018 7:45:40 PM	3612073540	1013.00	31.32	18.86	77.3	29.46	18.86	91.3	28.92	18.86	95.9	30.73	18.86	81.5
17/06/2018 7:45:41 PM	3612073541	1013.00	31.31	18.86	77.4	29.38	18.86	91.9	28.85	18.86	96.5	30.81	18.86	80.9
17/06/2018 7:45:42 PM	3612073542	1013.00	31.28	18.86	77.6	29.47	18.86	91.2	28.86	18.86	96.4	30.84	18.86	80.7
17/06/2018 7:45:43 PM	3612073543	1013.00	31.32	18.86	77.3	29.41	18.86	91.7	28.78	18.86	97.1	30.87	18.86	80.5
17/06/2018 7:45:44 PM	3612073544	1013.00	31.34	18.85	77.2	29.39	18.85	91.9	28.90	18.85	96.0	30.88	18.85	80.4
17/06/2018 7:45:45 PM	3612073545	1013.00	31.29	18.86	77.5	29.39	18.86	91.8	28.85	18.86	96.5	30.90	18.86	80.2
17/06/2018 7:45:46 PM	3612073546	1013.00	31.26	18.86	77.7	29.37	18.86	92.0	28.83	18.86	96.6	30.95	18.86	79.9
17/06/2018 7:45:47 PM	3612073547	1013.00	31.30	18.86	77.5	29.42	18.86	91.6	28.77	18.86	97.2	30.89	18.86	80.3
17/06/2018 7:45:48 PM	3612073548	1013.00	31.30	18.86	77.5	29.38	18.86	91.9	28.80	18.86	96.9	30.88	18.86	80.4
17/06/2018 7:45:49 PM	3612073549	1013.00	31.31	18.85	77.4	29.38	18.85	91.9	28.87	18.85	96.3	30.89	18.85	80.3
17/06/2018 7:45:50 PM	3612073550	1013.00	31.27	18.85	77.7	29.39	18.85	91.9	28.87	18.85	96.3	30.94	18.85	80.0
17/06/2018 7:45:51 PM	3612073551	1013.00	31.31	18.86	77.4	29.42	18.86	91.6	28.87	18.86	96.3	30.93	18.86	80.0
17/06/2018 7:45:52 PM	3612073552	1013.00	31.30	18.86	77.5	29.45	18.86	91.3	28.88	18.86	96.2	30.98	18.86	79.7
17/06/2018 7:45:53 PM	3612073553	1013.00	31.28	18.85	77.6	29.46	18.85	91.3	28.78	18.85	97.1	30.95	18.85	79.9
17/06/2018 7:45:54 PM	3612073554	1013.00	31.30	18.86	77.5	29.46	18.86	91.3	28.86	18.86	96.4	30.97	18.86	79.8
17/06/2018 7:45:55 PM	3612073555	1013.00	31.32	18.86	77.3	29.46	18.86	91.3	28.88	18.86	96.2	31.02	18.86	79.4
17/06/2018 7:45:56 PM	3612073556	1013.00	31.33	18.85	77.3	29.37	18.85	92.0	28.97	18.85	95.4	30.99	18.85	79.6
17/06/2018 7:45:57 PM	3612073557	1013.00	31.29	18.85	77.6	29.44	18.85	91.4	28.92	18.85	95.9	30.98	18.85	79.7
17/06/2018 7:45:58 PM	3612073558	1013.00	31.30	18.85	77.5	29.47	18.85	91.2	28.84	18.85	96.6	31.04	18.85	79.3
17/06/2018 7:45:59 PM	3612073559	1013.00	31.31	18.85	77.4	29.44	18.85	91.4	28.77	18.85	97.2	31.04	18.85	79.3
17/06/2018 7:46:00 PM	3612073560	1013.00	31.28	18.85	77.6	29.41	18.85	91.7	28.83	18.85	96.7	31.06	18.85	79.1
17/06/2018 7:46:01 PM	3612073561	1013.00	31.33	18.85	77.3	29.36	18.85	92.1	28.92	18.85	95.9	31.07	18.85	79.1
17/06/2018 7:46:02 PM	3612073562	1013.00	31.36	18.86	77.1	29.49	18.86	91.0	28.76	18.86	97.3	31.08	18.86	79.0
17/06/2018 7:46:03 PM	3612073563	1013.00	31.30	18.86	77.5	29.46	18.86	91.3	28.92	18.86	95.9	31.06	18.86	79.1
17/06/2018 7:46:04 PM	3612073564	1013.00	31.29	18.86	77.5	29.47	18.86	91.2	28.79	18.86	97.0	31.08	18.86	79.0
17/06/2018 7:46:05 PM	3612073565	1013.00	31.31	18.86	77.4	29.46	18.86	91.3	28.88	18.86	96.2	31.07	18.86	79.1
17/06/2018 7:46:06 PM	3612073566	1013.00	31.28	18.85	77.6	29.42	18.85	91.6	28.77	18.85	97.2	31.08	18.85	79.0
17/06/2018 7:46:07 PM	3612073567	1013.00	31.32	18.86	77.3	29.49	18.86	91.0	28.82	18.86	96.7	31.08	18.86	79.0
17/06/2018 7:46:08 PM	3612073568	1013.00	31.29	18.85	77.6	29.43	18.85	91.5	28.81	18.85	96.8	31.10	18.85	78.9
17/06/2018 7:46:09 PM	3612073569	1013.00	31.29	18.86	77.5	29.45	18.86	91.3	28.82	18.86	96.7	31.07	18.86	79.1
17/06/2018 7:46:10 PM	3612073570	1013.00	31.32	18.85	77.4	29.50	18.85	91.0	28.80	18.85	96.9	31.06	18.85	79.1
17/06/2018 7:46:11 PM	3612073571	1013.00	31.34	18.85	77.2	29.41	18.85	91.7	28.77	18.85	97.2	31.12	18.85	78.7
17/06/2018 7:46:12 PM	3612073572	1013.00	31.35	18.85	77.1	29.42	18.85	91.6	28.80	18.85	96.9	31.15	18.85	78.5
17/06/2018 7:46:13 PM	3612073573	1013.00	31.37	18.85	77.0	29.38	18.85	91.9	28.85	18.85	96.5	31.13	18.85	78.7
17/06/2018 7:46:14 PM	3612073574	1013.00	31.26	18.86	77.7	29.35	18.86	92.2	28.78	18.86	97.1	31.12	18.86	78.7
17/06/2018 7:46:15 PM	3612073575	1013.00	31.29	18.86	77.5	29.45	18.86	91.3	28.88	18.86	96.2	31.14	18.86	78.6
17/06/2018 7:46:16 PM	3612073576	1013.00	31.38	18.86	76.9	29.52	18.86	90.8	28.87	18.86	96.3	31.13	18.86	78.6
17/06/2018 7:46:17 PM	3612073577	1013.00	31.32	18.86	77.3	29.44	18.86	91.4	28.78	18.86	97.1	31.11	18.86	78.8
17/06/2018 7:46:18 PM	3612073578	1013.00	31.31	18.86	77.4	29.44	18.86	91.4	28.86	18.86	96.4	31.15	18.86	78.5
17/06/2018 7:46:19 PM	3612073579	1013.00	31.30	18.86	77.5	29.49	18.86	91.0	28.89	18.86	96.1	31.16	18.86	78.4
17/06/2018 7:46:20 PM	3612073580	1013.00	31.31	18.86	77.4	29.45	18.86	91.3	29.00	18.86	95.2	31.16	18.86	78.4
17/06/2018 7:46:21 PM	3612073581	1013.00	31.37	18.86	77.0	29.46	18.86	91.3	28.87	18.86	96.3	31.12	18.86	78.7
17/06/2018 7:46:22 PM	3612073582	1013.00	31.29	18.85	77.6	29.48	18.85	91.1	28.93	18.85	95.8	31.18	18.85	78.3
17/06/2018 7:46:23 PM	3612073583	1013.00	31.33	18.86	77.3	29.44	18.86	91.4	28.97	18.86	95.4	31.14	18.86	78.6
17/06/2018 7:46:24 PM	3612073584	1013.00	31.33	18.85	77.3	29.46	18.85	91.3	28.81	18.85	96.8	31.18	18.85	78.3
17/06/2018 7:46:25 PM	3612073585	1013.00	31.33	18.85	77.3	29.47	18.85	91.2	28.78	18.85	97.1	31.21	18.85	78.1
17/06/2018 7:46:26 PM	3612073586	1013.00	31.35	18.86	77.1	29.45	18.86	91.3	28.89	18.86	96.1	31.13	18.86	78.6
17/06/2018 7:46:27 PM	3612073587	1013.00	31.33	18.86	77.3	29.43	18.86	91.5	28.87	18.86	96.3	31.16	18.86	78.4
17/06/2018 7:46:28 PM	3612073588	1013.00	31.35	18.86	77.1	29.44	18.86	91.4	28.85	18.86	96.5	31.21	18.86	78.1
17/06/2018 7:46:29 PM	3612073589	1013.00	31.37	18.85	77.0	29.42	18.85	91.6	28.86	18.85	96.4	31.15	18.85	78.5
17/06/2018 7:46:30 PM	3612073590	1013.00	31.34	18.85	77.2	29.49	18.85	91.0	28.84	18.85	96.6	31.18	18.85	78.3
17/06/2018 7:46:31 PM	3612073591	1013.00	31.37	18.85	77.0	29.41	18.85	91.7	28.87	18.85	96.3	31.23	18.85	78.0
17/06/2018 7:46:32 PM	3612073592	1013.00	31.29	18.85	77.6	29.44	18.85	91.4	28.83	18.85	96.7	31.23	18.85	78.0
17/06/2018 7:46:33 PM	3612073593	1013.00	31.36	18.85	77.1	29.42	18.85	91.6	28.85	18.85	96.5	31.20	18.85	78.2
17/06/2018 7:46:34 PM	3612073594	1013.00	31.34	18.85	77.2	29.45	18.85	91.4	28.96	18.85	95.5	31.21	18.85	78.1
17/06/2018 7:46:35 PM	3612073595	1013.00	31.36	18.85	77.1	29.46	18.85	91.3	28.89	18.85	96.1	31.23	18.85	78.0
17/06/2018 7:46:36 PM	3612073596	1013.00	31.41	18.86	76.7	29.45	18.86	91.3	28.90	18.86	96.0	31.23	18.86	77.9
17/06/2018 7:46:37 PM	3612073597	1013.00	31.31	18.85	77.4	29.44	18.85	91.4	28.90	18.85	96.0	31.22	18.85	78.0
17/06/2018 7:46:38 PM	3612073598	1013.00	31.36	18.85	77.1	29.45	18.85	91.4	28.87	18.85	96.3	31.27	18.85	77.7
17/06/2018 7:46:39 PM	3612073599	1013.00	31.34	18.85	77.2	29.46	18.85	91.3	28.80	18.85	96.9	31.20	18.85	78.2
17/06/2018 7:46:40 PM	3612073600	1013.00	31.35	18.85	77.1	29.54	18.85	90.6	28.91	18.85	96.0	31.22	18.85	78.0
17/06/2018 7:46:41 PM	3612073601	1013.00	31.38	18.85	76.9	29.46	18.85	91.3	28.99	18.85	95.3	31.24	18.85	77.9
17/06/2018 7:46:42 PM	3612073602	1013.00	31.35	18.85	77.1	29.48	18.85	91.1	28.97	18.85	95.4	31.21	18.85	78.1
17/06/2018 7:46:43 PM	3612073603	1013.00	31.32	18.85	77.4	29.46	18.85	91.3	28.89	18.85	96.1	31.28	18.85	77.6
17/06/2018 7:46:44 PM	3612073604	1013.00	31.36	18.86	77.1	29.45	18.86	91.3	28.87	18.86	96.3	31.25	18.86	77.8
17/06/2018 7:46:45 PM	3612073605	1013.00	31.34	18.86	77.2	29.45	18.86	91.3	28.94	18.86	95.7	31.24	18.86	77.9
17/06/2018 7:46:46 PM	3612073606	1013.00	31.35	18.86	77.1	29.53	18.86	90.7	28.93	18.86	95.8	31.28	18.86	77.6
17/06/2018 7:46:47 PM	3612073607	1013.00	31.38	18.86	76.9	29.49	18.86	91.0	28.92	18.86	95.9	31.23	18.86	77.9
17/06/2018 7:46:48 PM	3612073608	1013.00	31.33	18.86	77.3	29.48	18.86	91.1	28.96	18.86	95.5	31.23	18.86	77.9
17/06/2018 7:46:49 PM	3612073609	1013.00	31.36	18.86	77.1	29.45	18.86	91.3	28.89	18.86	96.1	31.23	18.86	77.9
17/06/2018 7:46:50 PM	3612073610	1013.00	31.37	18.86	77.0	29.48	18.86	91.1	28.81	18.86	96.8	31.24	18.86	77.9
17/06/2018 7:46:51 PM	3612073611	1013.00	31.32	18.86	77.3	29.39	18.86	91.8	28.86	18.86	96.4	31.26	18.86	77.7
17/06/2018 7:46:52 PM	3612073612	1013.00	31.41	18.85	76.7	29.45	18.85	91.4	28.89	18.85	96.1	31.22	18.85	78.0
17/06/2018 7:46:53 PM	3612073613	1013.00	31.35	18.85	77.1	29.51	18.85	90.9	28.88	18.85	96.2	31.26	18.85	77.8
17/06/2018 7:46:54 PM	3612073614	1013.00	31.37	18.85	77.0	29.49	18.85	91.0	28.89	18.85	96.1	31.28	18.85	77.6
17/06/2018 7:46:55 PM	3612073615	1013.00	31.37	18.85	77.0	29.47	18.85	91.2	28.90	18.85	96.0	31.25	18.85	77.8
17/06/2018 7:46:56 PM	3612073616	1013.00	31.37	18.85	77.0	29.49	18.85	91.0	28.93	18.85	95.8	31.26	18.85	77.8
17/06/2018 7:46:57 PM	3612073617	1013.00	31.34	18.85	77.2	29.40	18.85	91.8	28.92	18.85	95.9	31.26	18.85	77.8
17/06/2018 7:46:58 PM	3612073618	1013.00	31.39	18.85	76.9	29.48	18.85	91.1	28.85	18.85	96.5	31.26	18.85	77.8
17/06/2018 7:46:59 PM	3612073619	1013.00	31.35	18.85	77.1	29.53	18.85	90.7	28.87	18.85	96.3	31.30	18.85	77.5
17/06/2018 7:47:00 PM	3612073620	1013.00	31.38	18.85	76.9	29.52	18.85	90.8	28.92	18.85	95.9	31.26	18.85	77.8
17/06/2018 7:47:01 PM	3612073621	1013.00	31.37	18.85	77.0	29.45	18.85	91.4	28.83	18.85	96.7	31.28	18.85	77.6
17/06/2018 7:47:02 PM	3612073622	1013.00	31.38	18.85	76.9	29.43	18.85	91.5	28.89	18.85	96.1	31.22	18.85	78.0
17/06/2018 7:47:03 PM	3612073623	1013.00	31.37	18.85	77.0	29.44	18.85	91.4	28.90	18.85	96.0	31.26	18.85	77.8
17/06/2018 7:47:04 PM	3612073624	1013.00	31.41	18.86	76.7	29.50	18.86	90.9	28.87	18.86	96.3	31.30	18.86	77.5
17/06/2018 7:47:05 PM	3612073625	1013.00	31.33	18.86	77.3	29.50	18.86	90.9	28.80	18.86	96.9	31.25	18.86	77.8
17/06/2018 7:47:06 PM	3612073626	1013.00	31.38	18.86	76.9	29.49	18.86	91.0	28.92	18.86	95.9	31.29	18.86	77.5
17/06/2018 7:47:07 PM	3612073627	1013.00	31.38	18.86	76.9	29.49	18.86	91.0	28.97	18.86	95.4	31.23	18.86	77.9
17/06/2018 7:47:08 PM	3612073628	1013.00	31.38	18.86	76.9	29.49	18.86	91.0	28.92	18.86	95.9	31.29	18.86	77.5
17/06/2018 7:47:09 PM	3612073629	1013.00	31.38	18.85	76.9	29.57	18.85	90.4	28.97	18.85	95.4	31.27	18.85	77.7
17/06/2018 7:47:10 PM	3612073630	1013.00	31.32	18.85	77.4	29.47	18.85	91.2	28.83	18.85	96.7	31.28	18.85	77.6
17/06/2018 7:47:11 PM	3612073631	1013.00	31.36	18.85	77.1	29.45	18.85	91.4	28.86	18.85	96.4	31.28	18.85	77.6
17/06/2018 7:47:12 PM	3612073632	1013.00	31.35	18.86	77.1	29.46	18.86	91.3	28.81	18.86	96.8	31.30	18.86	77.5
17/06/2018 7:47:13 PM	3612073633	1013.00	31.33	18.86	77.3	29.45	18.86	91.3	28.87	18.86	96.3	31.30	18.86	77.5
17/06/2018 7:47:14 PM	3612073634	1013.00	31.33	18.86	77.3	29.47	18.86	91.2	28.80	18.86	96.9	31.29	18.86	77.5
17/06/2018 7:47:15 PM	3612073635	1013.00	31.31	18.86	77.4	29.52	18.86	90.8	28.94	18.86	95.7	31.30	18.86	77.5
17/06/2018 7:47:16 PM	3612073636	1013.00	31.32	18.86	77.3	29.53	18.86	90.7	28.93	18.86	95.8	31.29	18.86	77.5
17/06/2018 7:47:17 PM	3612073637	1013.00	31.31	18.85	77.4	29.47	18.85	91.2	28.93	18.85	95.8	31.29	18.85	77.6
17/06/2018 7:47:18 PM	3612073638	1013.00	31.33	18.85	77.3	29.50	18.85	91.0	28.89	18.85	96.1	31.28	18.85	77.6
17/06/2018 7:47:19 PM	3612073639	1013.00	31.34	18.85	77.2	29.51	18.85	90.9	28.95	18.85	95.6	31.30	18.85	77.5
17/06/2018 7:47:20 PM	3612073640	1013.00	31.36	18.85	77.1	29.57	18.85	90.4	28.96	18.85	95.5	31.32	18.85	77.4
17/06/2018 7:47:21 PM	3612073641	1013.00	31.35	18.85	77.1	29.54	18.85	90.6	28.88	18.85	96.2	31.27	18.85	77.7
17/06/2018 7:47:22 PM	3612073642	1013.00	31.34	18.85	77.2	29.46	18.85	91.3	28.97	18.85	95.4	31.33	18.85	77.3
17/06/2018 7:47:23 PM	3612073643	1013.00	31.36	18.86	77.1	29.45	18.86	91.3	28.92	18.86	95.9	31.28	18.86	77.6
17/06/2018 7:47:24 PM	3612073644	1013.00	31.29	18.86	77.5	29.52	18.86	90.8	28.93	18.86	95.8	31.30	18.86	77.5
17/06/2018 7:47:25 PM	3612073645	1013.00	31.38	18.85	76.9	29.55	18.85	90.5	28.90	18.85	96.0	31.32	18.85	77.4
17/06/2018 7:47:26 PM	3612073646	1013.00	31.35	18.85	77.1	29.49	18.85	91.0	28.91	18.85	96.0	31.29	18.85	77.6
17/06/2018 7:47:27 PM	3612073647	1013.00	31.34	18.86	77.2	29.53	18.86	90.7	28.87	18.86	96.3	31.32	18.86	77.3
17/06/2018 7:47:28 PM	3612073648	1013.00	31.29	18.86	77.5	29.49	18.86	91.0	28.93	18.86	95.8	31.28	18.86	77.6
17/06/2018 7:47:29 PM	3612073649	1013.00	31.40	18.85	76.8	29.53	18.85	90.7	28.89	18.85	96.1	31.32	18.85	77.4
17/06/2018 7:47:30 PM	3612073650	1013.00	31.36	18.86	77.1	29.50	18.86	90.9	28.87	18.86	96.3	31.31	18.86	77.4
17/06/2018 7:47:31 PM	3612073651	1013.00	31.31	18.86	77.4	29.54	18.86	90.6	28.88	18.86	96.2	31.32	18.86	77.3
17/06/2018 7:47:32 PM	3612073652	1013.00	31.39	18.86	76.9	29.52	18.86	90.8	28.86	18.86	96.4	31.34	18.86	77.2
17/06/2018 7:47:33 PM	3612073653	1013.00	31.37	18.86	77.0	29.48	18.86	91.1	28.86	18.86	96.4	31.32	18.86	77.3
17/06/2018 7:47:34 PM	3612073654	1013.00	31.35	18.86	77.1	29.51	18.86	90.9	28.90	18.86	96.0	31.31	18.86	77.4
17/06/2018 7:47:35 PM	3612073655	1013.00	31.33	18.86	77.3	29.57	18.86	90.4	28.85	18.86	96.5	31.33	18.86	77.3
17/06/2018 7:47:36 PM	3612073656	1013.00	31.35	18.85	77.1	29.56	18.85	90.5	28.87	18.85	96.3	31.29	18.85	77.6
17/06/2018 7:47:37 PM	3612073657	1013.00	31.35	18.86	77.1	29.53	18.86	90.7	28.90	18.86	96.0	31.35	18.86	77.1
17/06/2018 7:47:38 PM	3612073658	1013.00	31.37	18.85	77.0	29.52	18.85	90.8	28.96	18.85	95.5	31.32	18.85	77.4
17/06/2018 7:47:39 PM	3612073659	1013.00	31.35	18.85	77.1	29.50	18.85	91.0	28.88	18.85	96.2	31.34	18.85	77.2
17/06/2018 7:47:40 PM	3612073660	1013.00	31.38	18.85	76.9	29.50	18.85	91.0	28.87	18.85	96.3	31.35	18.85	77.1
17/06/2018 7:47:41 PM	3612073661	1013.00	31.38	18.86	76.9	29.47	18.86	91.2	28.89	18.86	96.1	31.31	18.86	77.4
17/06/2018 7:47:42 PM	3612073662	1013.00	31.35	18.85	77.1	29.49	18.85	91.0	28.95	18.85	95.6	31.28	18.85	77.6
17/06/2018 7:47:43 PM	3612073663	1013.00	31.39	18.85	76.9	29.54	18.85	90.6	28.86	18.85	96.4	31.33	18.85	77.3
17/06/2018 7:47:44 PM	3612073664	1013.00	31.38	18.86	76.9	29.51	18.86	90.9	28.93	18.86	95.8	31.32	18.86	77.3
17/06/2018 7:47:45 PM	3612073665	1013.00	31.40	18.86	76.8	29.53	18.86	90.7	28.96	18.86	95.5	31.27	18.86	77.7
17/06/2018 7:47:46 PM	3612073666	1013.00	31.36	18.85	77.1	29.52	18.85	90.8	28.93	18.85	95.8	31.29	18.85	77.6
17/06/2018 7:47:47 PM	3612073667	1013.00	31.39	18.85	76.9	29.56	18.85	90.5	28.92	18.85	95.9	31.33	18.85	77.3
17/06/2018 7:47:48 PM	3612073668	1013.00	31.36	18.85	77.1	29.42	18.85	91.6	28.88	18.85	96.2	31.30	18.85	77.5
17/06/2018 7:47:49 PM	3612073669	1013.00	31.38	18.85	76.9	29.57	18.85	90.4	28.99	18.85	95.3	31.31	18.85	77.4
17/06/2018 7:47:50 PM	3612073670	1013.00	31.38	18.86	76.9	29.55	18.86	90.5	28.96	18.86	95.5	31.28	18.86	77.6
17/06/2018 7:47:51 PM	3612073671	1013.00	31.37	18.86	77.0	29.54	18.86	90.6	28.88	18.86	96.2	31.30	18.86	77.5
17/06/2018 7:47:52 PM	3612073672	1013.00	31.39	18.86	76.9	29.53	18.86	90.7	28.93	18.86	95.8	31.25	18.86	77.8
17/06/2018 7:47:53 PM	3612073673	1013.00	31.41	18.86	76.7	29.57	18.86	90.4	28.98	18.86	95.3	31.24	18.86	77.9
17/06/2018 7:47:54 PM	3612073674	1013.00	31.39	18.85	76.9	29.54	18.85	90.6	28.93	18.85	95.8	31.25	18.85	77.8
17/06/2018 7:47:55 PM	3612073675	1013.00	31.40	18.85	76.8	29.58	18.85	90.3	28.96	18.85	95.5	31.30	18.85	77.5
17/06/2018 7:47:56 PM	3612073676	1013.00	31.39	18.86	76.9	29.57	18.86	90.4	28.93	18.86	95.8	31.32	18.86	77.3
17/06/2018 7:47:57 PM	3612073677	1013.00	31.38	18.86	76.9	29.53	18.86	90.7	28.86	18.86	96.4	31.23	18.86	77.9
17/06/2018 7:47:58 PM	3612073678	1013.00	31.39	18.86	76.9	29.54	18.86	90.6	28.92	18.86	95.9	31.20	18.86	78.2
17/06/2018 7:47:59 PM	3612073679	1013.00	31.40	18.86	76.8	29.52	18.86	90.8	28.86	18.86	96.4	31.30	18.86	77.5
17/06/2018 7:48:00 PM	3612073680	1013.00	31.41	18.86	76.7	29.55	18.86	90.5	28.98	18.86	95.3	31.23	18.86	77.9
17/06/2018 7:48:01 PM	3612073681	1013.00	31.42	18.86	76.7	29.54	18.86	90.6	28.95	18.86	95.6	31.29	18.86	77.5
17/06/2018 7:48:02 PM	3612073682	1013.00	31.42	18.86	76.7	29.51	18.86	90.9	28.92	18.86	95.9	31.26	18.86	77.7
17/06/2018 7:48:03 PM	3612073683	1013.00	31.42	18.85	76.7	29.57	18.85	90.4	28.90	18.85	96.0	31.25	18.85	77.8
17/06/2018 7:48:04 PM	3612073684	1013.00	31.42	18.85	76.7	29.54	18.85	90.6	28.91	18.85	96.0	31.26	18.85	77.8
17/06/2018 7:48:05 PM	3612073685	1013.00	31.51	18.85	76.1	29.61	18.85	90.1	28.89	18.85	96.1	31.21	18.85	78.1
17/06/2018 7:48:06 PM	3612073686	1013.00	31.55	18.84	75.8	29.61	18.84	90.1	28.94	18.84	95.7	31.26	18.84	77.8
17/06/2018 7:48:07 PM	3612073687	1013.00	31.65	18.85	75.1	29.66	18.85	89.6	28.91	18.85	96.0	31.25	18.85	77.8
17/06/2018 7:48:08 PM	3612073688	1013.00	31.76	18.85	74.4	29.67	18.85	89.6	28.94	18.85	95.7	31.28	18.85	77.6
17/06/2018 7:48:09 PM	3612073689	1013.00	31.79	18.85	74.2	29.65	18.85	89.7	28.94	18.85	95.7	31.26	18.85	77.8
17/06/2018 7:48:10 PM	3612073690	1013.00	31.85	18.85	73.8	29.63	18.85	89.9	28.94	18.85	95.7	31.23	18.85	78.0
17/06/2018 7:48:11 PM	3612073691	1013.00	31.91	18.85	73.5	29.64	18.85	89.8	28.87	18.85	96.3	31.23	18.85	78.0
17/06/2018 7:48:12 PM	3612073692	1013.00	31.94	18.85	73.3	29.67	18.85	89.6	28.92	18.85	95.9	31.27	18.85	77.7
17/06/2018 7:48:13 PM	3612073693	1013.00	31.95	18.85	73.2	29.70	18.85	89.3	28.92	18.85	95.9	31.26	18.85	77.8
17/06/2018 7:48:14 PM	3612073694	1013.00	31.95	18.85	73.2	29.66	18.85	89.6	28.93	18.85	95.8	31.28	18.85	77.6
17/06/2018 7:48:15 PM	3612073695	1013.00	31.98	18.85	73.0	29.71	18.85	89.2	28.83	18.85	96.7	31.27	18.85	77.7
17/06/2018 7:48:16 PM	3612073696	1013.00	32.01	18.86	72.8	29.69	18.86	89.4	28.85	18.86	96.5	31.24	18.86	77.9
17/06/2018 7:48:17 PM	3612073697	1013.00	32.02	18.86	72.7	29.68	18.86	89.5	28.87	18.86	96.3	31.24	18.86	77.9
17/06/2018 7:48:18 PM	3612073698	1013.00	31.98	18.86	73.0	29.70	18.86	89.3	28.99	18.86	95.2	31.23	18.86	77.9
17/06/2018 7:48:19 PM	3612073699	1013.00	31.98	18.86	73.0	29.68	18.86	89.5	28.87	18.86	96.3	31.24	18.86	77.9
17/06/2018 7:48:20 PM	3612073700	1013.00	32.06	18.86	72.5	29.67	18.86	89.6	28.88	18.86	96.2	31.21	18.86	78.1
17/06/2018 7:48:21 PM	3612073701	1013.00	32.02	18.85	72.8	29.77	18.85	88.8	28.89	18.85	96.1	31.27	18.85	77.7
17/06/2018 7:48:22 PM	3612073702	1013.00	32.00	18.86	72.9	29.72	18.86	89.1	28.93	18.86	95.8	31.24	18.86	77.9
17/06/2018 7:48:23 PM	3612073703	1013.00	32.04	18.86	72.6	29.73	18.86	89.1	28.86	18.86	96.4	31.27	18.86	77.7
17/06/2018 7:48:24 PM	3612073704	1013.00	32.04	18.85	72.6	29.72	18.85	89.2	28.86	18.85	96.4	31.26	18.85	77.8
17/06/2018 7:48:25 PM	3612073705	1013.00	32.05	18.86	72.6	29.75	18.86	88.9	28.94	18.86	95.7	31.23	18.86	77.9
17/06/2018 7:48:26 PM	3612073706	1013.00	32.07	18.86	72.4	29.76	18.86	88.8	28.95	18.86	95.6	31.27	18.86	77.7
17/06/2018 7:48:27 PM	3612073707	1013.00	32.07	18.85	72.4	29.79	18.85	88.6	28.92	18.85	95.9	31.26	18.85	77.8
17/06/2018 7:48:28 PM	3612073708	1013.00	32.11	18.85	72.2	29.76	18.85	88.8	28.90	18.85	96.0	31.26	18.85	77.8
17/06/2018 7:48:29 PM	3612073709	1013.00	32.04	18.85	72.6	29.80	18.85	88.5	28.86	18.85	96.4	31.27	18.85	77.7
17/06/2018 7:48:30 PM	3612073710	1013.00	32.09	18.85	72.3	29.78	18.85	88.7	28.86	18.85	96.4	31.28	18.85	77.6
17/06/2018 7:48:31 PM	3612073711	1013.00	32.07	18.85	72.4	29.78	18.85	88.7	28.99	18.85	95.3	31.25	18.85	77.8
17/06/2018 7:48:32 PM	3612073712	1013.00	32.12	18.86	72.1	29.79	18.86	88.6	28.97	18.86	95.4	31.28	18.86	77.6
17/06/2018 7:48:33 PM	3612073713	1013.00	32.09	18.86	72.3	29.78	18.86	88.7	28.89	18.86	96.1	31.26	18.86	77.7
17/06/2018 7:48:34 PM	3612073714	1013.00	32.06	18.86	72.5	29.86	18.86	88.0	28.84	18.86	96.6	31.31	18.86	77.4
17/06/2018 7:48:35 PM	3612073715	1013.00	32.12	18.86	72.1	29.81	18.86	88.4	29.01	18.86	95.1	31.29	18.86	77.5
17/06/2018 7:48:36 PM	3612073716	1013.00	32.08	18.86	72.4	29.75	18.86	88.9	28.87	18.86	96.3	31.31	18.86	77.4
17/06/2018 7:48:37 PM	3612073717	1013.00	32.08	18.85	72.4	29.74	18.85	89.0	28.91	18.85	96.0	31.34	18.85	77.2
17/06/2018 7:48:38 PM	3612073718	1013.00	32.08	18.86	72.4	29.75	18.86	88.9	28.88	18.86	96.2	31.32	18.86	77.3
17/06/2018 7:48:39 PM	3612073719	1013.00	32.10	18.86	72.2	29.85	18.86	88.1	28.94	18.86	95.7	31.31	18.86	77.4
17/06/2018 7:48:40 PM	3612073720	1013.00	32.10	18.86	72.2	29.80	18.86	88.5	28.90	18.86	96.0	31.31	18.86	77.4
17/06/2018 7:48:41 PM	3612073721	1013.00	32.11	18.86	72.2	29.81	18.86	88.4	28.95	18.86	95.6	31.33	18.86	77.3
