Date & time of file creation	18/06/2018 9:23 PM													
Data file path	C:\Users\ameli\Desktop\Luke Strasiotto\18062018\New_19_2.txt													
														
														
CALIBRATION DATA														
Parameter/Channel	N moving average	LO phase [r.U.]	HI phase [r.U.]	LO oxygen [%air saturation]	HI oxygen [%air saturation]	LO temperature [°C]	HI temperature [°C]	Salinity [‰]						
SDWD0003000199      , CH 1	1	59.32	26.63	0.00	100.00	28.00	28.00	0.000						
SDWD0003000199      , CH 2	1	59.32	26.63	0.00	100.00	28.00	28.00	0.000						
SDWD0003000199      , CH 3	1	59.32	26.63	0.00	100.00	28.00	28.00	0.000						
SDWD0003000199      , CH 4	1	59.32	26.63	0.00	100.00	28.00	28.00	0.000						
														
														
Date &Time [DD-MM-YYYY HH:MM:SS]	Time stamp code	Barometric pressure [hPa]	SDWD0003000199      , CH 1 phase [r.U.]	SDWD0003000199      , CH 1 temp [°C]	SDWD0003000199      , CH 1 O2 [% air saturation]	SDWD0003000199      , CH 2 phase [r.U.]	SDWD0003000199      , CH 2 temp [°C]	SDWD0003000199      , CH 2 O2 [% air saturation]	SDWD0003000199      , CH 3 phase [r.U.]	SDWD0003000199      , CH 3 temp [°C]	SDWD0003000199      , CH 3 O2 [% air saturation]	SDWD0003000199      , CH 4 phase [r.U.]	SDWD0003000199      , CH 4 temp [°C]	SDWD0003000199      , CH 4 O2 [% air saturation]
18/06/2018 9:23:28 PM	3612165808	1013.00	NaN	27.86	NaN	27.30	27.86	94.0	26.81	27.86	98.5	27.10	27.86	95.8
18/06/2018 9:23:29 PM	3612165809	1013.00	NaN	27.86	NaN	27.26	27.86	94.4	26.83	27.86	98.3	27.15	27.86	95.4
18/06/2018 9:23:30 PM	3612165810	1013.00	NaN	27.86	NaN	27.27	27.86	94.3	27.02	27.86	96.6	27.06	27.86	96.2
18/06/2018 9:23:31 PM	3612165811	1013.00	NaN	27.86	NaN	27.31	27.86	94.0	26.89	27.86	97.8	27.11	27.86	95.8
18/06/2018 9:23:32 PM	3612165812	1013.00	NaN	27.86	NaN	27.25	27.86	94.5	26.87	27.86	98.0	27.10	27.86	95.8
18/06/2018 9:23:33 PM	3612165813	1013.00	NaN	27.86	NaN	27.21	27.86	94.8	26.83	27.86	98.3	27.17	27.86	95.2
18/06/2018 9:23:34 PM	3612165814	1013.00	NaN	27.86	NaN	27.25	27.86	94.5	26.91	27.86	97.6	27.13	27.86	95.6
18/06/2018 9:23:35 PM	3612165815	1013.00	NaN	27.86	NaN	27.25	27.86	94.5	26.93	27.86	97.4	27.16	27.86	95.3
18/06/2018 9:23:36 PM	3612165816	1013.00	NaN	27.86	NaN	27.29	27.86	94.1	26.91	27.86	97.6	27.13	27.86	95.6
18/06/2018 9:23:37 PM	3612165817	1013.00	NaN	27.86	NaN	27.33	27.86	93.8	26.88	27.86	97.9	27.10	27.86	95.8
18/06/2018 9:23:38 PM	3612165818	1013.00	NaN	27.86	NaN	27.26	27.86	94.4	26.91	27.86	97.6	27.07	27.86	96.1
18/06/2018 9:23:39 PM	3612165819	1013.00	NaN	27.85	NaN	27.30	27.85	94.1	27.04	27.85	96.4	27.11	27.85	95.8
18/06/2018 9:23:40 PM	3612165820	1013.00	NaN	27.86	NaN	27.15	27.86	95.4	26.89	27.86	97.8	27.11	27.86	95.8
18/06/2018 9:23:41 PM	3612165821	1013.00	NaN	27.86	NaN	27.22	27.86	94.8	26.98	27.86	96.9	27.07	27.86	96.1
18/06/2018 9:23:42 PM	3612165822	1013.00	NaN	27.86	NaN	27.30	27.86	94.0	26.85	27.86	98.2	27.09	27.86	95.9
18/06/2018 9:23:43 PM	3612165823	1013.00	NaN	27.86	NaN	27.27	27.86	94.3	26.91	27.86	97.6	27.07	27.86	96.1
18/06/2018 9:23:44 PM	3612165824	1013.00	NaN	27.86	NaN	27.27	27.86	94.3	26.95	27.86	97.2	27.12	27.86	95.7
18/06/2018 9:23:45 PM	3612165825	1013.00	NaN	27.86	NaN	27.27	27.86	94.3	26.87	27.86	98.0	27.04	27.86	96.4
18/06/2018 9:23:46 PM	3612165826	1013.00	NaN	27.86	NaN	27.22	27.86	94.8	26.85	27.86	98.2	27.08	27.86	96.0
18/06/2018 9:23:47 PM	3612165827	1013.00	NaN	27.86	NaN	27.19	27.86	95.0	26.90	27.86	97.7	27.13	27.86	95.6
18/06/2018 9:23:48 PM	3612165828	1013.00	NaN	27.87	NaN	27.20	27.87	94.9	26.89	27.87	97.8	27.09	27.87	95.9
18/06/2018 9:23:49 PM	3612165829	1013.00	NaN	27.87	NaN	27.21	27.87	94.8	26.91	27.87	97.6	27.11	27.87	95.7
18/06/2018 9:23:50 PM	3612165830	1013.00	NaN	27.86	NaN	27.26	27.86	94.4	26.86	27.86	98.1	27.13	27.86	95.6
18/06/2018 9:23:51 PM	3612165831	1013.00	NaN	27.87	NaN	27.23	27.87	94.7	26.91	27.87	97.6	27.13	27.87	95.6
18/06/2018 9:23:52 PM	3612165832	1013.00	NaN	27.86	NaN	27.28	27.86	94.2	26.93	27.86	97.4	27.09	27.86	95.9
18/06/2018 9:23:53 PM	3612165833	1013.00	NaN	27.86	NaN	27.25	27.86	94.5	26.90	27.86	97.7	27.13	27.86	95.6
18/06/2018 9:23:54 PM	3612165834	1013.00	NaN	27.86	NaN	27.26	27.86	94.4	26.90	27.86	97.7	27.14	27.86	95.5
18/06/2018 9:23:55 PM	3612165835	1013.00	NaN	27.86	NaN	27.23	27.86	94.7	26.98	27.86	96.9	27.14	27.86	95.5
18/06/2018 9:23:56 PM	3612165836	1013.00	NaN	27.86	NaN	27.26	27.86	94.4	27.03	27.86	96.5	27.14	27.86	95.5
18/06/2018 9:23:57 PM	3612165837	1013.00	NaN	27.86	NaN	27.35	27.86	93.6	26.91	27.86	97.6	27.17	27.86	95.2
18/06/2018 9:23:58 PM	3612165838	1013.00	NaN	27.86	NaN	27.20	27.86	94.9	26.87	27.86	98.0	27.08	27.86	96.0
18/06/2018 9:23:59 PM	3612165839	1013.00	NaN	27.86	NaN	27.33	27.86	93.8	26.96	27.86	97.1	27.13	27.86	95.6
18/06/2018 9:24:00 PM	3612165840	1013.00	NaN	27.87	NaN	27.25	27.87	94.5	26.88	27.87	97.9	27.12	27.87	95.6
18/06/2018 9:24:01 PM	3612165841	1013.00	NaN	27.86	NaN	27.34	27.86	93.7	26.90	27.86	97.7	27.14	27.86	95.5
18/06/2018 9:24:02 PM	3612165842	1013.00	NaN	27.86	NaN	27.26	27.86	94.4	26.95	27.86	97.2	27.19	27.86	95.0
18/06/2018 9:24:03 PM	3612165843	1013.00	NaN	27.86	NaN	27.28	27.86	94.2	26.90	27.86	97.7	27.09	27.86	95.9
18/06/2018 9:24:04 PM	3612165844	1013.00	NaN	27.86	NaN	27.27	27.86	94.3	26.84	27.86	98.2	27.14	27.86	95.5
18/06/2018 9:24:05 PM	3612165845	1013.00	NaN	27.86	NaN	27.35	27.86	93.6	26.98	27.86	96.9	27.13	27.86	95.6
18/06/2018 9:24:06 PM	3612165846	1013.00	NaN	27.86	NaN	27.27	27.86	94.3	26.92	27.86	97.5	27.09	27.86	95.9
18/06/2018 9:24:07 PM	3612165847	1013.00	NaN	27.87	NaN	27.27	27.87	94.3	27.01	27.87	96.6	27.08	27.87	96.0
18/06/2018 9:24:08 PM	3612165848	1013.00	NaN	27.86	NaN	27.21	27.86	94.8	26.82	27.86	98.4	27.12	27.86	95.7
18/06/2018 9:24:09 PM	3612165849	1013.00	NaN	27.86	NaN	27.28	27.86	94.2	26.84	27.86	98.2	27.14	27.86	95.5
18/06/2018 9:24:10 PM	3612165850	1013.00	NaN	27.86	NaN	27.29	27.86	94.1	26.90	27.86	97.7	27.16	27.86	95.3
18/06/2018 9:24:11 PM	3612165851	1013.00	NaN	27.86	NaN	27.31	27.86	94.0	26.98	27.86	96.9	27.16	27.86	95.3
18/06/2018 9:24:12 PM	3612165852	1013.00	NaN	27.85	NaN	27.31	27.85	94.0	27.01	27.85	96.7	27.14	27.85	95.5
18/06/2018 9:24:13 PM	3612165853	1013.00	NaN	27.86	NaN	27.30	27.86	94.0	26.99	27.86	96.8	27.12	27.86	95.7
18/06/2018 9:24:14 PM	3612165854	1013.00	NaN	27.86	NaN	27.22	27.86	94.8	26.97	27.86	97.0	27.10	27.86	95.8
18/06/2018 9:24:15 PM	3612165855	1013.00	NaN	27.86	NaN	27.28	27.86	94.2	26.93	27.86	97.4	27.13	27.86	95.6
18/06/2018 9:24:17 PM	3612165857	1013.00	NaN	27.87	NaN	27.27	27.87	94.3	26.96	27.87	97.1	27.19	27.87	95.0
18/06/2018 9:24:18 PM	3612165858	1013.00	NaN	27.87	NaN	27.26	27.87	94.4	26.90	27.87	97.7	27.13	27.87	95.6
18/06/2018 9:24:19 PM	3612165859	1013.00	NaN	27.87	NaN	27.28	27.87	94.2	26.98	27.87	96.9	27.13	27.87	95.6
18/06/2018 9:24:20 PM	3612165860	1013.00	NaN	27.87	NaN	27.19	27.87	95.0	26.99	27.87	96.8	27.11	27.87	95.7
18/06/2018 9:24:21 PM	3612165861	1013.00	NaN	27.87	NaN	27.24	27.87	94.6	26.90	27.87	97.7	27.11	27.87	95.7
18/06/2018 9:24:22 PM	3612165862	1013.00	NaN	27.87	NaN	27.21	27.87	94.8	27.06	27.87	96.2	27.11	27.87	95.7
18/06/2018 9:24:23 PM	3612165863	1013.00	NaN	27.86	NaN	27.23	27.86	94.7	26.90	27.86	97.7	27.15	27.86	95.4
18/06/2018 9:24:24 PM	3612165864	1013.00	NaN	27.86	NaN	27.30	27.86	94.0	26.83	27.86	98.3	27.10	27.86	95.8
18/06/2018 9:24:25 PM	3612165865	1013.00	NaN	27.86	NaN	27.27	27.86	94.3	26.99	27.86	96.8	27.17	27.86	95.2
18/06/2018 9:24:26 PM	3612165866	1013.00	NaN	27.86	NaN	27.24	27.86	94.6	26.89	27.86	97.8	27.19	27.86	95.0
18/06/2018 9:24:27 PM	3612165867	1013.00	NaN	27.86	NaN	27.24	27.86	94.6	26.87	27.86	98.0	27.13	27.86	95.6
18/06/2018 9:24:28 PM	3612165868	1013.00	NaN	27.86	NaN	27.39	27.86	93.3	26.88	27.86	97.9	27.08	27.86	96.0
18/06/2018 9:24:29 PM	3612165869	1013.00	NaN	27.86	NaN	27.31	27.86	94.0	26.97	27.86	97.0	27.17	27.86	95.2
18/06/2018 9:24:30 PM	3612165870	1013.00	NaN	27.86	NaN	27.21	27.86	94.8	27.00	27.86	96.8	27.17	27.86	95.2
18/06/2018 9:24:31 PM	3612165871	1013.00	NaN	27.85	NaN	27.29	27.85	94.2	27.02	27.85	96.6	27.16	27.85	95.3
18/06/2018 9:24:32 PM	3612165872	1013.00	NaN	27.85	NaN	27.25	27.85	94.5	27.01	27.85	96.7	27.14	27.85	95.5
18/06/2018 9:24:33 PM	3612165873	1013.00	NaN	27.85	NaN	27.17	27.85	95.2	27.01	27.85	96.7	27.08	27.85	96.0
18/06/2018 9:24:34 PM	3612165874	1013.00	NaN	27.85	NaN	27.26	27.85	94.4	26.99	27.85	96.9	27.17	27.85	95.2
18/06/2018 9:24:35 PM	3612165875	1013.00	NaN	27.85	NaN	27.21	27.85	94.9	26.99	27.85	96.9	27.18	27.85	95.1
18/06/2018 9:24:36 PM	3612165876	1013.00	NaN	27.86	NaN	27.24	27.86	94.6	27.04	27.86	96.4	27.20	27.86	94.9
18/06/2018 9:24:37 PM	3612165877	1013.00	NaN	27.86	NaN	27.26	27.86	94.4	27.02	27.86	96.6	27.11	27.86	95.8
18/06/2018 9:24:38 PM	3612165878	1013.00	NaN	27.86	NaN	27.29	27.86	94.1	27.09	27.86	95.9	27.13	27.86	95.6
18/06/2018 9:24:39 PM	3612165879	1013.00	NaN	27.86	NaN	27.29	27.86	94.1	27.04	27.86	96.4	27.17	27.86	95.2
18/06/2018 9:24:40 PM	3612165880	1013.00	NaN	27.86	NaN	27.27	27.86	94.3	27.00	27.86	96.8	27.08	27.86	96.0
18/06/2018 9:24:41 PM	3612165881	1013.00	NaN	27.86	NaN	27.27	27.86	94.3	26.98	27.86	96.9	27.13	27.86	95.6
18/06/2018 9:24:42 PM	3612165882	1013.00	NaN	27.86	NaN	27.30	27.86	94.0	26.96	27.86	97.1	27.12	27.86	95.7
18/06/2018 9:24:43 PM	3612165883	1013.00	NaN	27.86	NaN	27.26	27.86	94.4	27.02	27.86	96.6	27.17	27.86	95.2
18/06/2018 9:24:44 PM	3612165884	1013.00	NaN	27.86	NaN	27.19	27.86	95.0	26.96	27.86	97.1	27.16	27.86	95.3
18/06/2018 9:24:45 PM	3612165885	1013.00	NaN	27.87	NaN	27.20	27.87	94.9	26.94	27.87	97.3	27.10	27.87	95.8
18/06/2018 9:24:46 PM	3612165886	1013.00	NaN	27.86	NaN	27.27	27.86	94.3	26.90	27.86	97.7	27.18	27.86	95.1
18/06/2018 9:24:47 PM	3612165887	1013.00	NaN	27.86	NaN	27.26	27.86	94.4	27.06	27.86	96.2	27.18	27.86	95.1
18/06/2018 9:24:48 PM	3612165888	1013.00	NaN	27.86	NaN	27.29	27.86	94.1	27.00	27.86	96.8	27.13	27.86	95.6
18/06/2018 9:24:49 PM	3612165889	1013.00	NaN	27.86	NaN	27.23	27.86	94.7	27.02	27.86	96.6	27.15	27.86	95.4
18/06/2018 9:24:50 PM	3612165890	1013.00	NaN	27.85	NaN	27.25	27.85	94.5	26.98	27.85	97.0	27.17	27.85	95.2
18/06/2018 9:24:51 PM	3612165891	1013.00	NaN	27.85	NaN	27.23	27.85	94.7	27.04	27.85	96.4	27.17	27.85	95.2
18/06/2018 9:24:52 PM	3612165892	1013.00	NaN	27.86	NaN	27.31	27.86	94.0	27.09	27.86	95.9	27.17	27.86	95.2
18/06/2018 9:24:53 PM	3612165893	1013.00	NaN	27.85	NaN	27.25	27.85	94.5	27.06	27.85	96.2	27.14	27.85	95.5
18/06/2018 9:24:54 PM	3612165894	1013.00	NaN	27.85	NaN	27.24	27.85	94.6	27.02	27.85	96.6	27.16	27.85	95.3
18/06/2018 9:24:55 PM	3612165895	1013.00	NaN	27.85	NaN	27.21	27.85	94.9	27.10	27.85	95.9	27.12	27.85	95.7
18/06/2018 9:24:56 PM	3612165896	1013.00	NaN	27.86	NaN	27.34	27.86	93.7	27.05	27.86	96.3	27.18	27.86	95.1
18/06/2018 9:24:57 PM	3612165897	1013.00	NaN	27.86	NaN	27.18	27.86	95.1	27.07	27.86	96.1	27.10	27.86	95.8
18/06/2018 9:24:58 PM	3612165898	1013.00	NaN	27.86	NaN	27.26	27.86	94.4	26.92	27.86	97.5	27.15	27.86	95.4
18/06/2018 9:24:59 PM	3612165899	1013.00	NaN	27.86	NaN	27.31	27.86	94.0	26.97	27.86	97.0	27.23	27.86	94.7
18/06/2018 9:25:00 PM	3612165900	1013.00	NaN	27.86	NaN	27.28	27.86	94.2	27.03	27.86	96.5	27.21	27.86	94.8
18/06/2018 9:25:01 PM	3612165901	1013.00	NaN	27.85	NaN	27.23	27.85	94.7	26.95	27.85	97.2	27.19	27.85	95.0
18/06/2018 9:25:02 PM	3612165902	1013.00	NaN	27.85	NaN	27.27	27.85	94.3	27.10	27.85	95.9	27.16	27.85	95.3
18/06/2018 9:25:03 PM	3612165903	1013.00	NaN	27.86	NaN	27.21	27.86	94.8	27.04	27.86	96.4	27.17	27.86	95.2
18/06/2018 9:25:04 PM	3612165904	1013.00	NaN	27.86	NaN	27.28	27.86	94.2	27.00	27.86	96.8	27.16	27.86	95.3
18/06/2018 9:25:05 PM	3612165905	1013.00	NaN	27.85	NaN	27.31	27.85	94.0	27.07	27.85	96.1	27.20	27.85	95.0
18/06/2018 9:25:06 PM	3612165906	1013.00	NaN	27.86	NaN	27.20	27.86	94.9	27.07	27.86	96.1	27.22	27.86	94.8
18/06/2018 9:25:07 PM	3612165907	1013.00	NaN	27.86	NaN	27.27	27.86	94.3	27.04	27.86	96.4	27.21	27.86	94.8
18/06/2018 9:25:08 PM	3612165908	1013.00	NaN	27.86	NaN	27.30	27.86	94.0	27.07	27.86	96.1	27.20	27.86	94.9
18/06/2018 9:25:09 PM	3612165909	1013.00	NaN	27.85	NaN	27.25	27.85	94.5	26.98	27.85	97.0	27.19	27.85	95.0
18/06/2018 9:25:10 PM	3612165910	1013.00	NaN	27.85	NaN	27.32	27.85	93.9	27.10	27.85	95.9	27.17	27.85	95.2
18/06/2018 9:25:11 PM	3612165911	1013.00	NaN	27.85	NaN	27.24	27.85	94.6	26.97	27.85	97.1	27.25	27.85	94.5
18/06/2018 9:25:12 PM	3612165912	1013.00	NaN	27.85	NaN	27.21	27.85	94.9	27.03	27.85	96.5	27.19	27.85	95.0
18/06/2018 9:25:13 PM	3612165913	1013.00	NaN	27.85	NaN	27.30	27.85	94.1	27.05	27.85	96.3	27.18	27.85	95.1
18/06/2018 9:25:14 PM	3612165914	1013.00	NaN	27.85	NaN	27.26	27.85	94.4	27.07	27.85	96.1	27.19	27.85	95.0
18/06/2018 9:25:15 PM	3612165915	1013.00	NaN	27.85	NaN	27.30	27.85	94.1	27.03	27.85	96.5	27.25	27.85	94.5
18/06/2018 9:25:16 PM	3612165916	1013.00	NaN	27.85	NaN	27.32	27.85	93.9	27.09	27.85	96.0	27.19	27.85	95.0
18/06/2018 9:25:17 PM	3612165917	1013.00	NaN	27.86	NaN	27.29	27.86	94.1	27.02	27.86	96.6	27.21	27.86	94.8
18/06/2018 9:25:18 PM	3612165918	1013.00	NaN	27.85	NaN	27.14	27.85	95.5	27.08	27.85	96.0	27.18	27.85	95.1
18/06/2018 9:25:19 PM	3612165919	1013.00	NaN	27.85	NaN	27.34	27.85	93.7	27.06	27.85	96.2	27.21	27.85	94.9
18/06/2018 9:25:20 PM	3612165920	1013.00	NaN	27.85	NaN	27.24	27.85	94.6	27.05	27.85	96.3	27.26	27.85	94.4
18/06/2018 9:25:21 PM	3612165921	1013.00	NaN	27.85	NaN	27.21	27.85	94.9	27.08	27.85	96.0	27.30	27.85	94.1
18/06/2018 9:25:22 PM	3612165922	1013.00	NaN	27.85	NaN	27.29	27.85	94.2	27.02	27.85	96.6	27.27	27.85	94.3
18/06/2018 9:25:23 PM	3612165923	1013.00	NaN	27.85	NaN	27.26	27.85	94.4	27.01	27.85	96.7	27.26	27.85	94.4
18/06/2018 9:25:24 PM	3612165924	1013.00	NaN	27.85	NaN	27.31	27.85	94.0	27.18	27.85	95.1	27.29	27.85	94.2
18/06/2018 9:25:25 PM	3612165925	1013.00	NaN	27.85	NaN	27.22	27.85	94.8	26.95	27.85	97.2	27.30	27.85	94.1
18/06/2018 9:25:26 PM	3612165926	1013.00	NaN	27.85	NaN	27.32	27.85	93.9	27.16	27.85	95.3	27.27	27.85	94.3
18/06/2018 9:25:27 PM	3612165927	1013.00	NaN	27.85	NaN	27.21	27.85	94.9	27.03	27.85	96.5	27.29	27.85	94.2
18/06/2018 9:25:28 PM	3612165928	1013.00	NaN	27.85	NaN	27.26	27.85	94.4	27.05	27.85	96.3	27.27	27.85	94.3
18/06/2018 9:25:29 PM	3612165929	1013.00	NaN	27.85	NaN	27.23	27.85	94.7	27.03	27.85	96.5	27.28	27.85	94.2
18/06/2018 9:25:30 PM	3612165930	1013.00	NaN	27.85	NaN	27.28	27.85	94.2	27.17	27.85	95.2	27.28	27.85	94.2
18/06/2018 9:25:31 PM	3612165931	1013.00	NaN	27.85	NaN	27.32	27.85	93.9	26.99	27.85	96.9	27.26	27.85	94.4
18/06/2018 9:25:32 PM	3612165932	1013.00	NaN	27.85	NaN	27.25	27.85	94.5	27.03	27.85	96.5	27.32	27.85	93.9
18/06/2018 9:25:33 PM	3612165933	1013.00	NaN	27.85	NaN	27.26	27.85	94.4	27.11	27.85	95.8	27.30	27.85	94.1
18/06/2018 9:25:34 PM	3612165934	1013.00	NaN	27.85	NaN	27.31	27.85	94.0	27.12	27.85	95.7	27.30	27.85	94.1
18/06/2018 9:25:35 PM	3612165935	1013.00	NaN	27.85	NaN	27.29	27.85	94.2	27.11	27.85	95.8	27.30	27.85	94.1
18/06/2018 9:25:36 PM	3612165936	1013.00	NaN	27.85	NaN	27.21	27.85	94.9	27.14	27.85	95.5	27.33	27.85	93.8
18/06/2018 9:25:37 PM	3612165937	1013.00	NaN	27.85	NaN	27.33	27.85	93.8	27.05	27.85	96.3	27.34	27.85	93.7
18/06/2018 9:25:38 PM	3612165938	1013.00	NaN	27.85	NaN	27.24	27.85	94.6	27.05	27.85	96.3	27.40	27.85	93.2
18/06/2018 9:25:39 PM	3612165939	1013.00	NaN	27.85	NaN	27.27	27.85	94.3	27.01	27.85	96.7	27.36	27.85	93.5
18/06/2018 9:25:40 PM	3612165940	1013.00	NaN	27.85	NaN	27.28	27.85	94.2	27.03	27.85	96.5	27.33	27.85	93.8
18/06/2018 9:25:41 PM	3612165941	1013.00	NaN	27.85	NaN	27.29	27.85	94.2	27.09	27.85	96.0	27.42	27.85	93.0
18/06/2018 9:25:42 PM	3612165942	1013.00	NaN	27.85	NaN	27.33	27.85	93.8	27.12	27.85	95.7	27.43	27.85	92.9
18/06/2018 9:25:43 PM	3612165943	1013.00	NaN	27.85	NaN	27.30	27.85	94.1	27.09	27.85	96.0	27.43	27.85	92.9
18/06/2018 9:25:44 PM	3612165944	1013.00	NaN	27.85	NaN	27.33	27.85	93.8	27.07	27.85	96.1	27.41	27.85	93.1
18/06/2018 9:25:45 PM	3612165945	1013.00	NaN	27.85	NaN	27.26	27.85	94.4	27.14	27.85	95.5	27.42	27.85	93.0
18/06/2018 9:25:46 PM	3612165946	1013.00	NaN	27.85	NaN	27.26	27.85	94.4	27.06	27.85	96.2	27.44	27.85	92.8
18/06/2018 9:25:47 PM	3612165947	1013.00	NaN	27.85	NaN	27.33	27.85	93.8	27.16	27.85	95.3	27.45	27.85	92.7
18/06/2018 9:25:48 PM	3612165948	1013.00	NaN	27.85	NaN	27.30	27.85	94.1	27.14	27.85	95.5	27.49	27.85	92.4
18/06/2018 9:25:49 PM	3612165949	1013.00	NaN	27.85	NaN	27.33	27.85	93.8	27.15	27.85	95.4	27.47	27.85	92.6
18/06/2018 9:25:50 PM	3612165950	1013.00	NaN	27.84	NaN	27.27	27.84	94.3	27.24	27.84	94.6	27.46	27.84	92.7
18/06/2018 9:25:51 PM	3612165951	1013.00	NaN	27.84	NaN	27.27	27.84	94.3	27.08	27.84	96.1	27.47	27.84	92.6
18/06/2018 9:25:52 PM	3612165952	1013.00	NaN	27.84	NaN	27.26	27.84	94.4	27.05	27.84	96.3	27.53	27.84	92.1
18/06/2018 9:25:53 PM	3612165953	1013.00	NaN	27.84	NaN	27.22	27.84	94.8	27.10	27.84	95.9	27.55	27.84	91.9
18/06/2018 9:25:54 PM	3612165954	1013.00	NaN	27.84	NaN	27.31	27.84	94.0	27.16	27.84	95.3	27.49	27.84	92.4
18/06/2018 9:25:55 PM	3612165955	1013.00	NaN	27.85	NaN	27.28	27.85	94.2	27.19	27.85	95.0	27.51	27.85	92.2
18/06/2018 9:25:56 PM	3612165956	1013.00	NaN	27.85	NaN	27.26	27.85	94.4	27.12	27.85	95.7	27.53	27.85	92.0
18/06/2018 9:25:57 PM	3612165957	1013.00	NaN	27.85	NaN	27.27	27.85	94.3	27.08	27.85	96.0	27.61	27.85	91.4
18/06/2018 9:25:58 PM	3612165958	1013.00	NaN	27.85	NaN	27.29	27.85	94.2	27.05	27.85	96.3	27.59	27.85	91.5
18/06/2018 9:25:59 PM	3612165959	1013.00	NaN	27.85	NaN	27.28	27.85	94.2	27.10	27.85	95.9	27.55	27.85	91.9
18/06/2018 9:26:00 PM	3612165960	1013.00	NaN	27.85	NaN	27.28	27.85	94.2	27.10	27.85	95.9	27.56	27.85	91.8
18/06/2018 9:26:01 PM	3612165961	1013.00	NaN	27.85	NaN	27.33	27.85	93.8	27.11	27.85	95.8	27.60	27.85	91.4
18/06/2018 9:26:02 PM	3612165962	1013.00	NaN	27.85	NaN	27.21	27.85	94.9	27.09	27.85	96.0	27.61	27.85	91.4
18/06/2018 9:26:03 PM	3612165963	1013.00	NaN	27.85	NaN	27.33	27.85	93.8	27.06	27.85	96.2	27.63	27.85	91.2
18/06/2018 9:26:04 PM	3612165964	1013.00	NaN	27.85	NaN	27.22	27.85	94.8	27.08	27.85	96.0	27.63	27.85	91.2
18/06/2018 9:26:05 PM	3612165965	1013.00	NaN	27.85	NaN	27.27	27.85	94.3	27.15	27.85	95.4	27.60	27.85	91.4
18/06/2018 9:26:06 PM	3612165966	1013.00	NaN	27.85	NaN	27.27	27.85	94.3	27.09	27.85	96.0	27.67	27.85	90.8
18/06/2018 9:26:07 PM	3612165967	1013.00	NaN	27.85	NaN	27.32	27.85	93.9	27.13	27.85	95.6	27.64	27.85	91.1
18/06/2018 9:26:08 PM	3612165968	1013.00	NaN	27.85	NaN	27.23	27.85	94.7	27.26	27.85	94.4	27.59	27.85	91.5
18/06/2018 9:26:09 PM	3612165969	1013.00	NaN	27.85	NaN	27.25	27.85	94.5	27.15	27.85	95.4	27.64	27.85	91.1
18/06/2018 9:26:10 PM	3612165970	1013.00	NaN	27.85	NaN	27.24	27.85	94.6	27.10	27.85	95.9	27.67	27.85	90.8
18/06/2018 9:26:11 PM	3612165971	1013.00	NaN	27.86	NaN	27.35	27.86	93.6	27.28	27.86	94.2	27.64	27.86	91.1
18/06/2018 9:26:12 PM	3612165972	1013.00	NaN	27.85	NaN	27.35	27.85	93.6	27.15	27.85	95.4	27.65	27.85	91.0
18/06/2018 9:26:13 PM	3612165973	1013.00	NaN	27.86	NaN	27.26	27.86	94.4	27.14	27.86	95.5	27.64	27.86	91.1
18/06/2018 9:26:14 PM	3612165974	1013.00	NaN	27.85	NaN	27.28	27.85	94.2	27.19	27.85	95.0	27.63	27.85	91.2
18/06/2018 9:26:15 PM	3612165975	1013.00	NaN	27.86	NaN	27.22	27.86	94.8	27.34	27.86	93.7	27.68	27.86	90.7
18/06/2018 9:26:16 PM	3612165976	1013.00	NaN	27.85	NaN	27.35	27.85	93.6	27.36	27.85	93.5	27.69	27.85	90.7
18/06/2018 9:26:17 PM	3612165977	1013.00	NaN	27.85	NaN	27.31	27.85	94.0	27.20	27.85	95.0	27.74	27.85	90.3
18/06/2018 9:26:18 PM	3612165978	1013.00	NaN	27.85	NaN	27.33	27.85	93.8	27.22	27.85	94.8	27.69	27.85	90.7
18/06/2018 9:26:19 PM	3612165979	1013.00	NaN	27.85	NaN	27.27	27.85	94.3	27.35	27.85	93.6	27.70	27.85	90.6
18/06/2018 9:26:20 PM	3612165980	1013.00	NaN	27.85	NaN	27.28	27.85	94.2	27.33	27.85	93.8	27.67	27.85	90.8
18/06/2018 9:26:21 PM	3612165981	1013.00	NaN	27.85	NaN	27.25	27.85	94.5	27.09	27.85	96.0	27.67	27.85	90.8
18/06/2018 9:26:22 PM	3612165982	1013.00	NaN	27.85	NaN	27.29	27.85	94.2	27.29	27.85	94.2	27.76	27.85	90.1
18/06/2018 9:26:23 PM	3612165983	1013.00	NaN	27.85	NaN	27.21	27.85	94.9	27.20	27.85	95.0	27.71	27.85	90.5
18/06/2018 9:26:24 PM	3612165984	1013.00	NaN	27.85	NaN	27.33	27.85	93.8	27.25	27.85	94.5	27.75	27.85	90.2
18/06/2018 9:26:25 PM	3612165985	1013.00	NaN	27.85	NaN	27.30	27.85	94.1	27.24	27.85	94.6	27.68	27.85	90.8
18/06/2018 9:26:26 PM	3612165986	1013.00	NaN	27.85	NaN	27.26	27.85	94.4	27.05	27.85	96.3	27.66	27.85	90.9
18/06/2018 9:26:27 PM	3612165987	1013.00	NaN	27.85	NaN	27.33	27.85	93.8	27.27	27.85	94.3	27.76	27.85	90.1
18/06/2018 9:26:28 PM	3612165988	1013.00	NaN	27.85	NaN	27.23	27.85	94.7	27.24	27.85	94.6	27.71	27.85	90.5
18/06/2018 9:26:29 PM	3612165989	1013.00	NaN	27.85	NaN	27.29	27.85	94.2	27.19	27.85	95.0	27.77	27.85	90.0
18/06/2018 9:26:30 PM	3612165990	1013.00	NaN	27.85	NaN	27.20	27.85	95.0	27.23	27.85	94.7	27.74	27.85	90.3
18/06/2018 9:26:31 PM	3612165991	1013.00	NaN	27.85	NaN	27.23	27.85	94.7	27.27	27.85	94.3	27.75	27.85	90.2
18/06/2018 9:26:32 PM	3612165992	1013.00	NaN	27.85	NaN	27.30	27.85	94.1	27.31	27.85	94.0	27.75	27.85	90.2
18/06/2018 9:26:33 PM	3612165993	1013.00	NaN	27.85	NaN	27.27	27.85	94.3	27.24	27.85	94.6	27.72	27.85	90.4
18/06/2018 9:26:34 PM	3612165994	1013.00	NaN	27.85	NaN	27.35	27.85	93.6	27.32	27.85	93.9	27.76	27.85	90.1
18/06/2018 9:26:35 PM	3612165995	1013.00	NaN	27.85	NaN	27.38	27.85	93.4	27.19	27.85	95.0	27.80	27.85	89.7
18/06/2018 9:26:36 PM	3612165996	1013.00	NaN	27.85	NaN	27.26	27.85	94.4	27.20	27.85	95.0	27.77	27.85	90.0
18/06/2018 9:26:37 PM	3612165997	1013.00	NaN	27.85	NaN	27.16	27.85	95.3	27.26	27.85	94.4	27.76	27.85	90.1
18/06/2018 9:26:38 PM	3612165998	1013.00	NaN	27.85	NaN	27.28	27.85	94.2	27.25	27.85	94.5	27.79	27.85	89.8
18/06/2018 9:26:39 PM	3612165999	1013.00	NaN	27.85	NaN	27.27	27.85	94.3	27.25	27.85	94.5	27.77	27.85	90.0
18/06/2018 9:26:40 PM	3612166000	1013.00	NaN	27.85	NaN	27.23	27.85	94.7	27.21	27.85	94.9	27.76	27.85	90.1
18/06/2018 9:26:41 PM	3612166001	1013.00	NaN	27.85	NaN	27.31	27.85	94.0	27.22	27.85	94.8	27.76	27.85	90.1
18/06/2018 9:26:42 PM	3612166002	1013.00	NaN	27.85	NaN	27.36	27.85	93.5	27.26	27.85	94.4	27.76	27.85	90.1
18/06/2018 9:26:43 PM	3612166003	1013.00	NaN	27.85	NaN	27.31	27.85	94.0	27.30	27.85	94.1	27.81	27.85	89.7
18/06/2018 9:26:44 PM	3612166004	1013.00	NaN	27.86	NaN	27.25	27.86	94.5	27.30	27.86	94.0	27.76	27.86	90.1
18/06/2018 9:26:45 PM	3612166005	1013.00	NaN	27.86	NaN	27.27	27.86	94.3	27.27	27.86	94.3	27.80	27.86	89.7
18/06/2018 9:26:46 PM	3612166006	1013.00	NaN	27.85	NaN	27.25	27.85	94.5	27.23	27.85	94.7	27.81	27.85	89.7
18/06/2018 9:26:47 PM	3612166007	1013.00	NaN	27.85	NaN	27.26	27.85	94.4	27.28	27.85	94.2	27.80	27.85	89.7
18/06/2018 9:26:48 PM	3612166008	1013.00	NaN	27.85	NaN	27.26	27.85	94.4	27.32	27.85	93.9	27.81	27.85	89.7
18/06/2018 9:26:49 PM	3612166009	1013.00	NaN	27.85	NaN	27.26	27.85	94.4	27.34	27.85	93.7	27.82	27.85	89.6
18/06/2018 9:26:50 PM	3612166010	1013.00	NaN	27.85	NaN	27.33	27.85	93.8	27.26	27.85	94.4	27.81	27.85	89.7
18/06/2018 9:26:51 PM	3612166011	1013.00	NaN	27.86	NaN	27.26	27.86	94.4	27.35	27.86	93.6	27.82	27.86	89.6
18/06/2018 9:26:52 PM	3612166012	1013.00	NaN	27.86	NaN	27.23	27.86	94.7	27.32	27.86	93.9	27.85	27.86	89.3
18/06/2018 9:26:53 PM	3612166013	1013.00	NaN	27.86	NaN	27.27	27.86	94.3	27.29	27.86	94.1	27.89	27.86	89.0
18/06/2018 9:26:54 PM	3612166014	1013.00	NaN	27.85	NaN	27.27	27.85	94.3	27.30	27.85	94.1	27.87	27.85	89.2
18/06/2018 9:26:55 PM	3612166015	1013.00	NaN	27.85	NaN	27.29	27.85	94.2	27.26	27.85	94.4	27.85	27.85	89.3
18/06/2018 9:26:56 PM	3612166016	1013.00	NaN	27.85	NaN	27.31	27.85	94.0	27.22	27.85	94.8	27.87	27.85	89.2
18/06/2018 9:26:57 PM	3612166017	1013.00	NaN	27.85	NaN	27.32	27.85	93.9	27.38	27.85	93.4	27.95	27.85	88.5
18/06/2018 9:26:58 PM	3612166018	1013.00	NaN	27.85	NaN	27.28	27.85	94.2	27.29	27.85	94.2	27.90	27.85	88.9
18/06/2018 9:26:59 PM	3612166019	1013.00	NaN	27.86	NaN	27.23	27.86	94.7	27.26	27.86	94.4	27.93	27.86	88.6
18/06/2018 9:27:00 PM	3612166020	1013.00	NaN	27.85	NaN	27.21	27.85	94.9	27.32	27.85	93.9	27.96	27.85	88.4
18/06/2018 9:27:01 PM	3612166021	1013.00	NaN	27.85	NaN	27.32	27.85	93.9	27.34	27.85	93.7	27.99	27.85	88.2
18/06/2018 9:27:02 PM	3612166022	1013.00	NaN	27.85	NaN	27.36	27.85	93.5	27.34	27.85	93.7	28.00	27.85	88.1
18/06/2018 9:27:03 PM	3612166023	1013.00	NaN	27.85	NaN	27.33	27.85	93.8	27.37	27.85	93.4	27.96	27.85	88.4
18/06/2018 9:27:04 PM	3612166024	1013.00	NaN	27.85	NaN	27.22	27.85	94.8	27.25	27.85	94.5	27.98	27.85	88.3
18/06/2018 9:27:05 PM	3612166025	1013.00	NaN	27.85	NaN	27.28	27.85	94.2	27.40	27.85	93.2	28.04	27.85	87.8
18/06/2018 9:27:06 PM	3612166026	1013.00	NaN	27.85	NaN	27.30	27.85	94.1	27.35	27.85	93.6	28.00	27.85	88.1
18/06/2018 9:27:07 PM	3612166027	1013.00	NaN	27.85	NaN	27.27	27.85	94.3	27.37	27.85	93.4	27.98	27.85	88.3
18/06/2018 9:27:08 PM	3612166028	1013.00	NaN	27.85	NaN	27.28	27.85	94.2	27.27	27.85	94.3	28.01	27.85	88.0
18/06/2018 9:27:09 PM	3612166029	1013.00	NaN	27.85	NaN	27.30	27.85	94.1	27.31	27.85	94.0	28.02	27.85	87.9
18/06/2018 9:27:10 PM	3612166030	1013.00	NaN	27.85	NaN	27.27	27.85	94.3	27.35	27.85	93.6	28.06	27.85	87.6
18/06/2018 9:27:11 PM	3612166031	1013.00	NaN	27.85	NaN	27.22	27.85	94.8	27.27	27.85	94.3	28.00	27.85	88.1
18/06/2018 9:27:12 PM	3612166032	1013.00	NaN	27.85	NaN	27.32	27.85	93.9	27.40	27.85	93.2	28.06	27.85	87.6
18/06/2018 9:27:13 PM	3612166033	1013.00	NaN	27.85	NaN	27.27	27.85	94.3	27.33	27.85	93.8	28.03	27.85	87.8
18/06/2018 9:27:14 PM	3612166034	1013.00	NaN	27.85	NaN	27.21	27.85	94.9	27.42	27.85	93.0	28.04	27.85	87.8
18/06/2018 9:27:15 PM	3612166035	1013.00	NaN	27.85	NaN	27.28	27.85	94.2	27.41	27.85	93.1	28.08	27.85	87.4
18/06/2018 9:27:16 PM	3612166036	1013.00	NaN	27.86	NaN	27.30	27.86	94.0	27.28	27.86	94.2	28.07	27.86	87.5
18/06/2018 9:27:17 PM	3612166037	1013.00	NaN	27.85	NaN	27.22	27.85	94.8	27.24	27.85	94.6	28.07	27.85	87.5
18/06/2018 9:27:18 PM	3612166038	1013.00	NaN	27.86	NaN	27.34	27.86	93.7	27.32	27.86	93.9	28.08	27.86	87.4
18/06/2018 9:27:19 PM	3612166039	1013.00	NaN	27.86	NaN	27.29	27.86	94.1	27.30	27.86	94.0	28.08	27.86	87.4
18/06/2018 9:27:20 PM	3612166040	1013.00	NaN	27.86	NaN	27.29	27.86	94.1	27.29	27.86	94.1	28.09	27.86	87.3
18/06/2018 9:27:21 PM	3612166041	1013.00	NaN	27.85	NaN	27.24	27.85	94.6	27.33	27.85	93.8	28.13	27.85	87.0
18/06/2018 9:27:22 PM	3612166042	1013.00	NaN	27.85	NaN	27.22	27.85	94.8	27.37	27.85	93.4	28.12	27.85	87.1
18/06/2018 9:27:23 PM	3612166043	1013.00	NaN	27.85	NaN	27.26	27.85	94.4	27.36	27.85	93.5	28.09	27.85	87.4
18/06/2018 9:27:24 PM	3612166044	1013.00	NaN	27.85	NaN	27.28	27.85	94.2	27.31	27.85	94.0	28.13	27.85	87.0
18/06/2018 9:27:25 PM	3612166045	1013.00	NaN	27.85	NaN	27.25	27.85	94.5	27.28	27.85	94.2	28.14	27.85	86.9
18/06/2018 9:27:26 PM	3612166046	1013.00	NaN	27.85	NaN	27.27	27.85	94.3	27.33	27.85	93.8	28.08	27.85	87.4
18/06/2018 9:27:27 PM	3612166047	1013.00	NaN	27.86	NaN	27.26	27.86	94.4	27.39	27.86	93.3	28.11	27.86	87.2
18/06/2018 9:27:28 PM	3612166048	1013.00	NaN	27.86	NaN	27.32	27.86	93.9	27.42	27.86	93.0	28.17	27.86	86.7
18/06/2018 9:27:29 PM	3612166049	1013.00	NaN	27.86	NaN	27.30	27.86	94.0	27.42	27.86	93.0	28.16	27.86	86.8
18/06/2018 9:27:30 PM	3612166050	1013.00	NaN	27.86	NaN	27.32	27.86	93.9	27.27	27.86	94.3	28.15	27.86	86.9
18/06/2018 9:27:31 PM	3612166051	1013.00	NaN	27.86	NaN	27.24	27.86	94.6	27.36	27.86	93.5	28.16	27.86	86.8
18/06/2018 9:27:32 PM	3612166052	1013.00	NaN	27.85	NaN	27.28	27.85	94.2	27.33	27.85	93.8	28.13	27.85	87.0
18/06/2018 9:27:33 PM	3612166053	1013.00	NaN	27.85	NaN	27.23	27.85	94.7	27.42	27.85	93.0	28.14	27.85	86.9
18/06/2018 9:27:34 PM	3612166054	1013.00	NaN	27.85	NaN	27.28	27.85	94.2	27.32	27.85	93.9	28.12	27.85	87.1
18/06/2018 9:27:35 PM	3612166055	1013.00	NaN	27.85	NaN	27.25	27.85	94.5	27.38	27.85	93.4	28.17	27.85	86.7
18/06/2018 9:27:36 PM	3612166056	1013.00	NaN	27.85	NaN	27.31	27.85	94.0	27.44	27.85	92.8	28.18	27.85	86.6
18/06/2018 9:27:37 PM	3612166057	1013.00	NaN	27.85	NaN	27.27	27.85	94.3	27.41	27.85	93.1	28.14	27.85	86.9
18/06/2018 9:27:38 PM	3612166058	1013.00	NaN	27.85	NaN	27.39	27.85	93.3	27.44	27.85	92.8	28.18	27.85	86.6
18/06/2018 9:27:39 PM	3612166059	1013.00	NaN	27.85	NaN	27.28	27.85	94.2	27.32	27.85	93.9	28.16	27.85	86.8
18/06/2018 9:27:40 PM	3612166060	1013.00	NaN	27.84	NaN	27.23	27.84	94.7	27.41	27.84	93.1	28.15	27.84	86.9
18/06/2018 9:27:41 PM	3612166061	1013.00	NaN	27.85	NaN	27.27	27.85	94.3	27.45	27.85	92.7	28.17	27.85	86.7
18/06/2018 9:27:42 PM	3612166062	1013.00	NaN	27.85	NaN	27.34	27.85	93.7	27.49	27.85	92.4	28.20	27.85	86.5
18/06/2018 9:27:43 PM	3612166063	1013.00	NaN	27.85	NaN	27.22	27.85	94.8	27.48	27.85	92.5	28.20	27.85	86.5
18/06/2018 9:27:44 PM	3612166064	1013.00	NaN	27.85	NaN	27.24	27.85	94.6	27.42	27.85	93.0	28.17	27.85	86.7
18/06/2018 9:27:45 PM	3612166065	1013.00	NaN	27.85	NaN	27.22	27.85	94.8	27.43	27.85	92.9	28.24	27.85	86.1
18/06/2018 9:27:46 PM	3612166066	1013.00	NaN	27.85	NaN	27.27	27.85	94.3	27.42	27.85	93.0	28.24	27.85	86.1
18/06/2018 9:27:47 PM	3612166067	1013.00	NaN	27.85	NaN	27.24	27.85	94.6	27.40	27.85	93.2	28.23	27.85	86.2
18/06/2018 9:27:48 PM	3612166068	1013.00	NaN	27.85	NaN	27.26	27.85	94.4	27.33	27.85	93.8	28.28	27.85	85.8
18/06/2018 9:27:49 PM	3612166069	1013.00	NaN	27.85	NaN	27.26	27.85	94.4	27.41	27.85	93.1	28.29	27.85	85.7
18/06/2018 9:27:50 PM	3612166070	1013.00	NaN	27.85	NaN	27.32	27.85	93.9	27.40	27.85	93.2	28.31	27.85	85.6
18/06/2018 9:27:51 PM	3612166071	1013.00	NaN	27.85	NaN	27.26	27.85	94.4	27.35	27.85	93.6	28.29	27.85	85.7
18/06/2018 9:27:52 PM	3612166072	1013.00	NaN	27.85	NaN	27.22	27.85	94.8	27.40	27.85	93.2	28.30	27.85	85.7
18/06/2018 9:27:53 PM	3612166073	1013.00	NaN	27.85	NaN	27.31	27.85	94.0	27.38	27.85	93.4	28.31	27.85	85.6
18/06/2018 9:27:54 PM	3612166074	1013.00	NaN	27.85	NaN	27.25	27.85	94.5	27.40	27.85	93.2	28.32	27.85	85.5
18/06/2018 9:27:55 PM	3612166075	1013.00	NaN	27.85	NaN	27.28	27.85	94.2	27.42	27.85	93.0	28.38	27.85	85.0
18/06/2018 9:27:56 PM	3612166076	1013.00	NaN	27.85	NaN	27.24	27.85	94.6	27.51	27.85	92.2	28.39	27.85	85.0
18/06/2018 9:27:57 PM	3612166077	1013.00	NaN	27.85	NaN	27.34	27.85	93.7	27.48	27.85	92.5	28.38	27.85	85.0
18/06/2018 9:27:58 PM	3612166078	1013.00	NaN	27.85	NaN	27.31	27.85	94.0	27.46	27.85	92.7	28.37	27.85	85.1
18/06/2018 9:27:59 PM	3612166079	1013.00	NaN	27.85	NaN	27.34	27.85	93.7	27.42	27.85	93.0	28.39	27.85	85.0
18/06/2018 9:28:00 PM	3612166080	1013.00	NaN	27.85	NaN	27.33	27.85	93.8	27.32	27.85	93.9	28.44	27.85	84.6
18/06/2018 9:28:01 PM	3612166081	1013.00	NaN	27.85	NaN	27.28	27.85	94.2	27.38	27.85	93.4	28.52	27.85	83.9
18/06/2018 9:28:02 PM	3612166082	1013.00	NaN	27.84	NaN	27.23	27.84	94.7	27.43	27.84	92.9	28.41	27.84	84.8
18/06/2018 9:28:03 PM	3612166083	1013.00	NaN	27.85	NaN	27.29	27.85	94.2	27.37	27.85	93.4	28.48	27.85	84.3
18/06/2018 9:28:04 PM	3612166084	1013.00	NaN	27.85	NaN	27.22	27.85	94.8	27.45	27.85	92.7	28.46	27.85	84.4
18/06/2018 9:28:05 PM	3612166085	1013.00	NaN	27.85	NaN	27.24	27.85	94.6	27.33	27.85	93.8	28.54	27.85	83.8
18/06/2018 9:28:06 PM	3612166086	1013.00	NaN	27.85	NaN	27.23	27.85	94.7	27.46	27.85	92.7	28.52	27.85	83.9
18/06/2018 9:28:07 PM	3612166087	1013.00	NaN	27.85	NaN	27.27	27.85	94.3	27.33	27.85	93.8	28.49	27.85	84.2
18/06/2018 9:28:08 PM	3612166088	1013.00	NaN	27.85	NaN	27.25	27.85	94.5	27.53	27.85	92.0	28.53	27.85	83.9
18/06/2018 9:28:09 PM	3612166089	1013.00	NaN	27.85	NaN	27.27	27.85	94.3	27.37	27.85	93.4	28.52	27.85	83.9
18/06/2018 9:28:10 PM	3612166090	1013.00	NaN	27.84	NaN	27.24	27.84	94.6	27.36	27.84	93.5	28.60	27.84	83.3
18/06/2018 9:28:11 PM	3612166091	1013.00	NaN	27.85	NaN	27.22	27.85	94.8	27.39	27.85	93.3	28.52	27.85	83.9
18/06/2018 9:28:12 PM	3612166092	1013.00	NaN	27.85	NaN	27.21	27.85	94.9	27.42	27.85	93.0	28.58	27.85	83.5
18/06/2018 9:28:13 PM	3612166093	1013.00	NaN	27.85	NaN	27.30	27.85	94.1	27.34	27.85	93.7	28.56	27.85	83.6
18/06/2018 9:28:14 PM	3612166094	1013.00	NaN	27.85	NaN	27.26	27.85	94.4	27.35	27.85	93.6	28.58	27.85	83.5
18/06/2018 9:28:15 PM	3612166095	1013.00	NaN	27.85	NaN	27.35	27.85	93.6	27.48	27.85	92.5	28.58	27.85	83.5
18/06/2018 9:28:16 PM	3612166096	1013.00	NaN	27.85	NaN	27.24	27.85	94.6	27.37	27.85	93.4	28.57	27.85	83.6
18/06/2018 9:28:17 PM	3612166097	1013.00	NaN	27.85	NaN	27.27	27.85	94.3	27.40	27.85	93.2	28.62	27.85	83.2
18/06/2018 9:28:18 PM	3612166098	1013.00	NaN	27.85	NaN	27.19	27.85	95.0	27.52	27.85	92.1	28.60	27.85	83.3
18/06/2018 9:28:19 PM	3612166099	1013.00	NaN	27.85	NaN	27.29	27.85	94.2	27.53	27.85	92.0	28.63	27.85	83.1
18/06/2018 9:28:20 PM	3612166100	1013.00	NaN	27.85	NaN	27.28	27.85	94.2	27.42	27.85	93.0	28.61	27.85	83.3
18/06/2018 9:28:21 PM	3612166101	1013.00	NaN	27.85	NaN	27.29	27.85	94.2	27.48	27.85	92.5	28.68	27.85	82.7
18/06/2018 9:28:22 PM	3612166102	1013.00	NaN	27.85	NaN	27.31	27.85	94.0	27.37	27.85	93.4	28.63	27.85	83.1
18/06/2018 9:28:23 PM	3612166103	1013.00	NaN	27.85	NaN	27.31	27.85	94.0	27.51	27.85	92.2	28.67	27.85	82.8
18/06/2018 9:28:24 PM	3612166104	1013.00	NaN	27.85	NaN	27.23	27.85	94.7	27.55	27.85	91.9	28.62	27.85	83.2
18/06/2018 9:28:25 PM	3612166105	1013.00	NaN	27.85	NaN	27.28	27.85	94.2	27.45	27.85	92.7	28.64	27.85	83.0
18/06/2018 9:28:26 PM	3612166106	1013.00	NaN	27.85	NaN	27.30	27.85	94.1	27.44	27.85	92.8	28.68	27.85	82.7
18/06/2018 9:28:27 PM	3612166107	1013.00	NaN	27.85	NaN	27.29	27.85	94.2	27.50	27.85	92.3	28.68	27.85	82.7
18/06/2018 9:28:28 PM	3612166108	1013.00	NaN	27.85	NaN	27.31	27.85	94.0	27.47	27.85	92.6	28.67	27.85	82.8
18/06/2018 9:28:29 PM	3612166109	1013.00	NaN	27.85	NaN	27.28	27.85	94.2	27.52	27.85	92.1	28.70	27.85	82.6
18/06/2018 9:28:30 PM	3612166110	1013.00	NaN	27.85	NaN	27.32	27.85	93.9	27.57	27.85	91.7	28.69	27.85	82.6
18/06/2018 9:28:31 PM	3612166111	1013.00	NaN	27.85	NaN	27.17	27.85	95.2	27.55	27.85	91.9	28.70	27.85	82.6
18/06/2018 9:28:32 PM	3612166112	1013.00	NaN	27.85	NaN	27.32	27.85	93.9	27.54	27.85	92.0	28.71	27.85	82.5
18/06/2018 9:28:33 PM	3612166113	1013.00	NaN	27.85	NaN	27.30	27.85	94.1	27.52	27.85	92.1	28.72	27.85	82.4
18/06/2018 9:28:34 PM	3612166114	1013.00	NaN	27.85	NaN	27.24	27.85	94.6	27.48	27.85	92.5	28.70	27.85	82.6
18/06/2018 9:28:35 PM	3612166115	1013.00	NaN	27.85	NaN	27.26	27.85	94.4	27.51	27.85	92.2	28.71	27.85	82.5
18/06/2018 9:28:36 PM	3612166116	1013.00	NaN	27.85	NaN	27.24	27.85	94.6	27.46	27.85	92.7	28.77	27.85	82.0
18/06/2018 9:28:37 PM	3612166117	1013.00	NaN	27.84	NaN	27.28	27.84	94.3	27.60	27.84	91.5	28.73	27.84	82.4
18/06/2018 9:28:38 PM	3612166118	1013.00	NaN	27.85	NaN	27.25	27.85	94.5	27.60	27.85	91.4	28.75	27.85	82.2
18/06/2018 9:28:39 PM	3612166119	1013.00	NaN	27.85	NaN	27.26	27.85	94.4	27.69	27.85	90.7	28.73	27.85	82.3
18/06/2018 9:28:40 PM	3612166120	1013.00	NaN	27.85	NaN	27.29	27.85	94.2	27.60	27.85	91.4	28.77	27.85	82.0
18/06/2018 9:28:41 PM	3612166121	1013.00	NaN	27.85	NaN	27.29	27.85	94.2	27.56	27.85	91.8	28.72	27.85	82.4
18/06/2018 9:28:42 PM	3612166122	1013.00	NaN	27.85	NaN	27.26	27.85	94.4	27.62	27.85	91.3	28.77	27.85	82.0
18/06/2018 9:28:43 PM	3612166123	1013.00	NaN	27.85	NaN	27.29	27.85	94.2	27.49	27.85	92.4	28.79	27.85	81.9
18/06/2018 9:28:44 PM	3612166124	1013.00	NaN	27.85	NaN	27.26	27.85	94.4	27.55	27.85	91.9	28.80	27.85	81.8
18/06/2018 9:28:45 PM	3612166125	1013.00	NaN	27.85	NaN	27.28	27.85	94.2	27.57	27.85	91.7	28.76	27.85	82.1
18/06/2018 9:28:46 PM	3612166126	1013.00	NaN	27.85	NaN	27.27	27.85	94.3	27.73	27.85	90.3	28.77	27.85	82.0
18/06/2018 9:28:47 PM	3612166127	1013.00	NaN	27.85	NaN	27.25	27.85	94.5	27.64	27.85	91.1	28.79	27.85	81.9
18/06/2018 9:28:48 PM	3612166128	1013.00	NaN	27.85	NaN	27.33	27.85	93.8	27.72	27.85	90.4	28.80	27.85	81.8
18/06/2018 9:28:49 PM	3612166129	1013.00	NaN	27.85	NaN	27.29	27.85	94.2	27.68	27.85	90.8	28.77	27.85	82.0
18/06/2018 9:28:50 PM	3612166130	1013.00	NaN	27.85	NaN	27.32	27.85	93.9	27.52	27.85	92.1	28.77	27.85	82.0
18/06/2018 9:28:51 PM	3612166131	1013.00	NaN	27.85	NaN	27.29	27.85	94.2	27.82	27.85	89.6	28.82	27.85	81.7
18/06/2018 9:28:52 PM	3612166132	1013.00	NaN	27.85	NaN	27.21	27.85	94.9	27.71	27.85	90.5	28.84	27.85	81.5
18/06/2018 9:28:53 PM	3612166133	1013.00	NaN	27.85	NaN	27.28	27.85	94.2	27.64	27.85	91.1	28.75	27.85	82.2
18/06/2018 9:28:54 PM	3612166134	1013.00	NaN	27.85	NaN	27.25	27.85	94.5	27.67	27.85	90.8	28.85	27.85	81.4
18/06/2018 9:28:55 PM	3612166135	1013.00	NaN	27.86	NaN	27.25	27.86	94.5	27.69	27.86	90.7	28.79	27.86	81.9
18/06/2018 9:28:56 PM	3612166136	1013.00	NaN	27.86	NaN	27.27	27.86	94.3	27.67	27.86	90.8	28.85	27.86	81.4
18/06/2018 9:28:57 PM	3612166137	1013.00	NaN	27.86	NaN	27.26	27.86	94.4	27.74	27.86	90.2	28.87	27.86	81.3
18/06/2018 9:28:58 PM	3612166138	1013.00	NaN	27.86	NaN	27.22	27.86	94.8	27.73	27.86	90.3	28.82	27.86	81.7
18/06/2018 9:28:59 PM	3612166139	1013.00	NaN	27.86	NaN	27.18	27.86	95.1	27.74	27.86	90.2	28.86	27.86	81.4
18/06/2018 9:29:00 PM	3612166140	1013.00	NaN	27.85	NaN	27.29	27.85	94.2	27.69	27.85	90.7	28.82	27.85	81.7
18/06/2018 9:29:01 PM	3612166141	1013.00	NaN	27.85	NaN	27.30	27.85	94.1	27.65	27.85	91.0	28.84	27.85	81.5
18/06/2018 9:29:02 PM	3612166142	1013.00	NaN	27.85	NaN	27.34	27.85	93.7	27.78	27.85	89.9	28.85	27.85	81.4
18/06/2018 9:29:03 PM	3612166143	1013.00	NaN	27.85	NaN	27.29	27.85	94.2	27.65	27.85	91.0	28.91	27.85	81.0
18/06/2018 9:29:04 PM	3612166144	1013.00	NaN	27.85	NaN	27.31	27.85	94.0	27.69	27.85	90.7	28.90	27.85	81.1
18/06/2018 9:29:05 PM	3612166145	1013.00	NaN	27.85	NaN	27.23	27.85	94.7	27.69	27.85	90.7	28.89	27.85	81.1
18/06/2018 9:29:06 PM	3612166146	1013.00	NaN	27.85	NaN	27.28	27.85	94.2	27.69	27.85	90.7	28.90	27.85	81.1
18/06/2018 9:29:07 PM	3612166147	1013.00	NaN	27.85	NaN	27.25	27.85	94.5	27.66	27.85	90.9	28.93	27.85	80.9
18/06/2018 9:29:08 PM	3612166148	1013.00	NaN	27.85	NaN	27.28	27.85	94.2	27.70	27.85	90.6	28.96	27.85	80.6
18/06/2018 9:29:09 PM	3612166149	1013.00	NaN	27.85	NaN	27.27	27.85	94.3	27.68	27.85	90.8	28.90	27.85	81.1
18/06/2018 9:29:10 PM	3612166150	1013.00	NaN	27.85	NaN	27.29	27.85	94.2	27.71	27.85	90.5	28.93	27.85	80.9
18/06/2018 9:29:11 PM	3612166151	1013.00	NaN	27.85	NaN	27.25	27.85	94.5	27.77	27.85	90.0	28.92	27.85	80.9
18/06/2018 9:29:12 PM	3612166152	1013.00	NaN	27.85	NaN	27.30	27.85	94.1	27.84	27.85	89.4	28.96	27.85	80.6
18/06/2018 9:29:13 PM	3612166153	1013.00	NaN	27.85	NaN	27.29	27.85	94.2	27.68	27.85	90.8	28.88	27.85	81.2
18/06/2018 9:29:14 PM	3612166154	1013.00	NaN	27.85	NaN	27.28	27.85	94.2	27.63	27.85	91.2	28.96	27.85	80.6
18/06/2018 9:29:15 PM	3612166155	1013.00	NaN	27.85	NaN	27.37	27.85	93.4	27.82	27.85	89.6	28.94	27.85	80.8
18/06/2018 9:29:16 PM	3612166156	1013.00	NaN	27.85	NaN	27.25	27.85	94.5	27.68	27.85	90.8	28.94	27.85	80.8
18/06/2018 9:29:17 PM	3612166157	1013.00	NaN	27.84	NaN	27.32	27.84	93.9	27.67	27.84	90.9	28.97	27.84	80.6
18/06/2018 9:29:18 PM	3612166158	1013.00	NaN	27.85	NaN	27.24	27.85	94.6	27.73	27.85	90.3	28.96	27.85	80.6
18/06/2018 9:29:19 PM	3612166159	1013.00	NaN	27.85	NaN	27.22	27.85	94.8	27.68	27.85	90.8	28.97	27.85	80.6
18/06/2018 9:29:20 PM	3612166160	1013.00	NaN	27.85	NaN	27.32	27.85	93.9	27.75	27.85	90.2	29.01	27.85	80.3
18/06/2018 9:29:21 PM	3612166161	1013.00	NaN	27.85	NaN	27.33	27.85	93.8	27.79	27.85	89.8	28.97	27.85	80.6
18/06/2018 9:29:22 PM	3612166162	1013.00	NaN	27.85	NaN	27.32	27.85	93.9	27.81	27.85	89.7	29.02	27.85	80.2
18/06/2018 9:29:23 PM	3612166163	1013.00	NaN	27.85	NaN	27.24	27.85	94.6	27.80	27.85	89.7	29.03	27.85	80.1
18/06/2018 9:29:24 PM	3612166164	1013.00	NaN	27.85	NaN	27.32	27.85	93.9	27.74	27.85	90.3	29.05	27.85	80.0
18/06/2018 9:29:25 PM	3612166165	1013.00	NaN	27.85	NaN	27.20	27.85	95.0	27.77	27.85	90.0	29.03	27.85	80.1
18/06/2018 9:29:26 PM	3612166166	1013.00	NaN	27.85	NaN	27.20	27.85	95.0	27.82	27.85	89.6	29.06	27.85	79.9
18/06/2018 9:29:27 PM	3612166167	1013.00	NaN	27.84	NaN	27.26	27.84	94.4	27.79	27.84	89.8	29.07	27.84	79.8
18/06/2018 9:29:28 PM	3612166168	1013.00	NaN	27.85	NaN	27.26	27.85	94.4	27.77	27.85	90.0	29.10	27.85	79.6
18/06/2018 9:29:29 PM	3612166169	1013.00	NaN	27.85	NaN	27.27	27.85	94.3	27.80	27.85	89.7	29.06	27.85	79.9
18/06/2018 9:29:30 PM	3612166170	1013.00	NaN	27.85	NaN	27.27	27.85	94.3	27.86	27.85	89.2	29.07	27.85	79.8
18/06/2018 9:29:31 PM	3612166171	1013.00	NaN	27.85	NaN	27.33	27.85	93.8	27.81	27.85	89.7	29.06	27.85	79.9
18/06/2018 9:29:32 PM	3612166172	1013.00	NaN	27.86	NaN	27.27	27.86	94.3	27.76	27.86	90.1	29.13	27.86	79.4
18/06/2018 9:29:33 PM	3612166173	1013.00	NaN	27.86	NaN	27.32	27.86	93.9	27.80	27.86	89.7	29.11	27.86	79.5
18/06/2018 9:29:34 PM	3612166174	1013.00	NaN	27.85	NaN	27.24	27.85	94.6	27.86	27.85	89.2	29.12	27.85	79.5
18/06/2018 9:29:35 PM	3612166175	1013.00	NaN	27.85	NaN	27.29	27.85	94.2	27.77	27.85	90.0	29.16	27.85	79.2
18/06/2018 9:29:36 PM	3612166176	1013.00	NaN	27.85	NaN	27.31	27.85	94.0	27.78	27.85	89.9	29.17	27.85	79.1
18/06/2018 9:29:37 PM	3612166177	1013.00	NaN	27.85	NaN	27.34	27.85	93.7	27.78	27.85	89.9	29.15	27.85	79.2
18/06/2018 9:29:38 PM	3612166178	1013.00	NaN	27.85	NaN	27.29	27.85	94.2	27.93	27.85	88.7	29.17	27.85	79.1
18/06/2018 9:29:39 PM	3612166179	1013.00	NaN	27.85	NaN	27.31	27.85	94.0	27.82	27.85	89.6	29.12	27.85	79.5
18/06/2018 9:29:40 PM	3612166180	1013.00	NaN	27.85	NaN	27.28	27.85	94.2	27.88	27.85	89.1	29.14	27.85	79.3
18/06/2018 9:29:41 PM	3612166181	1013.00	NaN	27.85	NaN	27.27	27.85	94.3	27.78	27.85	89.9	29.12	27.85	79.5
18/06/2018 9:29:42 PM	3612166182	1013.00	NaN	27.85	NaN	27.27	27.85	94.3	27.97	27.85	88.3	29.19	27.85	79.0
18/06/2018 9:29:43 PM	3612166183	1013.00	NaN	27.85	NaN	27.27	27.85	94.3	27.84	27.85	89.4	29.17	27.85	79.1
18/06/2018 9:29:44 PM	3612166184	1013.00	NaN	27.85	NaN	27.30	27.85	94.1	27.97	27.85	88.3	29.21	27.85	78.8
18/06/2018 9:29:45 PM	3612166185	1013.00	NaN	27.85	NaN	27.27	27.85	94.3	27.89	27.85	89.0	29.20	27.85	78.9
18/06/2018 9:29:46 PM	3612166186	1013.00	NaN	27.85	NaN	27.25	27.85	94.5	27.80	27.85	89.7	29.25	27.85	78.5
18/06/2018 9:29:47 PM	3612166187	1013.00	NaN	27.84	NaN	27.30	27.84	94.1	27.97	27.84	88.3	29.24	27.84	78.6
18/06/2018 9:29:48 PM	3612166188	1013.00	NaN	27.85	NaN	27.31	27.85	94.0	27.78	27.85	89.9	29.28	27.85	78.3
18/06/2018 9:29:49 PM	3612166189	1013.00	NaN	27.85	NaN	27.25	27.85	94.5	27.92	27.85	88.7	29.24	27.85	78.6
18/06/2018 9:29:50 PM	3612166190	1013.00	NaN	27.85	NaN	27.28	27.85	94.2	27.90	27.85	88.9	29.28	27.85	78.3
18/06/2018 9:29:51 PM	3612166191	1013.00	NaN	27.85	NaN	27.28	27.85	94.2	27.93	27.85	88.7	29.29	27.85	78.2
18/06/2018 9:29:52 PM	3612166192	1013.00	NaN	27.85	NaN	27.22	27.85	94.8	27.88	27.85	89.1	29.28	27.85	78.3
18/06/2018 9:29:53 PM	3612166193	1013.00	NaN	27.85	NaN	27.27	27.85	94.3	27.88	27.85	89.1	29.27	27.85	78.4
18/06/2018 9:29:54 PM	3612166194	1013.00	NaN	27.85	NaN	27.26	27.85	94.4	27.89	27.85	89.0	29.24	27.85	78.6
18/06/2018 9:29:55 PM	3612166195	1013.00	NaN	27.84	NaN	27.28	27.84	94.3	27.84	27.84	89.4	29.34	27.84	77.9
18/06/2018 9:29:56 PM	3612166196	1013.00	NaN	27.85	NaN	27.27	27.85	94.3	27.94	27.85	88.6	29.33	27.85	78.0
18/06/2018 9:29:57 PM	3612166197	1013.00	NaN	27.84	NaN	27.26	27.84	94.4	27.83	27.84	89.5	29.29	27.84	78.3
18/06/2018 9:29:58 PM	3612166198	1013.00	NaN	27.84	NaN	27.30	27.84	94.1	27.88	27.84	89.1	29.30	27.84	78.2
18/06/2018 9:29:59 PM	3612166199	1013.00	NaN	27.85	NaN	27.25	27.85	94.5	27.87	27.85	89.2	29.31	27.85	78.1
18/06/2018 9:30:00 PM	3612166200	1013.00	NaN	27.85	NaN	27.25	27.85	94.5	27.88	27.85	89.1	29.32	27.85	78.0
18/06/2018 9:30:01 PM	3612166201	1013.00	NaN	27.85	NaN	27.22	27.85	94.8	27.91	27.85	88.8	29.28	27.85	78.3
18/06/2018 9:30:02 PM	3612166202	1013.00	NaN	27.85	NaN	27.25	27.85	94.5	27.86	27.85	89.2	29.33	27.85	78.0
18/06/2018 9:30:03 PM	3612166203	1013.00	NaN	27.85	NaN	27.23	27.85	94.7	27.99	27.85	88.2	29.30	27.85	78.2
18/06/2018 9:30:04 PM	3612166204	1013.00	NaN	27.84	NaN	27.31	27.84	94.0	27.98	27.84	88.3	29.29	27.84	78.3
18/06/2018 9:30:05 PM	3612166205	1013.00	NaN	27.85	NaN	27.22	27.85	94.8	27.84	27.85	89.4	29.33	27.85	78.0
18/06/2018 9:30:06 PM	3612166206	1013.00	NaN	27.85	NaN	27.23	27.85	94.7	27.91	27.85	88.8	29.31	27.85	78.1
18/06/2018 9:30:07 PM	3612166207	1013.00	NaN	27.85	NaN	27.24	27.85	94.6	27.77	27.85	90.0	29.32	27.85	78.0
18/06/2018 9:30:08 PM	3612166208	1013.00	NaN	27.85	NaN	27.27	27.85	94.3	27.90	27.85	88.9	29.38	27.85	77.6
18/06/2018 9:30:09 PM	3612166209	1013.00	NaN	27.86	NaN	27.34	27.86	93.7	27.90	27.86	88.9	29.39	27.86	77.5
18/06/2018 9:30:10 PM	3612166210	1013.00	NaN	27.85	NaN	27.32	27.85	93.9	27.83	27.85	89.5	29.32	27.85	78.0
18/06/2018 9:30:11 PM	3612166211	1013.00	NaN	27.85	NaN	27.20	27.85	95.0	27.88	27.85	89.1	29.37	27.85	77.7
18/06/2018 9:30:12 PM	3612166212	1013.00	NaN	27.85	NaN	27.25	27.85	94.5	27.82	27.85	89.6	29.35	27.85	77.8
18/06/2018 9:30:13 PM	3612166213	1013.00	NaN	27.85	NaN	27.33	27.85	93.8	27.95	27.85	88.5	29.34	27.85	77.9
18/06/2018 9:30:14 PM	3612166214	1013.00	NaN	27.85	NaN	27.24	27.85	94.6	27.78	27.85	89.9	29.34	27.85	77.9
18/06/2018 9:30:15 PM	3612166215	1013.00	NaN	27.85	NaN	27.31	27.85	94.0	27.85	27.85	89.3	29.29	27.85	78.2
18/06/2018 9:30:16 PM	3612166216	1013.00	NaN	27.85	NaN	27.34	27.85	93.7	27.79	27.85	89.8	29.35	27.85	77.8
18/06/2018 9:30:17 PM	3612166217	1013.00	NaN	27.85	NaN	27.34	27.85	93.7	27.87	27.85	89.2	29.40	27.85	77.5
18/06/2018 9:30:18 PM	3612166218	1013.00	NaN	27.85	NaN	27.26	27.85	94.4	27.91	27.85	88.8	29.39	27.85	77.5
18/06/2018 9:30:19 PM	3612166219	1013.00	NaN	27.84	NaN	27.26	27.84	94.4	27.79	27.84	89.8	29.41	27.84	77.4
18/06/2018 9:30:20 PM	3612166220	1013.00	NaN	27.84	NaN	27.28	27.84	94.3	27.87	27.84	89.2	29.37	27.84	77.7
18/06/2018 9:30:21 PM	3612166221	1013.00	NaN	27.84	NaN	27.24	27.84	94.6	27.96	27.84	88.4	29.38	27.84	77.6
18/06/2018 9:30:22 PM	3612166222	1013.00	NaN	27.84	NaN	27.30	27.84	94.1	27.94	27.84	88.6	29.37	27.84	77.7
18/06/2018 9:30:23 PM	3612166223	1013.00	NaN	27.84	NaN	27.31	27.84	94.0	27.95	27.84	88.5	29.41	27.84	77.4
18/06/2018 9:30:24 PM	3612166224	1013.00	NaN	27.85	NaN	27.26	27.85	94.4	27.84	27.85	89.4	29.44	27.85	77.2
18/06/2018 9:30:25 PM	3612166225	1013.00	NaN	27.85	NaN	27.30	27.85	94.1	27.82	27.85	89.6	29.41	27.85	77.4
18/06/2018 9:30:26 PM	3612166226	1013.00	NaN	27.85	NaN	27.23	27.85	94.7	27.94	27.85	88.6	29.44	27.85	77.2
18/06/2018 9:30:27 PM	3612166227	1013.00	NaN	27.85	NaN	27.30	27.85	94.1	27.97	27.85	88.3	29.46	27.85	77.1
18/06/2018 9:30:28 PM	3612166228	1013.00	NaN	27.85	NaN	27.31	27.85	94.0	27.99	27.85	88.2	29.47	27.85	77.0
18/06/2018 9:30:29 PM	3612166229	1013.00	NaN	27.84	NaN	27.24	27.84	94.6	27.89	27.84	89.0	29.39	27.84	77.6
18/06/2018 9:30:30 PM	3612166230	1013.00	NaN	27.85	NaN	27.30	27.85	94.1	27.94	27.85	88.6	29.40	27.85	77.5
18/06/2018 9:30:31 PM	3612166231	1013.00	NaN	27.85	NaN	27.26	27.85	94.4	27.94	27.85	88.6	29.45	27.85	77.1
18/06/2018 9:30:32 PM	3612166232	1013.00	NaN	27.85	NaN	27.26	27.85	94.4	28.10	27.85	87.3	29.43	27.85	77.3
18/06/2018 9:30:33 PM	3612166233	1013.00	NaN	27.85	NaN	27.25	27.85	94.5	28.11	27.85	87.2	29.45	27.85	77.1
18/06/2018 9:30:34 PM	3612166234	1013.00	NaN	27.85	NaN	27.26	27.85	94.4	28.07	27.85	87.5	29.44	27.85	77.2
18/06/2018 9:30:35 PM	3612166235	1013.00	NaN	27.85	NaN	27.30	27.85	94.1	28.02	27.85	87.9	29.47	27.85	77.0
18/06/2018 9:30:36 PM	3612166236	1013.00	NaN	27.84	NaN	27.32	27.84	93.9	27.98	27.84	88.3	29.48	27.84	76.9
18/06/2018 9:30:37 PM	3612166237	1013.00	NaN	27.84	NaN	27.30	27.84	94.1	28.00	27.84	88.1	29.45	27.84	77.1
18/06/2018 9:30:38 PM	3612166238	1013.00	NaN	27.84	NaN	27.31	27.84	94.0	27.90	27.84	88.9	29.53	27.84	76.6
18/06/2018 9:30:39 PM	3612166239	1013.00	NaN	27.84	NaN	27.29	27.84	94.2	28.03	27.84	87.9	29.51	27.84	76.7
18/06/2018 9:30:40 PM	3612166240	1013.00	NaN	27.84	NaN	27.29	27.84	94.2	28.06	27.84	87.6	29.51	27.84	76.7
18/06/2018 9:30:41 PM	3612166241	1013.00	NaN	27.84	NaN	27.29	27.84	94.2	27.95	27.84	88.5	29.50	27.84	76.8
18/06/2018 9:30:42 PM	3612166242	1013.00	NaN	27.84	NaN	27.24	27.84	94.6	28.00	27.84	88.1	29.63	27.84	75.9
18/06/2018 9:30:43 PM	3612166243	1013.00	NaN	27.84	NaN	27.24	27.84	94.6	28.08	27.84	87.4	29.56	27.84	76.4
18/06/2018 9:30:44 PM	3612166244	1013.00	NaN	27.84	NaN	27.32	27.84	93.9	28.03	27.84	87.9	29.60	27.84	76.1
18/06/2018 9:30:45 PM	3612166245	1013.00	NaN	27.84	NaN	27.21	27.84	94.9	28.11	27.84	87.2	29.61	27.84	76.0
18/06/2018 9:30:46 PM	3612166246	1013.00	NaN	27.84	NaN	27.23	27.84	94.7	28.14	27.84	87.0	29.57	27.84	76.3
18/06/2018 9:30:47 PM	3612166247	1013.00	NaN	27.84	NaN	27.33	27.84	93.8	28.01	27.84	88.0	29.65	27.84	75.8
18/06/2018 9:30:48 PM	3612166248	1013.00	NaN	27.84	NaN	27.33	27.84	93.8	28.14	27.84	87.0	29.60	27.84	76.1
18/06/2018 9:30:49 PM	3612166249	1013.00	NaN	27.84	NaN	27.24	27.84	94.6	28.05	27.84	87.7	29.60	27.84	76.1
18/06/2018 9:30:50 PM	3612166250	1013.00	NaN	27.85	NaN	27.27	27.85	94.3	28.13	27.85	87.0	29.63	27.85	75.9
18/06/2018 9:30:51 PM	3612166251	1013.00	NaN	27.85	NaN	27.29	27.85	94.2	28.16	27.85	86.8	29.66	27.85	75.7
18/06/2018 9:30:52 PM	3612166252	1013.00	NaN	27.85	NaN	27.28	27.85	94.2	28.10	27.85	87.3	29.67	27.85	75.6
18/06/2018 9:30:53 PM	3612166253	1013.00	NaN	27.85	NaN	27.23	27.85	94.7	28.15	27.85	86.9	29.62	27.85	75.9
18/06/2018 9:30:54 PM	3612166254	1013.00	NaN	27.85	NaN	27.31	27.85	94.0	28.12	27.85	87.1	29.69	27.85	75.5
18/06/2018 9:30:55 PM	3612166255	1013.00	NaN	27.85	NaN	27.29	27.85	94.2	28.09	27.85	87.4	29.67	27.85	75.6
18/06/2018 9:30:56 PM	3612166256	1013.00	NaN	27.84	NaN	27.32	27.84	93.9	28.06	27.84	87.6	29.67	27.84	75.6
18/06/2018 9:30:57 PM	3612166257	1013.00	NaN	27.84	NaN	27.22	27.84	94.8	28.19	27.84	86.6	29.79	27.84	74.8
18/06/2018 9:30:58 PM	3612166258	1013.00	NaN	27.84	NaN	27.27	27.84	94.3	28.21	27.84	86.4	29.74	27.84	75.1
18/06/2018 9:30:59 PM	3612166259	1013.00	NaN	27.84	NaN	27.26	27.84	94.4	28.14	27.84	87.0	29.75	27.84	75.1
18/06/2018 9:31:00 PM	3612166260	1013.00	NaN	27.84	NaN	27.21	27.84	94.9	28.20	27.84	86.5	29.76	27.84	75.0
18/06/2018 9:31:01 PM	3612166261	1013.00	NaN	27.84	NaN	27.24	27.84	94.6	28.04	27.84	87.8	29.82	27.84	74.6
18/06/2018 9:31:02 PM	3612166262	1013.00	NaN	27.84	NaN	27.30	27.84	94.1	28.18	27.84	86.6	29.79	27.84	74.8
18/06/2018 9:31:03 PM	3612166263	1013.00	NaN	27.84	NaN	27.36	27.84	93.5	28.15	27.84	86.9	29.86	27.84	74.3
18/06/2018 9:31:04 PM	3612166264	1013.00	NaN	27.84	NaN	27.35	27.84	93.6	28.18	27.84	86.6	29.82	27.84	74.6
18/06/2018 9:31:05 PM	3612166265	1013.00	NaN	27.85	NaN	27.32	27.85	93.9	28.15	27.85	86.9	29.84	27.85	74.5
18/06/2018 9:31:06 PM	3612166266	1013.00	NaN	27.84	NaN	27.33	27.84	93.8	28.14	27.84	87.0	29.84	27.84	74.5
18/06/2018 9:31:07 PM	3612166267	1013.00	NaN	27.84	NaN	27.36	27.84	93.5	28.17	27.84	86.7	29.88	27.84	74.2
18/06/2018 9:31:08 PM	3612166268	1013.00	NaN	27.84	NaN	27.32	27.84	93.9	28.24	27.84	86.2	29.89	27.84	74.1
18/06/2018 9:31:09 PM	3612166269	1013.00	NaN	27.85	NaN	27.30	27.85	94.1	28.17	27.85	86.7	29.90	27.85	74.1
18/06/2018 9:31:10 PM	3612166270	1013.00	NaN	27.84	NaN	27.24	27.84	94.6	28.14	27.84	87.0	29.90	27.84	74.1
18/06/2018 9:31:11 PM	3612166271	1013.00	NaN	27.84	NaN	27.39	27.84	93.3	28.19	27.84	86.6	29.91	27.84	74.0
18/06/2018 9:31:12 PM	3612166272	1013.00	NaN	27.84	NaN	27.31	27.84	94.0	28.09	27.84	87.4	29.93	27.84	73.9
18/06/2018 9:31:13 PM	3612166273	1013.00	NaN	27.84	NaN	27.26	27.84	94.4	28.27	27.84	85.9	29.90	27.84	74.1
18/06/2018 9:31:14 PM	3612166274	1013.00	NaN	27.84	NaN	27.39	27.84	93.3	28.13	27.84	87.0	29.93	27.84	73.9
18/06/2018 9:31:15 PM	3612166275	1013.00	NaN	27.85	NaN	27.30	27.85	94.1	28.09	27.85	87.4	29.96	27.85	73.7
18/06/2018 9:31:16 PM	3612166276	1013.00	NaN	27.85	NaN	27.28	27.85	94.2	28.11	27.85	87.2	29.95	27.85	73.7
18/06/2018 9:31:17 PM	3612166277	1013.00	NaN	27.85	NaN	27.38	27.85	93.4	28.10	27.85	87.3	29.97	27.85	73.6
18/06/2018 9:31:18 PM	3612166278	1013.00	NaN	27.85	NaN	27.19	27.85	95.0	28.08	27.85	87.4	29.95	27.85	73.7
18/06/2018 9:31:19 PM	3612166279	1013.00	NaN	27.85	NaN	27.27	27.85	94.3	28.16	27.85	86.8	29.96	27.85	73.7
18/06/2018 9:31:20 PM	3612166280	1013.00	NaN	27.85	NaN	27.28	27.85	94.2	28.14	27.85	86.9	29.96	27.85	73.7
18/06/2018 9:31:21 PM	3612166281	1013.00	NaN	27.85	NaN	27.31	27.85	94.0	28.17	27.85	86.7	29.94	27.85	73.8
18/06/2018 9:31:22 PM	3612166282	1013.00	NaN	27.85	NaN	27.30	27.85	94.1	28.18	27.85	86.6	29.99	27.85	73.5
18/06/2018 9:31:23 PM	3612166283	1013.00	NaN	27.85	NaN	27.32	27.85	93.9	28.07	27.85	87.5	30.01	27.85	73.3
18/06/2018 9:31:24 PM	3612166284	1013.00	NaN	27.84	NaN	27.24	27.84	94.6	28.13	27.84	87.0	29.98	27.84	73.5
18/06/2018 9:31:25 PM	3612166285	1013.00	NaN	27.84	NaN	27.24	27.84	94.6	28.22	27.84	86.3	30.05	27.84	73.1
18/06/2018 9:31:26 PM	3612166286	1013.00	NaN	27.84	NaN	27.32	27.84	93.9	28.27	27.84	85.9	29.97	27.84	73.6
18/06/2018 9:31:27 PM	3612166287	1013.00	NaN	27.84	NaN	27.30	27.84	94.1	28.10	27.84	87.3	30.01	27.84	73.3
18/06/2018 9:31:28 PM	3612166288	1013.00	NaN	27.84	NaN	27.32	27.84	93.9	28.11	27.84	87.2	30.06	27.84	73.0
18/06/2018 9:31:29 PM	3612166289	1013.00	NaN	27.84	NaN	27.26	27.84	94.4	28.28	27.84	85.8	30.04	27.84	73.1
18/06/2018 9:31:30 PM	3612166290	1013.00	NaN	27.84	NaN	27.27	27.84	94.3	28.08	27.84	87.4	30.03	27.84	73.2
18/06/2018 9:31:31 PM	3612166291	1013.00	NaN	27.84	NaN	27.26	27.84	94.4	28.15	27.84	86.9	30.04	27.84	73.1
18/06/2018 9:31:32 PM	3612166292	1013.00	NaN	27.84	NaN	27.31	27.84	94.0	28.11	27.84	87.2	30.07	27.84	72.9
18/06/2018 9:31:33 PM	3612166293	1013.00	NaN	27.85	NaN	27.26	27.85	94.4	28.22	27.85	86.3	30.08	27.85	72.9
18/06/2018 9:31:34 PM	3612166294	1013.00	NaN	27.84	NaN	27.31	27.84	94.0	28.18	27.84	86.6	30.04	27.84	73.1
18/06/2018 9:31:35 PM	3612166295	1013.00	NaN	27.84	NaN	27.27	27.84	94.3	28.07	27.84	87.5	30.05	27.84	73.1
18/06/2018 9:31:36 PM	3612166296	1013.00	NaN	27.84	NaN	27.20	27.84	95.0	28.22	27.84	86.3	30.08	27.84	72.9
18/06/2018 9:31:37 PM	3612166297	1013.00	NaN	27.84	NaN	27.29	27.84	94.2	28.12	27.84	87.1	30.09	27.84	72.8
18/06/2018 9:31:38 PM	3612166298	1013.00	NaN	27.84	NaN	27.23	27.84	94.7	28.17	27.84	86.7	30.09	27.84	72.8
18/06/2018 9:31:39 PM	3612166299	1013.00	NaN	27.84	NaN	27.38	27.84	93.4	28.13	27.84	87.0	30.08	27.84	72.9
18/06/2018 9:31:40 PM	3612166300	1013.00	NaN	27.84	NaN	27.29	27.84	94.2	28.15	27.84	86.9	30.12	27.84	72.6
18/06/2018 9:31:41 PM	3612166301	1013.00	NaN	27.84	NaN	27.29	27.84	94.2	28.25	27.84	86.1	30.14	27.84	72.5
