Date & time of file creation	9/06/2018 8:41 PM													
Data file path	C:\Users\ameli\Desktop\Luke Strasiotto\New_3.txt													
														
														
CALIBRATION DATA														
Parameter/Channel	N moving average	LO phase [r.U.]	HI phase [r.U.]	LO oxygen [%air saturation]	HI oxygen [%air saturation]	LO temperature [°C]	HI temperature [°C]	Salinity [‰]						
SDWD0003000199      , CH 1	1	60.04	28.47	0.00	100.00	19.08	18.86	0.000						
SDWD0003000199      , CH 2	1	60.04	28.47	0.00	100.00	19.08	18.86	0.000						
SDWD0003000199      , CH 3	1	60.04	28.47	0.00	100.00	19.07	18.85	0.000						
SDWD0003000199      , CH 4	1	60.04	28.47	0.00	100.00	19.07	18.84	0.000						
														
														
Date &Time [DD-MM-YYYY HH:MM:SS]	Time stamp code	Barometric pressure [hPa]	SDWD0003000199      , CH 1 phase [r.U.]	SDWD0003000199      , CH 1 temp [°C]	SDWD0003000199      , CH 1 O2 [% air saturation]	SDWD0003000199      , CH 2 phase [r.U.]	SDWD0003000199      , CH 2 temp [°C]	SDWD0003000199      , CH 2 O2 [% air saturation]	SDWD0003000199      , CH 3 phase [r.U.]	SDWD0003000199      , CH 3 temp [°C]	SDWD0003000199      , CH 3 O2 [% air saturation]	SDWD0003000199      , CH 4 phase [r.U.]	SDWD0003000199      , CH 4 temp [°C]	SDWD0003000199      , CH 4 O2 [% air saturation]
9/06/2018 8:42:20 PM	3611385740	1013.00	27.67	27.23	92.9	27.36	27.23	95.6	26.96	27.23	99.3	27.26	27.23	96.5
9/06/2018 8:42:21 PM	3611385741	1013.00	27.66	27.23	93.0	27.44	27.23	94.9	26.98	27.23	99.1	27.28	27.23	96.3
9/06/2018 8:42:22 PM	3611385742	1013.00	27.70	27.23	92.6	27.43	27.23	95.0	26.99	27.23	99.0	27.21	27.23	97.0
9/06/2018 8:42:23 PM	3611385743	1013.00	27.70	27.23	92.6	27.41	27.23	95.2	26.99	27.23	99.0	27.25	27.23	96.6
9/06/2018 8:42:24 PM	3611385744	1013.00	27.70	27.23	92.6	27.44	27.23	94.9	26.99	27.23	99.0	27.22	27.23	96.9
9/06/2018 8:42:25 PM	3611385745	1013.00	27.68	27.23	92.8	27.42	27.23	95.1	26.95	27.23	99.4	27.25	27.23	96.6
9/06/2018 8:42:26 PM	3611385746	1013.00	27.70	27.23	92.6	27.41	27.23	95.2	26.95	27.23	99.4	27.29	27.23	96.3
9/06/2018 8:42:27 PM	3611385747	1013.00	27.72	27.24	92.5	27.49	27.24	94.5	26.98	27.24	99.1	27.26	27.24	96.5
9/06/2018 8:42:28 PM	3611385748	1013.00	27.69	27.24	92.7	27.35	27.24	95.7	26.94	27.24	99.5	27.27	27.24	96.4
9/06/2018 8:42:29 PM	3611385749	1013.00	27.69	27.23	92.7	27.40	27.23	95.3	26.97	27.23	99.2	27.26	27.23	96.5
9/06/2018 8:42:30 PM	3611385750	1013.00	27.64	27.23	93.2	27.35	27.23	95.7	27.00	27.23	99.0	27.30	27.23	96.2
9/06/2018 8:42:31 PM	3611385751	1013.00	27.65	27.22	93.1	27.42	27.22	95.1	26.99	27.22	99.1	27.25	27.22	96.6
9/06/2018 8:42:32 PM	3611385752	1013.00	27.71	27.22	92.6	27.46	27.22	94.8	26.96	27.22	99.3	27.30	27.22	96.2
9/06/2018 8:42:33 PM	3611385753	1013.00	27.69	27.21	92.8	27.40	27.21	95.3	26.97	27.21	99.3	27.31	27.21	96.1
9/06/2018 8:42:34 PM	3611385754	1013.00	27.70	27.22	92.7	27.44	27.22	94.9	26.95	27.22	99.4	27.24	27.22	96.7
9/06/2018 8:42:35 PM	3611385755	1013.00	27.68	27.22	92.8	27.46	27.22	94.8	26.99	27.22	99.1	27.24	27.22	96.7
9/06/2018 8:42:36 PM	3611385756	1013.00	27.70	27.22	92.7	27.46	27.22	94.8	26.98	27.22	99.2	27.29	27.22	96.3
9/06/2018 8:42:37 PM	3611385757	1013.00	27.68	27.22	92.8	27.35	27.22	95.8	26.95	27.22	99.4	27.28	27.22	96.4
9/06/2018 8:42:38 PM	3611385758	1013.00	27.71	27.22	92.6	27.44	27.22	94.9	26.98	27.22	99.2	27.31	27.22	96.1
9/06/2018 8:42:39 PM	3611385759	1013.00	27.67	27.22	92.9	27.37	27.22	95.6	26.99	27.22	99.1	27.25	27.22	96.6
9/06/2018 8:42:40 PM	3611385760	1013.00	27.66	27.22	93.0	27.44	27.22	94.9	26.93	27.22	99.6	27.28	27.22	96.4
9/06/2018 8:42:41 PM	3611385761	1013.00	27.71	27.23	92.6	27.43	27.23	95.0	27.00	27.23	99.0	27.24	27.23	96.7
9/06/2018 8:42:42 PM	3611385762	1013.00	27.68	27.23	92.8	27.45	27.23	94.8	26.99	27.23	99.0	27.27	27.23	96.4
9/06/2018 8:42:43 PM	3611385763	1013.00	27.65	27.23	93.1	27.49	27.23	94.5	26.97	27.23	99.2	27.29	27.23	96.3
9/06/2018 8:42:44 PM	3611385764	1013.00	27.69	27.23	92.7	27.36	27.23	95.6	26.96	27.23	99.3	27.32	27.23	96.0
9/06/2018 8:42:45 PM	3611385765	1013.00	27.68	27.23	92.8	27.32	27.23	96.0	26.99	27.23	99.0	27.29	27.23	96.3
9/06/2018 8:42:46 PM	3611385766	1013.00	27.67	27.23	92.9	27.40	27.23	95.3	26.98	27.23	99.1	27.29	27.23	96.3
9/06/2018 8:42:47 PM	3611385767	1013.00	27.66	27.23	93.0	27.35	27.23	95.7	26.96	27.23	99.3	27.29	27.23	96.3
9/06/2018 8:42:48 PM	3611385768	1013.00	27.70	27.23	92.6	27.42	27.23	95.1	26.95	27.23	99.4	27.29	27.23	96.3
9/06/2018 8:42:49 PM	3611385769	1013.00	27.67	27.22	92.9	27.39	27.22	95.4	26.97	27.22	99.2	27.30	27.22	96.2
9/06/2018 8:42:50 PM	3611385770	1013.00	27.69	27.22	92.7	27.38	27.22	95.5	26.98	27.22	99.2	27.26	27.22	96.5
9/06/2018 8:42:51 PM	3611385771	1013.00	27.71	27.22	92.6	27.38	27.22	95.5	26.98	27.22	99.2	27.32	27.22	96.0
9/06/2018 8:42:52 PM	3611385772	1013.00	27.68	27.23	92.8	27.39	27.23	95.4	26.97	27.23	99.2	27.28	27.23	96.3
9/06/2018 8:42:53 PM	3611385773	1013.00	27.68	27.23	92.8	27.36	27.23	95.6	26.97	27.23	99.2	27.31	27.23	96.1
9/06/2018 8:42:54 PM	3611385774	1013.00	27.68	27.23	92.8	27.40	27.23	95.3	26.96	27.23	99.3	27.32	27.23	96.0
9/06/2018 8:42:55 PM	3611385775	1013.00	27.67	27.23	92.9	27.36	27.23	95.6	26.99	27.23	99.0	27.29	27.23	96.3
9/06/2018 8:42:56 PM	3611385776	1013.00	27.67	27.24	92.9	27.41	27.24	95.2	26.96	27.24	99.3	27.30	27.24	96.1
9/06/2018 8:42:57 PM	3611385777	1013.00	27.68	27.23	92.8	27.44	27.23	94.9	26.96	27.23	99.3	27.29	27.23	96.3
9/06/2018 8:42:58 PM	3611385778	1013.00	27.70	27.24	92.6	27.41	27.24	95.2	26.96	27.24	99.3	27.31	27.24	96.1
9/06/2018 8:42:59 PM	3611385779	1013.00	27.69	27.24	92.7	27.36	27.24	95.6	26.99	27.24	99.0	27.29	27.24	96.2
9/06/2018 8:43:00 PM	3611385780	1013.00	27.72	27.24	92.5	27.38	27.24	95.5	26.93	27.24	99.6	27.29	27.24	96.2
9/06/2018 8:43:01 PM	3611385781	1013.00	27.70	27.24	92.6	27.41	27.24	95.2	26.97	27.24	99.2	27.33	27.24	95.9
9/06/2018 8:43:02 PM	3611385782	1013.00	27.73	27.24	92.4	27.42	27.24	95.1	26.95	27.24	99.4	27.27	27.24	96.4
9/06/2018 8:43:03 PM	3611385783	1013.00	27.69	27.23	92.7	27.42	27.23	95.1	26.95	27.23	99.4	27.31	27.23	96.1
9/06/2018 8:43:04 PM	3611385784	1013.00	27.69	27.23	92.7	27.34	27.23	95.8	26.98	27.23	99.1	27.24	27.23	96.7
9/06/2018 8:43:05 PM	3611385785	1013.00	27.71	27.23	92.6	27.35	27.23	95.7	26.97	27.23	99.2	27.30	27.23	96.2
9/06/2018 8:43:06 PM	3611385786	1013.00	27.65	27.23	93.1	27.39	27.23	95.4	26.96	27.23	99.3	27.31	27.23	96.1
9/06/2018 8:43:07 PM	3611385787	1013.00	27.70	27.24	92.6	27.38	27.24	95.5	27.00	27.24	98.9	27.32	27.24	96.0
9/06/2018 8:43:08 PM	3611385788	1013.00	27.71	27.24	92.5	27.46	27.24	94.7	26.98	27.24	99.1	27.31	27.24	96.1
9/06/2018 8:43:09 PM	3611385789	1013.00	27.67	27.24	92.9	27.40	27.24	95.3	26.97	27.24	99.2	27.30	27.24	96.1
9/06/2018 8:43:10 PM	3611385790	1013.00	27.66	27.24	93.0	27.46	27.24	94.7	27.00	27.24	98.9	27.38	27.24	95.4
9/06/2018 8:43:11 PM	3611385791	1013.00	27.70	27.24	92.6	27.50	27.24	94.4	26.97	27.24	99.2	27.33	27.24	95.9
9/06/2018 8:43:12 PM	3611385792	1013.00	27.67	27.24	92.9	27.36	27.24	95.6	26.96	27.24	99.3	27.32	27.24	96.0
9/06/2018 8:43:13 PM	3611385793	1013.00	27.70	27.25	92.6	27.41	27.25	95.2	26.98	27.25	99.1	27.31	27.25	96.0
9/06/2018 8:43:14 PM	3611385794	1013.00	27.74	27.24	92.3	27.40	27.24	95.3	26.99	27.24	99.0	27.26	27.24	96.5
9/06/2018 8:43:15 PM	3611385795	1013.00	27.72	27.25	92.4	27.45	27.25	94.8	26.95	27.25	99.4	27.32	27.25	95.9
9/06/2018 8:43:16 PM	3611385796	1013.00	27.68	27.25	92.8	27.42	27.25	95.1	26.94	27.25	99.5	27.32	27.25	95.9
9/06/2018 8:43:17 PM	3611385797	1013.00	27.69	27.25	92.7	27.37	27.25	95.5	26.95	27.25	99.4	27.34	27.25	95.8
9/06/2018 8:43:18 PM	3611385798	1013.00	27.67	27.25	92.9	27.37	27.25	95.5	26.97	27.25	99.2	27.28	27.25	96.3
9/06/2018 8:43:19 PM	3611385799	1013.00	27.69	27.25	92.7	27.41	27.25	95.2	26.98	27.25	99.1	27.32	27.25	95.9
9/06/2018 8:43:20 PM	3611385800	1013.00	27.72	27.25	92.4	27.39	27.25	95.3	27.00	27.25	98.9	27.28	27.25	96.3
9/06/2018 8:43:21 PM	3611385801	1013.00	27.71	27.25	92.5	27.42	27.25	95.1	27.00	27.25	98.9	27.28	27.25	96.3
9/06/2018 8:43:22 PM	3611385802	1013.00	27.69	27.24	92.7	27.41	27.24	95.2	27.02	27.24	98.7	27.35	27.24	95.7
9/06/2018 8:43:23 PM	3611385803	1013.00	27.69	27.25	92.7	27.44	27.25	94.9	26.96	27.25	99.3	27.32	27.25	95.9
9/06/2018 8:43:24 PM	3611385804	1013.00	27.71	27.24	92.5	27.41	27.24	95.2	26.97	27.24	99.2	27.31	27.24	96.1
9/06/2018 8:43:25 PM	3611385805	1013.00	27.74	27.24	92.3	27.35	27.24	95.7	26.99	27.24	99.0	27.33	27.24	95.9
9/06/2018 8:43:26 PM	3611385806	1013.00	27.72	27.24	92.5	27.42	27.24	95.1	26.98	27.24	99.1	27.30	27.24	96.1
9/06/2018 8:43:27 PM	3611385807	1013.00	27.70	27.24	92.6	27.44	27.24	94.9	26.98	27.24	99.1	27.32	27.24	96.0
9/06/2018 8:43:28 PM	3611385808	1013.00	27.69	27.24	92.7	27.39	27.24	95.4	26.96	27.24	99.3	27.32	27.24	96.0
9/06/2018 8:43:29 PM	3611385809	1013.00	27.72	27.25	92.4	27.34	27.25	95.8	26.96	27.25	99.3	27.36	27.25	95.6
9/06/2018 8:43:30 PM	3611385810	1013.00	27.71	27.25	92.5	27.40	27.25	95.3	26.96	27.25	99.3	27.31	27.25	96.0
9/06/2018 8:43:31 PM	3611385811	1013.00	27.71	27.26	92.5	27.43	27.26	95.0	26.96	27.26	99.3	27.31	27.26	96.0
9/06/2018 8:43:32 PM	3611385812	1013.00	27.74	27.26	92.2	27.42	27.26	95.1	26.97	27.26	99.2	27.32	27.26	95.9
9/06/2018 8:43:33 PM	3611385813	1013.00	27.70	27.26	92.6	27.42	27.26	95.1	27.00	27.26	98.9	27.34	27.26	95.7
9/06/2018 8:43:34 PM	3611385814	1013.00	27.70	27.26	92.6	27.44	27.26	94.9	26.97	27.26	99.2	27.30	27.26	96.1
9/06/2018 8:43:35 PM	3611385815	1013.00	27.71	27.26	92.5	27.44	27.26	94.9	26.99	27.26	99.0	27.30	27.26	96.1
9/06/2018 8:43:36 PM	3611385816	1013.00	27.71	27.26	92.5	27.41	27.26	95.2	26.98	27.26	99.1	27.31	27.26	96.0
9/06/2018 8:43:37 PM	3611385817	1013.00	27.74	27.26	92.2	27.42	27.26	95.1	27.00	27.26	98.9	27.34	27.26	95.7
9/06/2018 8:43:38 PM	3611385818	1013.00	27.73	27.26	92.3	27.35	27.26	95.7	26.97	27.26	99.2	27.36	27.26	95.6
9/06/2018 8:43:39 PM	3611385819	1013.00	27.71	27.27	92.5	27.39	27.27	95.3	26.97	27.27	99.2	27.36	27.27	95.6
9/06/2018 8:43:40 PM	3611385820	1013.00	27.73	27.26	92.3	27.38	27.26	95.4	26.96	27.26	99.3	27.39	27.26	95.3
9/06/2018 8:43:41 PM	3611385821	1013.00	27.74	27.26	92.2	27.39	27.26	95.3	26.99	27.26	99.0	27.43	27.26	94.9
9/06/2018 8:43:42 PM	3611385822	1013.00	27.74	27.26	92.2	27.43	27.26	95.0	26.98	27.26	99.1	27.43	27.26	94.9
9/06/2018 8:43:43 PM	3611385823	1013.00	27.73	27.26	92.3	27.41	27.26	95.2	27.00	27.26	98.9	27.42	27.26	95.0
9/06/2018 8:43:44 PM	3611385824	1013.00	27.71	27.26	92.5	27.39	27.26	95.3	27.01	27.26	98.8	27.47	27.26	94.6
9/06/2018 8:43:45 PM	3611385825	1013.00	27.72	27.27	92.4	27.43	27.27	95.0	26.99	27.27	99.0	27.44	27.27	94.8
9/06/2018 8:43:46 PM	3611385826	1013.00	27.71	27.27	92.5	27.41	27.27	95.1	26.96	27.27	99.3	27.48	27.27	94.5
9/06/2018 8:43:47 PM	3611385827	1013.00	27.74	27.27	92.2	27.35	27.27	95.7	26.98	27.27	99.1	27.48	27.27	94.5
9/06/2018 8:43:48 PM	3611385828	1013.00	27.74	27.27	92.2	27.43	27.27	95.0	26.99	27.27	99.0	27.51	27.27	94.2
9/06/2018 8:43:49 PM	3611385829	1013.00	27.74	27.28	92.2	27.42	27.28	95.0	26.95	27.28	99.3	27.51	27.28	94.2
9/06/2018 8:43:50 PM	3611385830	1013.00	27.76	27.28	92.0	27.44	27.28	94.9	26.97	27.28	99.1	27.46	27.28	94.6
9/06/2018 8:43:51 PM	3611385831	1013.00	27.75	27.29	92.1	27.36	27.29	95.6	26.99	27.29	98.9	27.55	27.29	93.8
9/06/2018 8:43:52 PM	3611385832	1013.00	27.77	27.29	91.9	27.33	27.29	95.8	26.99	27.29	98.9	27.50	27.29	94.3
9/06/2018 8:43:53 PM	3611385833	1013.00	27.75	27.29	92.1	27.39	27.29	95.3	26.99	27.29	98.9	27.54	27.29	93.9
9/06/2018 8:43:54 PM	3611385834	1013.00	27.77	27.29	91.9	27.37	27.29	95.5	26.97	27.29	99.1	27.53	27.29	94.0
9/06/2018 8:43:55 PM	3611385835	1013.00	27.78	27.28	91.9	27.47	27.28	94.6	26.98	27.28	99.1	27.52	27.28	94.1
9/06/2018 8:43:56 PM	3611385836	1013.00	27.78	27.28	91.9	27.37	27.28	95.5	26.97	27.28	99.1	27.54	27.28	93.9
9/06/2018 8:43:57 PM	3611385837	1013.00	27.80	27.28	91.7	27.42	27.28	95.0	26.96	27.28	99.2	27.57	27.28	93.7
9/06/2018 8:43:58 PM	3611385838	1013.00	27.78	27.28	91.9	27.35	27.28	95.7	26.99	27.28	99.0	27.58	27.28	93.6
9/06/2018 8:43:59 PM	3611385839	1013.00	27.79	27.28	91.8	27.48	27.28	94.5	27.01	27.28	98.8	27.58	27.28	93.6
9/06/2018 8:44:00 PM	3611385840	1013.00	27.77	27.29	91.9	27.34	27.29	95.7	26.96	27.29	99.2	27.53	27.29	94.0
9/06/2018 8:44:01 PM	3611385841	1013.00	27.79	27.29	91.8	27.37	27.29	95.5	27.01	27.29	98.8	27.62	27.29	93.2
9/06/2018 8:44:02 PM	3611385842	1013.00	27.79	27.29	91.8	27.33	27.29	95.8	27.01	27.29	98.8	27.56	27.29	93.7
9/06/2018 8:44:03 PM	3611385843	1013.00	27.81	27.29	91.6	27.49	27.29	94.4	27.01	27.29	98.8	27.56	27.29	93.7
9/06/2018 8:44:04 PM	3611385844	1013.00	27.82	27.30	91.5	27.44	27.30	94.8	26.97	27.30	99.1	27.57	27.30	93.6
9/06/2018 8:44:05 PM	3611385845	1013.00	27.87	27.29	91.1	27.43	27.29	94.9	26.96	27.29	99.2	27.56	27.29	93.7
9/06/2018 8:44:06 PM	3611385846	1013.00	27.79	27.29	91.8	27.38	27.29	95.4	27.00	27.29	98.8	27.56	27.29	93.7
9/06/2018 8:44:07 PM	3611385847	1013.00	27.83	27.30	91.4	27.38	27.30	95.4	26.97	27.30	99.1	27.61	27.30	93.3
9/06/2018 8:44:08 PM	3611385848	1013.00	27.84	27.30	91.3	27.36	27.30	95.5	26.99	27.30	98.9	27.57	27.30	93.6
9/06/2018 8:44:09 PM	3611385849	1013.00	27.82	27.30	91.5	27.36	27.30	95.5	27.01	27.30	98.7	27.62	27.30	93.2
9/06/2018 8:44:10 PM	3611385850	1013.00	27.83	27.30	91.4	27.42	27.30	95.0	27.01	27.30	98.7	27.58	27.30	93.5
9/06/2018 8:44:11 PM	3611385851	1013.00	27.84	27.30	91.3	27.39	27.30	95.3	26.98	27.30	99.0	27.59	27.30	93.5
9/06/2018 8:44:12 PM	3611385852	1013.00	27.83	27.30	91.4	27.45	27.30	94.7	27.00	27.30	98.8	27.61	27.30	93.3
9/06/2018 8:44:13 PM	3611385853	1013.00	27.80	27.30	91.7	27.42	27.30	95.0	26.99	27.30	98.9	27.58	27.30	93.5
9/06/2018 8:44:14 PM	3611385854	1013.00	27.84	27.31	91.3	27.41	27.31	95.1	27.00	27.31	98.8	27.61	27.31	93.3
9/06/2018 8:44:15 PM	3611385855	1013.00	27.81	27.31	91.6	27.44	27.31	94.8	27.03	27.31	98.5	27.61	27.31	93.3
9/06/2018 8:44:16 PM	3611385856	1013.00	27.84	27.32	91.3	27.50	27.32	94.3	27.00	27.32	98.8	27.57	27.32	93.6
9/06/2018 8:44:17 PM	3611385857	1013.00	27.85	27.32	91.2	27.45	27.32	94.7	27.00	27.32	98.8	27.62	27.32	93.2
9/06/2018 8:44:18 PM	3611385858	1013.00	27.84	27.32	91.3	27.48	27.32	94.4	27.00	27.32	98.8	27.59	27.32	93.4
9/06/2018 8:44:19 PM	3611385859	1013.00	27.83	27.32	91.4	27.46	27.32	94.6	27.01	27.32	98.7	27.65	27.32	92.9
9/06/2018 8:44:20 PM	3611385860	1013.00	27.82	27.32	91.5	27.48	27.32	94.4	26.97	27.32	99.1	27.67	27.32	92.7
9/06/2018 8:44:21 PM	3611385861	1013.00	27.81	27.32	91.6	27.47	27.32	94.5	26.99	27.32	98.9	27.62	27.32	93.2
9/06/2018 8:44:22 PM	3611385862	1013.00	27.87	27.31	91.1	27.50	27.31	94.3	27.01	27.31	98.7	27.66	27.31	92.8
9/06/2018 8:44:23 PM	3611385863	1013.00	27.85	27.31	91.2	27.41	27.31	95.1	26.99	27.31	98.9	27.64	27.31	93.0
9/06/2018 8:44:24 PM	3611385864	1013.00	27.84	27.31	91.3	27.50	27.31	94.3	26.98	27.31	99.0	27.64	27.31	93.0
9/06/2018 8:44:25 PM	3611385865	1013.00	27.86	27.31	91.1	27.45	27.31	94.7	26.99	27.31	98.9	27.64	27.31	93.0
9/06/2018 8:44:26 PM	3611385866	1013.00	27.88	27.30	91.0	27.44	27.30	94.8	26.98	27.30	99.0	27.67	27.30	92.8
9/06/2018 8:44:27 PM	3611385867	1013.00	27.91	27.31	90.7	27.51	27.31	94.2	27.00	27.31	98.8	27.63	27.31	93.1
9/06/2018 8:44:28 PM	3611385868	1013.00	27.87	27.32	91.0	27.50	27.32	94.3	26.97	27.32	99.1	27.64	27.32	93.0
9/06/2018 8:44:29 PM	3611385869	1013.00	27.88	27.32	91.0	27.46	27.32	94.6	26.99	27.32	98.9	27.67	27.32	92.7
9/06/2018 8:44:30 PM	3611385870	1013.00	27.90	27.33	90.8	27.48	27.33	94.4	27.02	27.33	98.6	27.70	27.33	92.5
9/06/2018 8:44:31 PM	3611385871	1013.00	27.88	27.33	90.9	27.54	27.33	93.9	26.98	27.33	99.0	27.68	27.33	92.6
9/06/2018 8:44:32 PM	3611385872	1013.00	27.87	27.33	91.0	27.52	27.33	94.1	27.00	27.33	98.8	27.65	27.33	92.9
9/06/2018 8:44:33 PM	3611385873	1013.00	27.91	27.33	90.7	27.44	27.33	94.8	27.00	27.33	98.8	27.67	27.33	92.7
9/06/2018 8:44:34 PM	3611385874	1013.00	27.87	27.32	91.0	27.53	27.32	94.0	27.02	27.32	98.6	27.68	27.32	92.6
9/06/2018 8:44:35 PM	3611385875	1013.00	27.90	27.32	90.8	27.53	27.32	94.0	26.99	27.32	98.9	27.66	27.32	92.8
9/06/2018 8:44:36 PM	3611385876	1013.00	27.94	27.33	90.4	27.52	27.33	94.1	27.03	27.33	98.5	27.66	27.33	92.8
9/06/2018 8:44:37 PM	3611385877	1013.00	27.89	27.33	90.9	27.53	27.33	94.0	27.01	27.33	98.7	27.71	27.33	92.4
9/06/2018 8:44:38 PM	3611385878	1013.00	27.93	27.33	90.5	27.50	27.33	94.2	27.02	27.33	98.6	27.71	27.33	92.4
9/06/2018 8:44:39 PM	3611385879	1013.00	27.91	27.34	90.7	27.55	27.34	93.8	27.01	27.34	98.7	27.71	27.34	92.3
9/06/2018 8:44:40 PM	3611385880	1013.00	27.91	27.34	90.7	27.51	27.34	94.1	27.00	27.34	98.8	27.75	27.34	92.0
9/06/2018 8:44:41 PM	3611385881	1013.00	27.93	27.34	90.5	27.49	27.34	94.3	26.99	27.34	98.9	27.69	27.34	92.5
9/06/2018 8:44:42 PM	3611385882	1013.00	27.93	27.35	90.5	27.47	27.35	94.5	27.01	27.35	98.7	27.77	27.35	91.8
9/06/2018 8:44:43 PM	3611385883	1013.00	27.92	27.36	90.6	27.48	27.36	94.4	27.03	27.36	98.4	27.75	27.36	92.0
9/06/2018 8:44:44 PM	3611385884	1013.00	27.96	27.36	90.2	27.56	27.36	93.7	27.02	27.36	98.5	27.77	27.36	91.8
9/06/2018 8:44:45 PM	3611385885	1013.00	27.94	27.35	90.4	27.53	27.35	93.9	26.97	27.35	99.0	27.77	27.35	91.8
9/06/2018 8:44:46 PM	3611385886	1013.00	27.95	27.35	90.3	27.47	27.35	94.5	27.00	27.35	98.7	27.80	27.35	91.6
9/06/2018 8:44:47 PM	3611385887	1013.00	27.94	27.35	90.4	27.47	27.35	94.5	27.00	27.35	98.7	27.78	27.35	91.7
9/06/2018 8:44:48 PM	3611385888	1013.00	27.96	27.35	90.2	27.58	27.35	93.5	27.03	27.35	98.5	27.81	27.35	91.5
9/06/2018 8:44:49 PM	3611385889	1013.00	27.95	27.36	90.3	27.50	27.36	94.2	26.98	27.36	98.9	27.78	27.36	91.7
9/06/2018 8:44:50 PM	3611385890	1013.00	27.96	27.37	90.2	27.54	27.37	93.8	27.03	27.37	98.4	27.77	27.37	91.8
9/06/2018 8:44:51 PM	3611385891	1013.00	27.92	27.37	90.5	27.54	27.37	93.8	27.00	27.37	98.7	27.79	27.37	91.6
9/06/2018 8:44:52 PM	3611385892	1013.00	27.95	27.37	90.3	27.54	27.37	93.8	27.01	27.37	98.6	27.81	27.37	91.4
9/06/2018 8:44:53 PM	3611385893	1013.00	27.93	27.38	90.4	27.50	27.38	94.2	27.01	27.38	98.6	27.83	27.38	91.3
9/06/2018 8:44:54 PM	3611385894	1013.00	27.96	27.37	90.2	27.55	27.37	93.7	26.99	27.37	98.8	27.84	27.37	91.2
9/06/2018 8:44:55 PM	3611385895	1013.00	27.95	27.37	90.3	27.51	27.37	94.1	26.99	27.37	98.8	27.82	27.37	91.4
9/06/2018 8:44:56 PM	3611385896	1013.00	27.98	27.37	90.0	27.55	27.37	93.7	26.97	27.37	99.0	27.87	27.37	90.9
9/06/2018 8:44:57 PM	3611385897	1013.00	27.94	27.37	90.4	27.55	27.37	93.7	27.00	27.37	98.7	27.86	27.37	91.0
9/06/2018 8:44:58 PM	3611385898	1013.00	27.96	27.37	90.2	27.59	27.37	93.4	26.98	27.37	98.9	27.91	27.37	90.6
9/06/2018 8:44:59 PM	3611385899	1013.00	27.97	27.37	90.1	27.57	27.37	93.6	27.01	27.37	98.6	27.87	27.37	90.9
9/06/2018 8:45:00 PM	3611385900	1013.00	28.00	27.37	89.9	27.49	27.37	94.3	27.05	27.37	98.2	27.84	27.37	91.2
9/06/2018 8:45:01 PM	3611385901	1013.00	27.96	27.38	90.2	27.55	27.38	93.7	27.02	27.38	98.5	27.87	27.38	90.9
9/06/2018 8:45:02 PM	3611385902	1013.00	27.99	27.38	89.9	27.58	27.38	93.4	27.00	27.38	98.7	27.89	27.38	90.7
9/06/2018 8:45:03 PM	3611385903	1013.00	28.02	27.38	89.7	27.56	27.38	93.6	27.02	27.38	98.5	27.86	27.38	91.0
9/06/2018 8:45:04 PM	3611385904	1013.00	28.01	27.37	89.8	27.59	27.37	93.4	27.02	27.37	98.5	27.87	27.37	90.9
9/06/2018 8:45:05 PM	3611385905	1013.00	28.02	27.37	89.7	27.55	27.37	93.7	26.98	27.37	98.9	27.89	27.37	90.8
9/06/2018 8:45:06 PM	3611385906	1013.00	28.07	27.37	89.3	27.55	27.37	93.7	27.00	27.37	98.7	27.91	27.37	90.6
9/06/2018 8:45:07 PM	3611385907	1013.00	28.04	27.38	89.5	27.59	27.38	93.4	27.01	27.38	98.6	27.93	27.38	90.4
9/06/2018 8:45:08 PM	3611385908	1013.00	28.04	27.39	89.5	27.57	27.39	93.5	27.02	27.39	98.5	27.93	27.39	90.4
9/06/2018 8:45:09 PM	3611385909	1013.00	28.01	27.39	89.8	27.59	27.39	93.3	26.98	27.39	98.9	27.88	27.39	90.8
9/06/2018 8:45:10 PM	3611385910	1013.00	28.04	27.40	89.5	27.55	27.40	93.7	27.03	27.40	98.4	27.91	27.40	90.5
9/06/2018 8:45:11 PM	3611385911	1013.00	28.07	27.40	89.2	27.53	27.40	93.9	27.02	27.40	98.5	27.91	27.40	90.5
9/06/2018 8:45:12 PM	3611385912	1013.00	28.04	27.40	89.5	27.59	27.40	93.3	26.99	27.40	98.8	27.91	27.40	90.5
9/06/2018 8:45:13 PM	3611385913	1013.00	28.06	27.39	89.3	27.54	27.39	93.8	27.02	27.39	98.5	27.90	27.39	90.6
9/06/2018 8:45:14 PM	3611385914	1013.00	28.10	27.39	89.0	27.53	27.39	93.9	27.01	27.39	98.6	27.90	27.39	90.6
9/06/2018 8:45:15 PM	3611385915	1013.00	28.07	27.39	89.3	27.57	27.39	93.5	27.01	27.39	98.6	27.94	27.39	90.3
9/06/2018 8:45:16 PM	3611385916	1013.00	28.07	27.40	89.2	27.58	27.40	93.4	27.00	27.40	98.7	27.91	27.40	90.5
9/06/2018 8:45:17 PM	3611385917	1013.00	28.11	27.40	88.9	27.57	27.40	93.5	27.02	27.40	98.5	27.91	27.40	90.5
9/06/2018 8:45:18 PM	3611385918	1013.00	28.09	27.40	89.1	27.64	27.40	92.9	27.04	27.40	98.3	27.89	27.40	90.7
9/06/2018 8:45:19 PM	3611385919	1013.00	28.07	27.40	89.2	27.55	27.40	93.7	27.04	27.40	98.3	27.90	27.40	90.6
9/06/2018 8:45:20 PM	3611385920	1013.00	28.10	27.41	89.0	27.56	27.41	93.6	27.00	27.41	98.6	27.90	27.41	90.6
9/06/2018 8:45:21 PM	3611385921	1013.00	28.11	27.41	88.9	27.64	27.41	92.9	27.05	27.41	98.2	27.90	27.41	90.6
9/06/2018 8:45:22 PM	3611385922	1013.00	28.07	27.41	89.2	27.64	27.41	92.9	27.01	27.41	98.6	27.89	27.41	90.7
9/06/2018 8:45:23 PM	3611385923	1013.00	28.10	27.41	89.0	27.60	27.41	93.2	27.05	27.41	98.2	27.92	27.41	90.4
9/06/2018 8:45:24 PM	3611385924	1013.00	28.13	27.41	88.7	27.56	27.41	93.6	27.05	27.41	98.2	27.86	27.41	91.0
9/06/2018 8:45:25 PM	3611385925	1013.00	28.13	27.41	88.7	27.66	27.41	92.7	27.03	27.41	98.4	27.89	27.41	90.7
9/06/2018 8:45:26 PM	3611385926	1013.00	28.10	27.42	89.0	27.62	27.42	93.0	27.01	27.42	98.5	27.90	27.42	90.6
9/06/2018 8:45:27 PM	3611385927	1013.00	28.09	27.42	89.0	27.60	27.42	93.2	27.01	27.42	98.5	27.84	27.42	91.1
9/06/2018 8:45:28 PM	3611385928	1013.00	28.12	27.42	88.8	27.68	27.42	92.5	27.06	27.42	98.1	27.88	27.42	90.8
9/06/2018 8:45:29 PM	3611385929	1013.00	28.15	27.43	88.5	27.60	27.43	93.2	27.00	27.43	98.6	27.88	27.43	90.8
9/06/2018 8:45:30 PM	3611385930	1013.00	28.16	27.43	88.5	27.60	27.43	93.2	27.02	27.43	98.4	27.88	27.43	90.8
9/06/2018 8:45:31 PM	3611385931	1013.00	28.13	27.43	88.7	27.63	27.43	92.9	27.01	27.43	98.5	27.92	27.43	90.4
9/06/2018 8:45:32 PM	3611385932	1013.00	28.12	27.43	88.8	27.68	27.43	92.5	27.02	27.43	98.4	27.94	27.43	90.2
9/06/2018 8:45:33 PM	3611385933	1013.00	28.14	27.42	88.6	27.60	27.42	93.2	27.03	27.42	98.3	27.93	27.42	90.3
9/06/2018 8:45:34 PM	3611385934	1013.00	28.14	27.42	88.6	27.67	27.42	92.6	27.02	27.42	98.4	27.90	27.42	90.6
9/06/2018 8:45:35 PM	3611385935	1013.00	28.18	27.42	88.3	27.58	27.42	93.4	27.07	27.42	98.0	27.88	27.42	90.8
9/06/2018 8:45:36 PM	3611385936	1013.00	28.17	27.43	88.4	27.63	27.43	92.9	27.06	27.43	98.1	27.92	27.43	90.4
9/06/2018 8:45:37 PM	3611385937	1013.00	28.19	27.43	88.2	27.62	27.43	93.0	27.02	27.43	98.4	27.90	27.43	90.6
9/06/2018 8:45:38 PM	3611385938	1013.00	28.19	27.44	88.2	27.65	27.44	92.7	27.06	27.44	98.0	27.91	27.44	90.5
9/06/2018 8:45:39 PM	3611385939	1013.00	28.22	27.44	87.9	27.65	27.44	92.7	27.05	27.44	98.1	27.93	27.44	90.3
9/06/2018 8:45:40 PM	3611385940	1013.00	28.20	27.44	88.1	27.61	27.44	93.1	27.01	27.44	98.5	27.96	27.44	90.1
9/06/2018 8:45:41 PM	3611385941	1013.00	28.22	27.44	87.9	27.70	27.44	92.3	27.05	27.44	98.1	27.95	27.44	90.1
9/06/2018 8:45:42 PM	3611385942	1013.00	28.20	27.44	88.1	27.58	27.44	93.4	27.05	27.44	98.1	27.98	27.44	89.9
9/06/2018 8:45:43 PM	3611385943	1013.00	28.22	27.44	87.9	27.61	27.44	93.1	27.00	27.44	98.6	27.93	27.44	90.3
9/06/2018 8:45:44 PM	3611385944	1013.00	28.20	27.45	88.1	27.61	27.45	93.1	27.05	27.45	98.1	27.93	27.45	90.3
9/06/2018 8:45:45 PM	3611385945	1013.00	28.23	27.45	87.8	27.64	27.45	92.8	27.03	27.45	98.3	27.92	27.45	90.4
9/06/2018 8:45:46 PM	3611385946	1013.00	28.26	27.45	87.6	27.65	27.45	92.7	27.03	27.45	98.3	27.91	27.45	90.5
9/06/2018 8:45:47 PM	3611385947	1013.00	28.25	27.45	87.7	27.62	27.45	93.0	27.03	27.45	98.3	27.92	27.45	90.4
9/06/2018 8:45:48 PM	3611385948	1013.00	28.22	27.45	87.9	27.72	27.45	92.1	27.00	27.45	98.6	27.93	27.45	90.3
9/06/2018 8:45:49 PM	3611385949	1013.00	28.24	27.45	87.8	27.68	27.45	92.5	27.05	27.45	98.1	27.95	27.45	90.1
9/06/2018 8:45:50 PM	3611385950	1013.00	28.24	27.45	87.8	27.67	27.45	92.6	27.02	27.45	98.4	27.95	27.45	90.1
9/06/2018 8:45:51 PM	3611385951	1013.00	28.26	27.45	87.6	27.67	27.45	92.6	27.06	27.45	98.0	27.98	27.45	89.9
9/06/2018 8:45:52 PM	3611385952	1013.00	28.27	27.45	87.5	27.59	27.45	93.2	27.02	27.45	98.4	27.99	27.45	89.8
9/06/2018 8:45:53 PM	3611385953	1013.00	28.25	27.46	87.7	27.66	27.46	92.6	27.05	27.46	98.1	27.96	27.46	90.0
9/06/2018 8:45:54 PM	3611385954	1013.00	28.25	27.46	87.7	27.64	27.46	92.8	27.06	27.46	98.0	27.94	27.46	90.2
9/06/2018 8:45:55 PM	3611385955	1013.00	28.31	27.47	87.2	27.61	27.47	93.0	27.06	27.47	98.0	27.96	27.47	90.0
9/06/2018 8:45:56 PM	3611385956	1013.00	28.29	27.47	87.3	27.60	27.47	93.1	27.07	27.47	97.9	27.95	27.47	90.1
9/06/2018 8:45:57 PM	3611385957	1013.00	28.34	27.46	86.9	27.69	27.46	92.4	27.08	27.46	97.8	27.97	27.46	89.9
9/06/2018 8:45:58 PM	3611385958	1013.00	28.34	27.47	86.9	27.59	27.47	93.2	27.03	27.47	98.3	27.95	27.47	90.1
9/06/2018 8:45:59 PM	3611385959	1013.00	28.29	27.47	87.3	27.64	27.47	92.8	27.05	27.47	98.1	28.01	27.47	89.6
9/06/2018 8:46:00 PM	3611385960	1013.00	28.38	27.47	86.6	27.68	27.47	92.4	27.04	27.47	98.2	27.99	27.47	89.8
9/06/2018 8:46:01 PM	3611385961	1013.00	28.35	27.47	86.9	27.69	27.47	92.3	27.06	27.47	98.0	27.96	27.47	90.0
9/06/2018 8:46:02 PM	3611385962	1013.00	28.35	27.48	86.8	27.66	27.48	92.6	27.08	27.48	97.8	28.05	27.48	89.3
9/06/2018 8:46:03 PM	3611385963	1013.00	28.35	27.47	86.9	27.69	27.47	92.3	27.06	27.47	98.0	28.01	27.47	89.6
9/06/2018 8:46:04 PM	3611385964	1013.00	28.37	27.47	86.7	27.77	27.47	91.7	27.07	27.47	97.9	27.99	27.47	89.8
9/06/2018 8:46:05 PM	3611385965	1013.00	28.34	27.47	86.9	27.63	27.47	92.9	27.08	27.47	97.8	27.95	27.47	90.1
9/06/2018 8:46:06 PM	3611385966	1013.00	28.36	27.47	86.8	27.73	27.47	92.0	27.05	27.47	98.1	28.01	27.47	89.6
9/06/2018 8:46:07 PM	3611385967	1013.00	28.35	27.47	86.9	27.64	27.47	92.8	27.08	27.47	97.8	28.00	27.47	89.7
9/06/2018 8:46:08 PM	3611385968	1013.00	28.36	27.48	86.8	27.65	27.48	92.7	27.07	27.48	97.9	28.01	27.48	89.6
9/06/2018 8:46:09 PM	3611385969	1013.00	28.39	27.48	86.5	27.69	27.48	92.3	27.11	27.48	97.5	28.00	27.48	89.7
9/06/2018 8:46:10 PM	3611385970	1013.00	28.38	27.48	86.6	27.65	27.48	92.7	27.05	27.48	98.1	27.99	27.48	89.8
9/06/2018 8:46:11 PM	3611385971	1013.00	28.42	27.48	86.3	27.64	27.48	92.8	27.09	27.48	97.7	28.00	27.48	89.7
9/06/2018 8:46:12 PM	3611385972	1013.00	28.39	27.47	86.5	27.69	27.47	92.3	27.08	27.47	97.8	27.99	27.47	89.8
9/06/2018 8:46:13 PM	3611385973	1013.00	28.41	27.47	86.4	27.72	27.47	92.1	27.10	27.47	97.6	28.01	27.47	89.6
9/06/2018 8:46:14 PM	3611385974	1013.00	28.42	27.48	86.3	27.62	27.48	92.9	27.09	27.48	97.7	28.01	27.48	89.6
9/06/2018 8:46:15 PM	3611385975	1013.00	28.39	27.48	86.5	27.68	27.48	92.4	27.10	27.48	97.6	28.01	27.48	89.6
9/06/2018 8:46:16 PM	3611385976	1013.00	28.41	27.49	86.3	27.72	27.49	92.1	27.08	27.49	97.8	28.01	27.49	89.6
9/06/2018 8:46:17 PM	3611385977	1013.00	28.43	27.49	86.2	27.70	27.49	92.2	27.11	27.49	97.5	27.98	27.49	89.8
9/06/2018 8:46:18 PM	3611385978	1013.00	28.41	27.50	86.3	27.75	27.50	91.8	27.12	27.50	97.4	28.00	27.50	89.6
9/06/2018 8:46:19 PM	3611385979	1013.00	28.42	27.49	86.3	27.72	27.49	92.1	27.08	27.49	97.8	28.03	27.49	89.4
9/06/2018 8:46:20 PM	3611385980	1013.00	28.45	27.49	86.0	27.73	27.49	92.0	27.11	27.49	97.5	28.01	27.49	89.6
9/06/2018 8:46:21 PM	3611385981	1013.00	28.41	27.49	86.3	27.71	27.49	92.1	27.09	27.49	97.7	28.06	27.49	89.2
9/06/2018 8:46:22 PM	3611385982	1013.00	28.44	27.49	86.1	27.72	27.49	92.1	27.11	27.49	97.5	28.06	27.49	89.2
9/06/2018 8:46:23 PM	3611385983	1013.00	28.47	27.50	85.8	27.74	27.50	91.9	27.10	27.50	97.6	28.07	27.50	89.1
9/06/2018 8:46:24 PM	3611385984	1013.00	28.48	27.50	85.8	27.70	27.50	92.2	27.11	27.50	97.5	28.09	27.50	88.9
9/06/2018 8:46:25 PM	3611385985	1013.00	28.45	27.50	86.0	27.78	27.50	91.5	27.10	27.50	97.6	28.07	27.50	89.1
9/06/2018 8:46:26 PM	3611385986	1013.00	28.47	27.51	85.8	27.70	27.51	92.2	27.09	27.51	97.6	28.14	27.51	88.5
9/06/2018 8:46:27 PM	3611385987	1013.00	28.47	27.50	85.8	27.74	27.50	91.9	27.13	27.50	97.3	28.14	27.50	88.5
9/06/2018 8:46:28 PM	3611385988	1013.00	28.50	27.51	85.6	27.76	27.51	91.7	27.10	27.51	97.5	28.17	27.51	88.2
9/06/2018 8:46:29 PM	3611385989	1013.00	28.50	27.50	85.6	27.78	27.50	91.5	27.16	27.50	97.0	28.15	27.50	88.4
9/06/2018 8:46:30 PM	3611385990	1013.00	28.50	27.50	85.6	27.73	27.50	92.0	27.13	27.50	97.3	28.20	27.50	88.0
9/06/2018 8:46:31 PM	3611385991	1013.00	28.50	27.50	85.6	27.74	27.50	91.9	27.12	27.50	97.4	28.20	27.50	88.0
9/06/2018 8:46:32 PM	3611385992	1013.00	28.49	27.51	85.7	27.77	27.51	91.6	27.14	27.51	97.2	28.22	27.51	87.8
9/06/2018 8:46:33 PM	3611385993	1013.00	28.51	27.50	85.5	27.81	27.50	91.3	27.15	27.50	97.1	28.23	27.50	87.7
9/06/2018 8:46:34 PM	3611385994	1013.00	28.55	27.50	85.2	27.74	27.50	91.9	27.14	27.50	97.2	28.24	27.50	87.7
9/06/2018 8:46:35 PM	3611385995	1013.00	28.56	27.51	85.1	27.73	27.51	91.9	27.12	27.51	97.4	28.24	27.51	87.6
9/06/2018 8:46:36 PM	3611385996	1013.00	28.50	27.51	85.6	27.74	27.51	91.9	27.12	27.51	97.4	28.26	27.51	87.5
9/06/2018 8:46:37 PM	3611385997	1013.00	28.53	27.50	85.4	27.73	27.50	92.0	27.14	27.50	97.2	28.28	27.50	87.3
9/06/2018 8:46:38 PM	3611385998	1013.00	28.55	27.51	85.2	27.79	27.51	91.4	27.12	27.51	97.4	28.26	27.51	87.5
9/06/2018 8:46:39 PM	3611385999	1013.00	28.55	27.51	85.2	27.80	27.51	91.3	27.12	27.51	97.4	28.26	27.51	87.5
9/06/2018 8:46:40 PM	3611386000	1013.00	28.58	27.51	85.0	27.85	27.51	90.9	27.13	27.51	97.3	28.29	27.51	87.2
9/06/2018 8:46:41 PM	3611386001	1013.00	28.59	27.51	84.9	27.87	27.51	90.7	27.15	27.51	97.1	28.29	27.51	87.2
9/06/2018 8:46:42 PM	3611386002	1013.00	28.62	27.51	84.7	27.83	27.51	91.1	27.15	27.51	97.1	28.30	27.51	87.2
9/06/2018 8:46:43 PM	3611386003	1013.00	28.60	27.52	84.8	27.82	27.52	91.2	27.14	27.52	97.2	28.27	27.52	87.4
9/06/2018 8:46:44 PM	3611386004	1013.00	28.60	27.51	84.8	27.87	27.51	90.7	27.15	27.51	97.1	28.33	27.51	86.9
9/06/2018 8:46:45 PM	3611386005	1013.00	28.61	27.52	84.7	27.82	27.52	91.2	27.12	27.52	97.3	28.34	27.52	86.8
9/06/2018 8:46:46 PM	3611386006	1013.00	28.62	27.52	84.6	27.92	27.52	90.3	27.14	27.52	97.2	28.29	27.52	87.2
9/06/2018 8:46:47 PM	3611386007	1013.00	28.59	27.52	84.9	27.90	27.52	90.5	27.16	27.52	97.0	28.40	27.52	86.3
9/06/2018 8:46:48 PM	3611386008	1013.00	28.62	27.52	84.6	27.90	27.52	90.5	27.14	27.52	97.2	28.41	27.52	86.3
9/06/2018 8:46:49 PM	3611386009	1013.00	28.62	27.52	84.6	27.90	27.52	90.5	27.17	27.52	96.9	28.34	27.52	86.8
9/06/2018 8:46:50 PM	3611386010	1013.00	28.61	27.52	84.7	27.88	27.52	90.6	27.18	27.52	96.8	28.34	27.52	86.8
9/06/2018 8:46:51 PM	3611386011	1013.00	28.62	27.52	84.6	27.86	27.52	90.8	27.17	27.52	96.9	28.38	27.52	86.5
9/06/2018 8:46:52 PM	3611386012	1013.00	28.67	27.52	84.3	27.87	27.52	90.7	27.17	27.52	96.9	28.38	27.52	86.5
9/06/2018 8:46:53 PM	3611386013	1013.00	28.65	27.52	84.4	27.95	27.52	90.1	27.17	27.52	96.9	28.40	27.52	86.3
9/06/2018 8:46:54 PM	3611386014	1013.00	28.66	27.52	84.3	27.99	27.52	89.7	27.19	27.52	96.7	28.43	27.52	86.1
9/06/2018 8:46:55 PM	3611386015	1013.00	28.67	27.52	84.3	27.92	27.52	90.3	27.16	27.52	97.0	28.46	27.52	85.9
9/06/2018 8:46:56 PM	3611386016	1013.00	28.67	27.52	84.3	27.95	27.52	90.1	27.14	27.52	97.2	28.52	27.52	85.4
9/06/2018 8:46:57 PM	3611386017	1013.00	28.69	27.53	84.1	27.97	27.53	89.9	27.17	27.53	96.9	28.54	27.53	85.2
9/06/2018 8:46:58 PM	3611386018	1013.00	28.70	27.53	84.0	27.97	27.53	89.9	27.21	27.53	96.5	28.55	27.53	85.1
9/06/2018 8:46:59 PM	3611386019	1013.00	28.67	27.52	84.3	27.95	27.52	90.1	27.19	27.52	96.7	28.58	27.52	84.9
9/06/2018 8:47:00 PM	3611386020	1013.00	28.69	27.52	84.1	27.97	27.52	89.9	27.18	27.52	96.8	28.63	27.52	84.5
9/06/2018 8:47:01 PM	3611386021	1013.00	28.67	27.53	84.2	28.00	27.53	89.6	27.15	27.53	97.1	28.56	27.53	85.1
9/06/2018 8:47:02 PM	3611386022	1013.00	28.70	27.53	84.0	27.99	27.53	89.7	27.20	27.53	96.6	28.58	27.53	84.9
9/06/2018 8:47:03 PM	3611386023	1013.00	28.71	27.53	83.9	27.98	27.53	89.8	27.18	27.53	96.8	28.59	27.53	84.8
9/06/2018 8:47:04 PM	3611386024	1013.00	28.72	27.54	83.8	28.08	27.54	88.9	27.20	27.54	96.6	28.63	27.54	84.5
9/06/2018 8:47:05 PM	3611386025	1013.00	28.72	27.54	83.8	28.01	27.54	89.5	27.20	27.54	96.6	28.63	27.54	84.5
9/06/2018 8:47:06 PM	3611386026	1013.00	28.69	27.54	84.1	27.99	27.54	89.7	27.22	27.54	96.4	28.69	27.54	84.0
9/06/2018 8:47:07 PM	3611386027	1013.00	28.71	27.54	83.9	28.10	27.54	88.8	27.18	27.54	96.8	28.66	27.54	84.3
9/06/2018 8:47:08 PM	3611386028	1013.00	28.73	27.54	83.8	28.04	27.54	89.3	27.22	27.54	96.4	28.65	27.54	84.4
9/06/2018 8:47:09 PM	3611386029	1013.00	28.75	27.54	83.6	28.06	27.54	89.1	27.18	27.54	96.8	28.66	27.54	84.3
9/06/2018 8:47:10 PM	3611386030	1013.00	28.71	27.54	83.9	28.08	27.54	88.9	27.20	27.54	96.6	28.68	27.54	84.1
9/06/2018 8:47:11 PM	3611386031	1013.00	28.73	27.54	83.8	28.06	27.54	89.1	27.21	27.54	96.5	28.66	27.54	84.3
9/06/2018 8:47:12 PM	3611386032	1013.00	28.76	27.54	83.5	28.05	27.54	89.2	27.20	27.54	96.6	28.72	27.54	83.8
9/06/2018 8:47:13 PM	3611386033	1013.00	28.74	27.54	83.7	28.10	27.54	88.8	27.19	27.54	96.7	28.68	27.54	84.1
9/06/2018 8:47:14 PM	3611386034	1013.00	28.77	27.53	83.5	28.05	27.53	89.2	27.21	27.53	96.5	28.67	27.53	84.2
9/06/2018 8:47:15 PM	3611386035	1013.00	28.80	27.53	83.2	28.11	27.53	88.7	27.20	27.53	96.6	28.68	27.53	84.1
9/06/2018 8:47:16 PM	3611386036	1013.00	28.81	27.54	83.2	28.08	27.54	88.9	27.20	27.54	96.6	28.70	27.54	84.0
9/06/2018 8:47:17 PM	3611386037	1013.00	28.80	27.54	83.2	28.04	27.54	89.3	27.19	27.54	96.7	28.75	27.54	83.6
9/06/2018 8:47:18 PM	3611386038	1013.00	28.77	27.54	83.5	28.06	27.54	89.1	27.20	27.54	96.6	28.70	27.54	84.0
9/06/2018 8:47:19 PM	3611386039	1013.00	28.79	27.54	83.3	28.01	27.54	89.5	27.21	27.54	96.5	28.73	27.54	83.7
9/06/2018 8:47:20 PM	3611386040	1013.00	28.79	27.54	83.3	28.09	27.54	88.9	27.25	27.54	96.1	28.74	27.54	83.7
9/06/2018 8:47:21 PM	3611386041	1013.00	28.85	27.54	82.8	28.11	27.54	88.7	27.24	27.54	96.2	28.72	27.54	83.8
9/06/2018 8:47:22 PM	3611386042	1013.00	28.82	27.54	83.1	28.12	27.54	88.6	27.22	27.54	96.4	28.73	27.54	83.7
9/06/2018 8:47:23 PM	3611386043	1013.00	28.82	27.54	83.1	28.16	27.54	88.3	27.25	27.54	96.1	28.76	27.54	83.5
9/06/2018 8:47:24 PM	3611386044	1013.00	28.84	27.54	82.9	28.16	27.54	88.3	27.24	27.54	96.2	28.72	27.54	83.8
9/06/2018 8:47:25 PM	3611386045	1013.00	28.84	27.55	82.9	28.19	27.55	88.0	27.25	27.55	96.1	28.74	27.55	83.6
9/06/2018 8:47:26 PM	3611386046	1013.00	28.86	27.55	82.8	28.15	27.55	88.4	27.22	27.55	96.4	28.75	27.55	83.6
9/06/2018 8:47:27 PM	3611386047	1013.00	28.84	27.55	82.9	28.16	27.55	88.3	27.23	27.55	96.3	28.78	27.55	83.3
9/06/2018 8:47:28 PM	3611386048	1013.00	28.85	27.55	82.8	28.10	27.55	88.8	27.23	27.55	96.3	28.74	27.55	83.6
9/06/2018 8:47:29 PM	3611386049	1013.00	28.87	27.55	82.7	28.23	27.55	87.7	27.24	27.55	96.2	28.70	27.55	84.0
9/06/2018 8:47:30 PM	3611386050	1013.00	28.82	27.55	83.1	28.17	27.55	88.2	27.21	27.55	96.5	28.74	27.55	83.6
9/06/2018 8:47:31 PM	3611386051	1013.00	28.88	27.54	82.6	28.24	27.54	87.6	27.28	27.54	95.8	28.74	27.54	83.7
9/06/2018 8:47:32 PM	3611386052	1013.00	28.90	27.54	82.5	28.15	27.54	88.4	27.26	27.54	96.0	28.77	27.54	83.4
9/06/2018 8:47:33 PM	3611386053	1013.00	28.88	27.55	82.6	28.17	27.55	88.2	27.28	27.55	95.8	28.78	27.55	83.3
9/06/2018 8:47:34 PM	3611386054	1013.00	28.87	27.55	82.7	28.17	27.55	88.2	27.25	27.55	96.1	28.77	27.55	83.4
9/06/2018 8:47:35 PM	3611386055	1013.00	28.86	27.55	82.8	28.24	27.55	87.6	27.28	27.55	95.8	28.74	27.55	83.6
9/06/2018 8:47:36 PM	3611386056	1013.00	28.89	27.55	82.5	28.23	27.55	87.7	27.29	27.55	95.7	28.74	27.55	83.6
9/06/2018 8:47:37 PM	3611386057	1013.00	28.87	27.55	82.7	28.25	27.55	87.5	27.30	27.55	95.7	28.76	27.55	83.5
9/06/2018 8:47:38 PM	3611386058	1013.00	28.87	27.56	82.7	28.24	27.56	87.6	27.30	27.56	95.6	28.77	27.56	83.4
9/06/2018 8:47:39 PM	3611386059	1013.00	28.89	27.56	82.5	28.19	27.56	88.0	27.26	27.56	96.0	28.76	27.56	83.5
9/06/2018 8:47:40 PM	3611386060	1013.00	28.92	27.56	82.3	28.20	27.56	87.9	27.28	27.56	95.8	28.73	27.56	83.7
9/06/2018 8:47:41 PM	3611386061	1013.00	28.86	27.56	82.7	28.27	27.56	87.4	27.27	27.56	95.9	28.75	27.56	83.6
9/06/2018 8:47:42 PM	3611386062	1013.00	28.87	27.56	82.7	28.20	27.56	87.9	27.28	27.56	95.8	28.74	27.56	83.6
9/06/2018 8:47:43 PM	3611386063	1013.00	28.88	27.55	82.6	28.28	27.55	87.3	27.31	27.55	95.6	28.73	27.55	83.7
9/06/2018 8:47:44 PM	3611386064	1013.00	28.89	27.55	82.5	28.31	27.55	87.1	27.24	27.55	96.2	28.72	27.55	83.8
9/06/2018 8:47:45 PM	3611386065	1013.00	28.91	27.55	82.4	28.26	27.55	87.5	27.30	27.55	95.7	28.76	27.55	83.5
9/06/2018 8:47:46 PM	3611386066	1013.00	28.87	27.54	82.7	28.27	27.54	87.4	27.27	27.54	95.9	28.75	27.54	83.6
9/06/2018 8:47:47 PM	3611386067	1013.00	28.92	27.54	82.3	28.29	27.54	87.2	27.29	27.54	95.8	28.73	27.54	83.7
9/06/2018 8:47:48 PM	3611386068	1013.00	28.91	27.55	82.4	28.30	27.55	87.1	27.31	27.55	95.6	28.77	27.55	83.4
9/06/2018 8:47:49 PM	3611386069	1013.00	28.98	27.55	81.9	28.28	27.55	87.3	27.32	27.55	95.5	28.77	27.55	83.4
9/06/2018 8:47:50 PM	3611386070	1013.00	28.94	27.56	82.1	28.31	27.56	87.0	27.33	27.56	95.4	28.72	27.56	83.8
9/06/2018 8:47:51 PM	3611386071	1013.00	28.96	27.56	82.0	28.31	27.56	87.0	27.34	27.56	95.3	28.78	27.56	83.3
9/06/2018 8:47:52 PM	3611386072	1013.00	28.96	27.56	82.0	28.23	27.56	87.7	27.34	27.56	95.3	28.76	27.56	83.5
9/06/2018 8:47:53 PM	3611386073	1013.00	28.99	27.56	81.8	28.33	27.56	86.9	27.35	27.56	95.2	28.75	27.56	83.6
9/06/2018 8:47:54 PM	3611386074	1013.00	28.96	27.56	82.0	28.31	27.56	87.0	27.32	27.56	95.5	28.78	27.56	83.3
9/06/2018 8:47:55 PM	3611386075	1013.00	28.99	27.56	81.8	28.30	27.56	87.1	27.29	27.56	95.7	28.77	27.56	83.4
9/06/2018 8:47:56 PM	3611386076	1013.00	28.99	27.55	81.8	28.33	27.55	86.9	27.34	27.55	95.3	28.75	27.55	83.6
9/06/2018 8:47:57 PM	3611386077	1013.00	28.98	27.56	81.8	28.33	27.56	86.9	27.34	27.56	95.3	28.76	27.56	83.5
9/06/2018 8:47:58 PM	3611386078	1013.00	29.01	27.56	81.6	28.40	27.56	86.3	27.34	27.56	95.3	28.76	27.56	83.5
9/06/2018 8:47:59 PM	3611386079	1013.00	28.98	27.56	81.8	28.32	27.56	87.0	27.36	27.56	95.1	28.77	27.56	83.4
9/06/2018 8:48:00 PM	3611386080	1013.00	29.03	27.56	81.5	28.38	27.56	86.5	27.33	27.56	95.4	28.80	27.56	83.2
9/06/2018 8:48:01 PM	3611386081	1013.00	29.04	27.56	81.4	28.33	27.56	86.9	27.35	27.56	95.2	28.81	27.56	83.1
9/06/2018 8:48:02 PM	3611386082	1013.00	29.03	27.56	81.5	28.37	27.56	86.6	27.37	27.56	95.0	28.79	27.56	83.2
9/06/2018 8:48:03 PM	3611386083	1013.00	29.05	27.56	81.3	28.35	27.56	86.7	27.35	27.56	95.2	28.80	27.56	83.2
9/06/2018 8:48:04 PM	3611386084	1013.00	29.02	27.56	81.5	28.33	27.56	86.9	27.35	27.56	95.2	28.77	27.56	83.4
9/06/2018 8:48:05 PM	3611386085	1013.00	29.06	27.56	81.2	28.33	27.56	86.9	27.39	27.56	94.8	28.82	27.56	83.0
9/06/2018 8:48:06 PM	3611386086	1013.00	29.02	27.56	81.5	28.37	27.56	86.6	27.39	27.56	94.8	28.77	27.56	83.4
9/06/2018 8:48:07 PM	3611386087	1013.00	29.04	27.57	81.4	28.32	27.57	86.9	27.39	27.57	94.8	28.80	27.57	83.2
9/06/2018 8:48:08 PM	3611386088	1013.00	29.06	27.57	81.2	28.35	27.57	86.7	27.36	27.57	95.1	28.76	27.57	83.5
9/06/2018 8:48:09 PM	3611386089	1013.00	29.06	27.57	81.2	28.38	27.57	86.5	27.37	27.57	95.0	28.83	27.57	82.9
9/06/2018 8:48:10 PM	3611386090	1013.00	29.05	27.58	81.3	28.34	27.58	86.8	27.40	27.58	94.7	28.76	27.58	83.4
9/06/2018 8:48:11 PM	3611386091	1013.00	29.06	27.58	81.2	28.33	27.58	86.8	27.43	27.58	94.4	28.78	27.58	83.3
9/06/2018 8:48:12 PM	3611386092	1013.00	29.06	27.58	81.2	28.38	27.58	86.4	27.40	27.58	94.7	28.80	27.58	83.1
9/06/2018 8:48:13 PM	3611386093	1013.00	29.10	27.57	80.9	28.37	27.57	86.5	27.38	27.57	94.9	28.75	27.57	83.5
9/06/2018 8:48:14 PM	3611386094	1013.00	29.04	27.57	81.4	28.37	27.57	86.5	27.36	27.57	95.1	28.75	27.57	83.5
9/06/2018 8:48:15 PM	3611386095	1013.00	29.08	27.57	81.1	28.39	27.57	86.4	27.38	27.57	94.9	28.79	27.57	83.2
9/06/2018 8:48:16 PM	3611386096	1013.00	29.05	27.57	81.3	28.37	27.57	86.5	27.39	27.57	94.8	28.81	27.57	83.1
9/06/2018 8:48:17 PM	3611386097	1013.00	29.09	27.57	81.0	28.40	27.57	86.3	27.42	27.57	94.5	28.81	27.57	83.1
9/06/2018 8:48:18 PM	3611386098	1013.00	29.12	27.58	80.8	28.32	27.58	86.9	27.39	27.58	94.8	28.83	27.58	82.9
9/06/2018 8:48:19 PM	3611386099	1013.00	29.08	27.57	81.1	28.41	27.57	86.2	27.39	27.57	94.8	28.83	27.57	82.9
9/06/2018 8:48:20 PM	3611386100	1013.00	29.12	27.58	80.8	28.35	27.58	86.7	27.42	27.58	94.5	28.85	27.58	82.8
9/06/2018 8:48:21 PM	3611386101	1013.00	29.15	27.57	80.6	28.36	27.57	86.6	27.40	27.57	94.7	28.87	27.57	82.6
9/06/2018 8:48:22 PM	3611386102	1013.00	29.15	27.57	80.6	28.38	27.57	86.5	27.40	27.57	94.7	28.89	27.57	82.5
9/06/2018 8:48:23 PM	3611386103	1013.00	29.15	27.56	80.6	28.42	27.56	86.2	27.41	27.56	94.6	28.88	27.56	82.6
9/06/2018 8:48:24 PM	3611386104	1013.00	29.14	27.57	80.6	28.40	27.57	86.3	27.44	27.57	94.4	28.88	27.57	82.6
9/06/2018 8:48:25 PM	3611386105	1013.00	29.14	27.56	80.7	28.35	27.56	86.7	27.47	27.56	94.1	28.90	27.56	82.4
9/06/2018 8:48:26 PM	3611386106	1013.00	29.14	27.56	80.7	28.35	27.56	86.7	27.41	27.56	94.6	28.89	27.56	82.5
9/06/2018 8:48:27 PM	3611386107	1013.00	29.14	27.56	80.7	28.42	27.56	86.2	27.44	27.56	94.4	28.92	27.56	82.3
9/06/2018 8:48:28 PM	3611386108	1013.00	29.15	27.57	80.6	28.43	27.57	86.1	27.42	27.57	94.5	28.97	27.57	81.9
9/06/2018 8:48:29 PM	3611386109	1013.00	29.18	27.57	80.4	28.40	27.57	86.3	27.41	27.57	94.6	28.95	27.57	82.0
9/06/2018 8:48:30 PM	3611386110	1013.00	29.17	27.57	80.4	28.34	27.57	86.8	27.40	27.57	94.7	28.94	27.57	82.1
9/06/2018 8:48:31 PM	3611386111	1013.00	29.17	27.58	80.4	28.44	27.58	86.0	27.44	27.58	94.3	28.99	27.58	81.7
9/06/2018 8:48:32 PM	3611386112	1013.00	29.14	27.58	80.6	28.36	27.58	86.6	27.43	27.58	94.4	28.99	27.58	81.7
9/06/2018 8:48:33 PM	3611386113	1013.00	29.18	27.58	80.3	28.35	27.58	86.7	27.44	27.58	94.3	29.02	27.58	81.5
9/06/2018 8:48:34 PM	3611386114	1013.00	29.21	27.58	80.1	28.42	27.58	86.1	27.43	27.58	94.4	29.02	27.58	81.5
9/06/2018 8:48:35 PM	3611386115	1013.00	29.20	27.58	80.2	28.40	27.58	86.3	27.45	27.58	94.3	29.08	27.58	81.0
9/06/2018 8:48:36 PM	3611386116	1013.00	29.20	27.58	80.2	28.36	27.58	86.6	27.44	27.58	94.3	29.05	27.58	81.3
9/06/2018 8:48:37 PM	3611386117	1013.00	29.20	27.58	80.2	28.39	27.58	86.4	27.43	27.58	94.4	29.05	27.58	81.3
9/06/2018 8:48:38 PM	3611386118	1013.00	29.20	27.58	80.2	28.36	27.58	86.6	27.43	27.58	94.4	29.09	27.58	81.0
9/06/2018 8:48:39 PM	3611386119	1013.00	29.20	27.58	80.2	28.40	27.58	86.3	27.46	27.58	94.2	29.08	27.58	81.0
9/06/2018 8:48:40 PM	3611386120	1013.00	29.22	27.58	80.0	28.47	27.58	85.7	27.51	27.58	93.7	29.08	27.58	81.0
9/06/2018 8:48:41 PM	3611386121	1013.00	29.27	27.58	79.7	28.40	27.58	86.3	27.46	27.58	94.2	29.11	27.58	80.8
9/06/2018 8:48:42 PM	3611386122	1013.00	29.22	27.58	80.0	28.47	27.58	85.7	27.46	27.58	94.2	29.13	27.58	80.7
9/06/2018 8:48:43 PM	3611386123	1013.00	29.23	27.58	80.0	28.45	27.58	85.9	27.47	27.58	94.1	29.10	27.58	80.9
9/06/2018 8:48:44 PM	3611386124	1013.00	29.22	27.58	80.0	28.41	27.58	86.2	27.49	27.58	93.9	29.12	27.58	80.8
9/06/2018 8:48:45 PM	3611386125	1013.00	29.24	27.58	79.9	28.50	27.58	85.5	27.48	27.58	94.0	29.12	27.58	80.8
9/06/2018 8:48:46 PM	3611386126	1013.00	29.20	27.58	80.2	28.48	27.58	85.7	27.51	27.58	93.7	29.14	27.58	80.6
9/06/2018 8:48:47 PM	3611386127	1013.00	29.21	27.58	80.1	28.48	27.58	85.7	27.50	27.58	93.8	29.18	27.58	80.3
9/06/2018 8:48:48 PM	3611386128	1013.00	29.22	27.58	80.0	28.44	27.58	86.0	27.53	27.58	93.6	29.15	27.58	80.5
9/06/2018 8:48:49 PM	3611386129	1013.00	29.25	27.58	79.8	28.48	27.58	85.7	27.52	27.58	93.6	29.16	27.58	80.5
9/06/2018 8:48:50 PM	3611386130	1013.00	29.25	27.57	79.8	28.48	27.57	85.7	27.55	27.57	93.4	29.17	27.57	80.4
9/06/2018 8:48:51 PM	3611386131	1013.00	29.26	27.58	79.8	28.46	27.58	85.8	27.51	27.58	93.7	29.14	27.58	80.6
9/06/2018 8:48:52 PM	3611386132	1013.00	29.26	27.58	79.8	28.48	27.58	85.7	27.51	27.58	93.7	29.15	27.58	80.5
9/06/2018 8:48:53 PM	3611386133	1013.00	29.25	27.58	79.8	28.50	27.58	85.5	27.55	27.58	93.4	29.18	27.58	80.3
9/06/2018 8:48:54 PM	3611386134	1013.00	29.25	27.58	79.8	28.51	27.58	85.4	27.52	27.58	93.6	29.21	27.58	80.1
9/06/2018 8:48:55 PM	3611386135	1013.00	29.25	27.58	79.8	28.47	27.58	85.7	27.53	27.58	93.6	29.17	27.58	80.4
9/06/2018 8:48:56 PM	3611386136	1013.00	29.28	27.58	79.6	28.46	27.58	85.8	27.54	27.58	93.5	29.21	27.58	80.1
9/06/2018 8:48:57 PM	3611386137	1013.00	29.27	27.58	79.7	28.52	27.58	85.3	27.55	27.58	93.4	29.16	27.58	80.5
9/06/2018 8:48:58 PM	3611386138	1013.00	29.26	27.58	79.8	28.52	27.58	85.3	27.57	27.58	93.2	29.18	27.58	80.3
9/06/2018 8:48:59 PM	3611386139	1013.00	29.29	27.59	79.5	28.51	27.59	85.4	27.59	27.59	93.0	29.18	27.59	80.3
9/06/2018 8:49:00 PM	3611386140	1013.00	29.31	27.59	79.4	28.57	27.59	84.9	27.54	27.59	93.4	29.19	27.59	80.2
9/06/2018 8:49:01 PM	3611386141	1013.00	29.29	27.59	79.5	28.54	27.59	85.2	27.53	27.59	93.5	29.21	27.59	80.1
9/06/2018 8:49:02 PM	3611386142	1013.00	29.28	27.59	79.6	28.62	27.59	84.5	27.55	27.59	93.4	29.20	27.59	80.2
9/06/2018 8:49:03 PM	3611386143	1013.00	29.31	27.59	79.4	28.51	27.59	85.4	27.60	27.59	92.9	29.23	27.59	79.9
9/06/2018 8:49:04 PM	3611386144	1013.00	29.32	27.59	79.3	28.50	27.59	85.5	27.55	27.59	93.4	29.17	27.59	80.4
9/06/2018 8:49:05 PM	3611386145	1013.00	29.32	27.59	79.3	28.59	27.59	84.8	27.57	27.59	93.2	29.22	27.59	80.0
9/06/2018 8:49:06 PM	3611386146	1013.00	29.32	27.59	79.3	28.56	27.59	85.0	27.55	27.59	93.4	29.22	27.59	80.0
9/06/2018 8:49:07 PM	3611386147	1013.00	29.29	27.60	79.5	28.58	27.60	84.8	27.58	27.60	93.1	29.20	27.60	80.1
9/06/2018 8:49:08 PM	3611386148	1013.00	29.33	27.60	79.2	28.54	27.60	85.2	27.61	27.60	92.8	29.19	27.60	80.2
9/06/2018 8:49:09 PM	3611386149	1013.00	29.31	27.60	79.4	28.58	27.60	84.8	27.57	27.60	93.2	29.20	27.60	80.1
9/06/2018 8:49:10 PM	3611386150	1013.00	29.34	27.60	79.2	28.55	27.60	85.1	27.54	27.60	93.4	29.22	27.60	80.0
9/06/2018 8:49:11 PM	3611386151	1013.00	29.37	27.60	78.9	28.55	27.60	85.1	27.61	27.60	92.8	29.21	27.60	80.1
9/06/2018 8:49:12 PM	3611386152	1013.00	29.34	27.59	79.2	28.57	27.59	84.9	27.62	27.59	92.7	29.18	27.59	80.3
9/06/2018 8:49:13 PM	3611386153	1013.00	29.35	27.60	79.1	28.56	27.60	85.0	27.59	27.60	93.0	29.24	27.60	79.8
9/06/2018 8:49:14 PM	3611386154	1013.00	29.36	27.59	79.0	28.58	27.59	84.9	27.61	27.59	92.8	29.24	27.59	79.9
9/06/2018 8:49:15 PM	3611386155	1013.00	29.34	27.59	79.2	28.60	27.59	84.7	27.63	27.59	92.7	29.20	27.59	80.2
9/06/2018 8:49:16 PM	3611386156	1013.00	29.37	27.59	79.0	28.62	27.59	84.5	27.58	27.59	93.1	29.19	27.59	80.2
9/06/2018 8:49:17 PM	3611386157	1013.00	29.37	27.59	79.0	28.61	27.59	84.6	27.60	27.59	92.9	29.22	27.59	80.0
9/06/2018 8:49:18 PM	3611386158	1013.00	29.39	27.59	78.8	28.62	27.59	84.5	27.61	27.59	92.8	29.27	27.59	79.6
9/06/2018 8:49:19 PM	3611386159	1013.00	29.38	27.58	78.9	28.66	27.58	84.2	27.60	27.58	92.9	29.21	27.58	80.1
9/06/2018 8:49:20 PM	3611386160	1013.00	29.39	27.59	78.8	28.57	27.59	84.9	27.63	27.59	92.7	29.28	27.59	79.6
9/06/2018 8:49:21 PM	3611386161	1013.00	29.39	27.60	78.8	28.64	27.60	84.4	27.64	27.60	92.6	29.27	27.60	79.6
9/06/2018 8:49:22 PM	3611386162	1013.00	29.41	27.60	78.7	28.60	27.60	84.7	27.62	27.60	92.7	29.28	27.60	79.6
9/06/2018 8:49:23 PM	3611386163	1013.00	29.42	27.60	78.6	28.68	27.60	84.1	27.58	27.60	93.1	29.27	27.60	79.6
9/06/2018 8:49:24 PM	3611386164	1013.00	29.42	27.60	78.6	28.59	27.60	84.8	27.64	27.60	92.6	29.31	27.60	79.3
9/06/2018 8:49:25 PM	3611386165	1013.00	29.41	27.60	78.7	28.70	27.60	83.9	27.61	27.60	92.8	29.35	27.60	79.1
9/06/2018 8:49:26 PM	3611386166	1013.00	29.39	27.58	78.8	28.67	27.58	84.2	27.62	27.58	92.8	29.32	27.58	79.3
9/06/2018 8:49:27 PM	3611386167	1013.00	29.42	27.59	78.6	28.67	27.59	84.2	27.64	27.59	92.6	29.35	27.59	79.1
9/06/2018 8:49:28 PM	3611386168	1013.00	29.38	27.59	78.9	28.66	27.59	84.2	27.66	27.59	92.4	29.32	27.59	79.3
9/06/2018 8:49:29 PM	3611386169	1013.00	29.41	27.59	78.7	28.72	27.59	83.8	27.66	27.59	92.4	29.38	27.59	78.9
9/06/2018 8:49:30 PM	3611386170	1013.00	29.41	27.59	78.7	28.66	27.59	84.2	27.64	27.59	92.6	29.29	27.59	79.5
9/06/2018 8:49:31 PM	3611386171	1013.00	29.40	27.59	78.7	28.69	27.59	84.0	27.67	27.59	92.3	29.38	27.59	78.9
9/06/2018 8:49:32 PM	3611386172	1013.00	29.42	27.59	78.6	28.69	27.59	84.0	27.66	27.59	92.4	29.39	27.59	78.8
9/06/2018 8:49:33 PM	3611386173	1013.00	29.39	27.59	78.8	28.71	27.59	83.8	27.66	27.59	92.4	29.46	27.59	78.3
9/06/2018 8:49:34 PM	3611386174	1013.00	29.42	27.60	78.6	28.75	27.60	83.5	27.63	27.60	92.6	29.48	27.60	78.1
9/06/2018 8:49:35 PM	3611386175	1013.00	29.43	27.60	78.5	28.69	27.60	84.0	27.63	27.60	92.6	29.54	27.60	77.7
9/06/2018 8:49:36 PM	3611386176	1013.00	29.43	27.60	78.5	28.70	27.60	83.9	27.66	27.60	92.4	29.54	27.60	77.7
9/06/2018 8:49:37 PM	3611386177	1013.00	29.42	27.61	78.6	28.70	27.61	83.9	27.60	27.61	92.9	29.61	27.61	77.2
9/06/2018 8:49:38 PM	3611386178	1013.00	29.45	27.61	78.4	28.76	27.61	83.4	27.66	27.61	92.4	29.60	27.61	77.3
9/06/2018 8:49:39 PM	3611386179	1013.00	29.41	27.60	78.7	28.75	27.60	83.5	27.66	27.60	92.4	29.62	27.60	77.1
9/06/2018 8:49:40 PM	3611386180	1013.00	29.46	27.59	78.3	28.78	27.59	83.3	27.62	27.59	92.7	29.65	27.59	77.0
9/06/2018 8:49:41 PM	3611386181	1013.00	29.45	27.60	78.4	28.79	27.60	83.2	27.67	27.60	92.3	29.61	27.60	77.2
9/06/2018 8:49:42 PM	3611386182	1013.00	29.45	27.59	78.4	28.78	27.59	83.3	27.66	27.59	92.4	29.70	27.59	76.6
9/06/2018 8:49:43 PM	3611386183	1013.00	29.47	27.59	78.2	28.78	27.59	83.3	27.69	27.59	92.1	29.65	27.59	77.0
9/06/2018 8:49:44 PM	3611386184	1013.00	29.47	27.59	78.2	28.81	27.59	83.1	27.68	27.59	92.2	29.69	27.59	76.7
9/06/2018 8:49:45 PM	3611386185	1013.00	29.46	27.60	78.3	28.80	27.60	83.1	27.72	27.60	91.9	29.68	27.60	76.7
9/06/2018 8:49:46 PM	3611386186	1013.00	29.46	27.59	78.3	28.76	27.59	83.5	27.68	27.59	92.2	29.69	27.59	76.7
9/06/2018 8:49:47 PM	3611386187	1013.00	29.50	27.59	78.0	28.76	27.59	83.5	27.63	27.59	92.7	29.70	27.59	76.6
9/06/2018 8:49:48 PM	3611386188	1013.00	29.47	27.60	78.2	28.78	27.60	83.3	27.64	27.60	92.6	29.71	27.60	76.5
9/06/2018 8:49:49 PM	3611386189	1013.00	29.45	27.60	78.4	28.82	27.60	83.0	27.70	27.60	92.0	29.75	27.60	76.3
9/06/2018 8:49:50 PM	3611386190	1013.00	29.47	27.59	78.2	28.76	27.59	83.5	27.68	27.59	92.2	29.76	27.59	76.2
9/06/2018 8:49:51 PM	3611386191	1013.00	29.50	27.60	78.0	28.75	27.60	83.5	27.71	27.60	92.0	29.77	27.60	76.1
9/06/2018 8:49:52 PM	3611386192	1013.00	29.50	27.60	78.0	28.79	27.60	83.2	27.68	27.60	92.2	29.79	27.60	76.0
9/06/2018 8:49:53 PM	3611386193	1013.00	29.49	27.61	78.1	28.79	27.61	83.2	27.72	27.61	91.9	29.77	27.61	76.1
9/06/2018 8:49:54 PM	3611386194	1013.00	29.48	27.60	78.2	28.75	27.60	83.5	27.69	27.60	92.1	29.78	27.60	76.0
9/06/2018 8:49:55 PM	3611386195	1013.00	29.50	27.61	78.0	28.80	27.61	83.1	27.71	27.61	91.9	29.80	27.61	75.9
9/06/2018 8:49:56 PM	3611386196	1013.00	29.49	27.61	78.1	28.78	27.61	83.3	27.70	27.61	92.0	29.80	27.61	75.9
9/06/2018 8:49:57 PM	3611386197	1013.00	29.50	27.61	78.0	28.84	27.61	82.8	27.72	27.61	91.9	29.83	27.61	75.7
9/06/2018 8:49:58 PM	3611386198	1013.00	29.51	27.61	77.9	28.83	27.61	82.9	27.69	27.61	92.1	29.82	27.61	75.8
9/06/2018 8:49:59 PM	3611386199	1013.00	29.52	27.61	77.9	28.84	27.61	82.8	27.68	27.61	92.2	29.79	27.61	76.0
9/06/2018 8:50:00 PM	3611386200	1013.00	29.49	27.61	78.1	28.91	27.61	82.3	27.71	27.61	91.9	29.80	27.61	75.9
9/06/2018 8:50:01 PM	3611386201	1013.00	29.52	27.61	77.9	28.81	27.61	83.1	27.69	27.61	92.1	29.82	27.61	75.8
9/06/2018 8:50:02 PM	3611386202	1013.00	29.54	27.60	77.7	28.86	27.60	82.7	27.71	27.60	92.0	29.82	27.60	75.8
9/06/2018 8:50:03 PM	3611386203	1013.00	29.54	27.60	77.7	28.90	27.60	82.4	27.71	27.60	92.0	29.83	27.60	75.7
9/06/2018 8:50:04 PM	3611386204	1013.00	29.54	27.60	77.7	28.84	27.60	82.8	27.72	27.60	91.9	29.86	27.60	75.5
9/06/2018 8:50:05 PM	3611386205	1013.00	29.53	27.60	77.8	28.87	27.60	82.6	27.72	27.60	91.9	29.87	27.60	75.4
9/06/2018 8:50:06 PM	3611386206	1013.00	29.53	27.60	77.8	28.94	27.60	82.1	27.73	27.60	91.8	29.84	27.60	75.6
9/06/2018 8:50:07 PM	3611386207	1013.00	29.54	27.59	77.7	28.93	27.59	82.2	27.72	27.59	91.9	29.89	27.59	75.3
9/06/2018 8:50:08 PM	3611386208	1013.00	29.55	27.60	77.7	28.90	27.60	82.4	27.77	27.60	91.4	29.83	27.60	75.7
9/06/2018 8:50:09 PM	3611386209	1013.00	29.59	27.60	77.4	28.90	27.60	82.4	27.74	27.60	91.7	29.85	27.60	75.6
9/06/2018 8:50:10 PM	3611386210	1013.00	29.54	27.61	77.7	28.95	27.61	82.0	27.73	27.61	91.8	29.84	27.61	75.6
9/06/2018 8:50:11 PM	3611386211	1013.00	29.52	27.60	77.9	28.94	27.60	82.1	27.71	27.60	92.0	29.84	27.60	75.6
9/06/2018 8:50:12 PM	3611386212	1013.00	29.55	27.61	77.7	28.93	27.61	82.1	27.74	27.61	91.7	29.88	27.61	75.4
9/06/2018 8:50:13 PM	3611386213	1013.00	29.55	27.61	77.7	28.93	27.61	82.1	27.73	27.61	91.8	29.88	27.61	75.4
9/06/2018 8:50:14 PM	3611386214	1013.00	29.57	27.60	77.5	28.96	27.60	81.9	27.75	27.60	91.6	29.91	27.60	75.2
9/06/2018 8:50:15 PM	3611386215	1013.00	29.61	27.60	77.2	28.95	27.60	82.0	27.77	27.60	91.4	29.90	27.60	75.2
9/06/2018 8:50:16 PM	3611386216	1013.00	29.59	27.61	77.4	28.92	27.61	82.2	27.74	27.61	91.7	29.86	27.61	75.5
9/06/2018 8:50:17 PM	3611386217	1013.00	29.59	27.61	77.4	28.95	27.61	82.0	27.75	27.61	91.6	29.89	27.61	75.3
9/06/2018 8:50:18 PM	3611386218	1013.00	29.59	27.61	77.4	28.99	27.61	81.7	27.74	27.61	91.7	29.82	27.61	75.8
9/06/2018 8:50:19 PM	3611386219	1013.00	29.58	27.61	77.4	29.07	27.61	81.1	27.76	27.61	91.5	29.89	27.61	75.3
9/06/2018 8:50:20 PM	3611386220	1013.00	29.57	27.61	77.5	29.03	27.61	81.4	27.75	27.61	91.6	29.88	27.61	75.4
9/06/2018 8:50:21 PM	3611386221	1013.00	29.57	27.61	77.5	29.08	27.61	81.0	27.78	27.61	91.3	29.87	27.61	75.4
9/06/2018 8:50:22 PM	3611386222	1013.00	29.63	27.62	77.1	29.09	27.62	80.9	27.74	27.62	91.7	29.88	27.62	75.3
9/06/2018 8:50:23 PM	3611386223	1013.00	29.61	27.61	77.2	29.10	27.61	80.9	27.78	27.61	91.3	29.89	27.61	75.3
9/06/2018 8:50:24 PM	3611386224	1013.00	29.61	27.61	77.2	29.05	27.61	81.3	27.74	27.61	91.7	29.89	27.61	75.3
9/06/2018 8:50:25 PM	3611386225	1013.00	29.60	27.62	77.3	29.13	27.62	80.6	27.79	27.62	91.2	29.89	27.62	75.3
9/06/2018 8:50:26 PM	3611386226	1013.00	29.61	27.61	77.2	29.08	27.61	81.0	27.77	27.61	91.4	29.92	27.61	75.1
9/06/2018 8:50:27 PM	3611386227	1013.00	29.62	27.61	77.2	29.07	27.61	81.1	27.79	27.61	91.3	29.89	27.61	75.3
9/06/2018 8:50:28 PM	3611386228	1013.00	29.62	27.61	77.2	29.07	27.61	81.1	27.75	27.61	91.6	29.91	27.61	75.1
9/06/2018 8:50:29 PM	3611386229	1013.00	29.61	27.62	77.2	29.13	27.62	80.6	27.79	27.62	91.2	29.92	27.62	75.1
9/06/2018 8:50:30 PM	3611386230	1013.00	29.63	27.61	77.1	29.15	27.61	80.5	27.76	27.61	91.5	29.93	27.61	75.0
9/06/2018 8:50:31 PM	3611386231	1013.00	29.61	27.61	77.2	29.18	27.61	80.3	27.79	27.61	91.3	29.94	27.61	74.9
9/06/2018 8:50:32 PM	3611386232	1013.00	29.60	27.61	77.3	29.16	27.61	80.4	27.78	27.61	91.3	30.01	27.61	74.5
9/06/2018 8:50:33 PM	3611386233	1013.00	29.60	27.61	77.3	29.16	27.61	80.4	27.79	27.61	91.3	29.99	27.61	74.6
9/06/2018 8:50:34 PM	3611386234	1013.00	29.63	27.61	77.1	29.10	27.61	80.9	27.77	27.61	91.4	30.01	27.61	74.5
9/06/2018 8:50:35 PM	3611386235	1013.00	29.63	27.61	77.1	29.13	27.61	80.7	27.80	27.61	91.2	30.01	27.61	74.5
9/06/2018 8:50:36 PM	3611386236	1013.00	29.61	27.61	77.2	29.20	27.61	80.2	27.77	27.61	91.4	30.02	27.61	74.4
9/06/2018 8:50:37 PM	3611386237	1013.00	29.61	27.61	77.2	29.14	27.61	80.6	27.78	27.61	91.3	30.07	27.61	74.1
9/06/2018 8:50:38 PM	3611386238	1013.00	29.64	27.62	77.0	29.13	27.62	80.6	27.80	27.62	91.2	30.02	27.62	74.4
9/06/2018 8:50:39 PM	3611386239	1013.00	29.63	27.61	77.1	29.18	27.61	80.3	27.84	27.61	90.8	30.09	27.61	73.9
9/06/2018 8:50:40 PM	3611386240	1013.00	29.61	27.62	77.2	29.15	27.62	80.5	27.79	27.62	91.2	30.09	27.62	73.9
9/06/2018 8:50:41 PM	3611386241	1013.00	29.63	27.61	77.1	29.15	27.61	80.5	27.77	27.61	91.4	30.09	27.61	73.9
9/06/2018 8:50:42 PM	3611386242	1013.00	29.63	27.61	77.1	29.16	27.61	80.4	27.78	27.61	91.3	30.12	27.61	73.7
9/06/2018 8:50:43 PM	3611386243	1013.00	29.65	27.60	77.0	29.18	27.60	80.3	27.77	27.60	91.4	30.15	27.60	73.6
9/06/2018 8:50:44 PM	3611386244	1013.00	29.63	27.61	77.1	29.13	27.61	80.7	27.78	27.61	91.3	30.17	27.61	73.4
9/06/2018 8:50:45 PM	3611386245	1013.00	29.61	27.60	77.2	29.14	27.60	80.6	27.82	27.60	91.0	30.13	27.60	73.7
9/06/2018 8:50:46 PM	3611386246	1013.00	29.67	27.61	76.8	29.16	27.61	80.4	27.81	27.61	91.1	30.22	27.61	73.1
9/06/2018 8:50:47 PM	3611386247	1013.00	29.65	27.62	76.9	29.19	27.62	80.2	27.82	27.62	91.0	30.26	27.62	72.8
9/06/2018 8:50:48 PM	3611386248	1013.00	29.65	27.62	76.9	29.24	27.62	79.8	27.83	27.62	90.9	30.25	27.62	72.9
9/06/2018 8:50:49 PM	3611386249	1013.00	29.68	27.62	76.7	29.22	27.62	80.0	27.83	27.62	90.9	30.27	27.62	72.8
9/06/2018 8:50:50 PM	3611386250	1013.00	29.66	27.62	76.9	29.15	27.62	80.5	27.79	27.62	91.2	30.25	27.62	72.9
9/06/2018 8:50:51 PM	3611386251	1013.00	29.68	27.62	76.7	29.15	27.62	80.5	27.80	27.62	91.2	30.28	27.62	72.7
9/06/2018 8:50:52 PM	3611386252	1013.00	29.68	27.62	76.7	29.18	27.62	80.3	27.82	27.62	91.0	30.28	27.62	72.7
9/06/2018 8:50:53 PM	3611386253	1013.00	29.67	27.62	76.8	29.22	27.62	80.0	27.84	27.62	90.8	30.31	27.62	72.5
9/06/2018 8:50:54 PM	3611386254	1013.00	29.71	27.62	76.5	29.19	27.62	80.2	27.84	27.62	90.8	30.37	27.62	72.1
9/06/2018 8:50:55 PM	3611386255	1013.00	29.69	27.63	76.7	29.22	27.63	80.0	27.83	27.63	90.9	30.33	27.63	72.4
9/06/2018 8:50:56 PM	3611386256	1013.00	29.68	27.62	76.7	29.18	27.62	80.3	27.80	27.62	91.2	30.34	27.62	72.3
9/06/2018 8:50:57 PM	3611386257	1013.00	29.66	27.62	76.9	29.20	27.62	80.1	27.86	27.62	90.6	30.35	27.62	72.2
9/06/2018 8:50:58 PM	3611386258	1013.00	29.67	27.61	76.8	29.21	27.61	80.1	27.82	27.61	91.0	30.36	27.61	72.2
9/06/2018 8:50:59 PM	3611386259	1013.00	29.69	27.62	76.7	29.17	27.62	80.4	27.84	27.62	90.8	30.41	27.62	71.9
9/06/2018 8:51:00 PM	3611386260	1013.00	29.70	27.62	76.6	29.17	27.62	80.4	27.85	27.62	90.7	30.35	27.62	72.2
9/06/2018 8:51:01 PM	3611386261	1013.00	29.70	27.61	76.6	29.17	27.61	80.4	27.85	27.61	90.7	30.37	27.61	72.1
9/06/2018 8:51:02 PM	3611386262	1013.00	29.70	27.61	76.6	29.22	27.61	80.0	27.85	27.61	90.7	30.39	27.61	72.0
9/06/2018 8:51:03 PM	3611386263	1013.00	29.69	27.62	76.7	29.14	27.62	80.6	27.87	27.62	90.6	30.38	27.62	72.0
9/06/2018 8:51:04 PM	3611386264	1013.00	29.70	27.62	76.6	29.15	27.62	80.5	27.84	27.62	90.8	30.38	27.62	72.0
9/06/2018 8:51:05 PM	3611386265	1013.00	29.70	27.61	76.6	29.12	27.61	80.7	27.87	27.61	90.6	30.38	27.61	72.1
9/06/2018 8:51:06 PM	3611386266	1013.00	29.71	27.62	76.5	29.17	27.62	80.4	27.85	27.62	90.7	30.37	27.62	72.1
9/06/2018 8:51:07 PM	3611386267	1013.00	29.72	27.62	76.5	29.18	27.62	80.3	27.87	27.62	90.6	30.42	27.62	71.8
9/06/2018 8:51:08 PM	3611386268	1013.00	29.70	27.62	76.6	29.12	27.62	80.7	27.85	27.62	90.7	30.40	27.62	71.9
9/06/2018 8:51:09 PM	3611386269	1013.00	29.73	27.61	76.4	29.18	27.61	80.3	27.86	27.61	90.7	30.39	27.61	72.0
9/06/2018 8:51:10 PM	3611386270	1013.00	29.69	27.61	76.7	29.21	27.61	80.1	27.86	27.61	90.7	30.40	27.61	71.9
9/06/2018 8:51:11 PM	3611386271	1013.00	29.70	27.61	76.6	29.18	27.61	80.3	27.86	27.61	90.7	30.36	27.61	72.2
9/06/2018 8:51:12 PM	3611386272	1013.00	29.72	27.61	76.5	29.16	27.61	80.4	27.89	27.61	90.4	30.43	27.61	71.7
9/06/2018 8:51:13 PM	3611386273	1013.00	29.73	27.61	76.4	29.14	27.61	80.6	27.88	27.61	90.5	30.39	27.61	72.0
9/06/2018 8:51:14 PM	3611386274	1013.00	29.73	27.62	76.4	29.20	27.62	80.1	27.87	27.62	90.6	30.39	27.62	72.0
9/06/2018 8:51:15 PM	3611386275	1013.00	29.73	27.62	76.4	29.28	27.62	79.6	27.91	27.62	90.2	30.42	27.62	71.8
9/06/2018 8:51:16 PM	3611386276	1013.00	29.74	27.62	76.3	29.22	27.62	80.0	27.90	27.62	90.3	30.43	27.62	71.7
9/06/2018 8:51:17 PM	3611386277	1013.00	29.72	27.62	76.5	29.27	27.62	79.6	27.95	27.62	89.9	30.45	27.62	71.6
9/06/2018 8:51:18 PM	3611386278	1013.00	29.73	27.62	76.4	29.29	27.62	79.5	27.93	27.62	90.1	30.44	27.62	71.7
9/06/2018 8:51:19 PM	3611386279	1013.00	29.70	27.62	76.6	29.22	27.62	80.0	27.88	27.62	90.5	30.44	27.62	71.7
9/06/2018 8:51:20 PM	3611386280	1013.00	29.73	27.62	76.4	29.30	27.62	79.4	27.92	27.62	90.1	30.49	27.62	71.3
9/06/2018 8:51:21 PM	3611386281	1013.00	29.73	27.63	76.4	29.35	27.63	79.0	27.91	27.63	90.2	30.49	27.63	71.3
9/06/2018 8:51:22 PM	3611386282	1013.00	29.72	27.63	76.4	29.32	27.63	79.3	27.96	27.63	89.8	30.53	27.63	71.1
9/06/2018 8:51:23 PM	3611386283	1013.00	29.72	27.62	76.5	29.33	27.62	79.2	27.92	27.62	90.1	30.52	27.62	71.2
9/06/2018 8:51:24 PM	3611386284	1013.00	29.72	27.62	76.5	29.28	27.62	79.6	27.92	27.62	90.1	30.53	27.62	71.1
9/06/2018 8:51:25 PM	3611386285	1013.00	29.73	27.62	76.4	29.32	27.62	79.3	27.90	27.62	90.3	30.56	27.62	70.9
9/06/2018 8:51:26 PM	3611386286	1013.00	29.71	27.62	76.5	29.32	27.62	79.3	27.95	27.62	89.9	30.54	27.62	71.0
9/06/2018 8:51:27 PM	3611386287	1013.00	29.74	27.62	76.3	29.30	27.62	79.4	27.96	27.62	89.8	30.59	27.62	70.7
9/06/2018 8:51:28 PM	3611386288	1013.00	29.71	27.62	76.5	29.33	27.62	79.2	27.97	27.62	89.7	30.58	27.62	70.8
9/06/2018 8:51:29 PM	3611386289	1013.00	29.72	27.62	76.5	29.28	27.62	79.6	27.94	27.62	90.0	30.61	27.62	70.6
9/06/2018 8:51:30 PM	3611386290	1013.00	29.70	27.62	76.6	29.32	27.62	79.3	27.92	27.62	90.1	30.62	27.62	70.5
9/06/2018 8:51:31 PM	3611386291	1013.00	29.73	27.62	76.4	29.37	27.62	78.9	28.00	27.62	89.5	30.60	27.62	70.6
9/06/2018 8:51:32 PM	3611386292	1013.00	29.74	27.62	76.3	29.27	27.62	79.6	27.97	27.62	89.7	30.61	27.62	70.6
9/06/2018 8:51:33 PM	3611386293	1013.00	29.71	27.62	76.5	29.36	27.62	79.0	27.98	27.62	89.6	30.64	27.62	70.4
9/06/2018 8:51:34 PM	3611386294	1013.00	29.73	27.62	76.4	29.31	27.62	79.3	27.98	27.62	89.6	30.64	27.62	70.4
9/06/2018 8:51:35 PM	3611386295	1013.00	29.72	27.63	76.4	29.30	27.63	79.4	27.98	27.63	89.6	30.65	27.63	70.3
9/06/2018 8:51:36 PM	3611386296	1013.00	29.73	27.63	76.4	29.35	27.63	79.0	28.00	27.63	89.5	30.69	27.63	70.1
9/06/2018 8:51:37 PM	3611386297	1013.00	29.72	27.63	76.4	29.32	27.63	79.3	27.99	27.63	89.5	30.66	27.63	70.3
9/06/2018 8:51:38 PM	3611386298	1013.00	29.70	27.63	76.6	29.32	27.63	79.3	27.97	27.63	89.7	30.67	27.63	70.2
9/06/2018 8:51:39 PM	3611386299	1013.00	29.72	27.63	76.4	29.37	27.63	78.9	27.99	27.63	89.5	30.68	27.63	70.1
9/06/2018 8:51:40 PM	3611386300	1013.00	29.72	27.63	76.4	29.38	27.63	78.8	28.03	27.63	89.2	30.71	27.63	70.0
9/06/2018 8:51:41 PM	3611386301	1013.00	29.77	27.63	76.1	29.36	27.63	79.0	28.03	27.63	89.2	30.66	27.63	70.3
9/06/2018 8:51:42 PM	3611386302	1013.00	29.75	27.63	76.2	29.34	27.63	79.1	28.01	27.63	89.4	30.73	27.63	69.8
9/06/2018 8:51:43 PM	3611386303	1013.00	29.74	27.63	76.3	29.38	27.63	78.8	28.01	27.63	89.4	30.73	27.63	69.8
9/06/2018 8:51:44 PM	3611386304	1013.00	29.74	27.63	76.3	29.37	27.63	78.9	28.02	27.63	89.3	30.67	27.63	70.2
9/06/2018 8:51:45 PM	3611386305	1013.00	29.74	27.62	76.3	29.39	27.62	78.8	28.00	27.62	89.5	30.71	27.62	70.0
9/06/2018 8:51:46 PM	3611386306	1013.00	29.74	27.63	76.3	29.40	27.63	78.7	28.08	27.63	88.8	30.78	27.63	69.5
9/06/2018 8:51:47 PM	3611386307	1013.00	29.78	27.63	76.0	29.35	27.63	79.0	28.03	27.63	89.2	30.72	27.63	69.9
9/06/2018 8:51:48 PM	3611386308	1013.00	29.77	27.63	76.1	29.38	27.63	78.8	28.05	27.63	89.0	30.72	27.63	69.9
9/06/2018 8:51:49 PM	3611386309	1013.00	29.76	27.63	76.2	29.37	27.63	78.9	28.02	27.63	89.3	30.75	27.63	69.7
9/06/2018 8:51:50 PM	3611386310	1013.00	29.77	27.63	76.1	29.39	27.63	78.8	28.03	27.63	89.2	30.75	27.63	69.7
9/06/2018 8:51:51 PM	3611386311	1013.00	29.78	27.63	76.0	29.39	27.63	78.8	28.04	27.63	89.1	30.77	27.63	69.6
9/06/2018 8:51:52 PM	3611386312	1013.00	29.78	27.63	76.0	29.37	27.63	78.9	28.04	27.63	89.1	30.76	27.63	69.6
9/06/2018 8:51:53 PM	3611386313	1013.00	29.76	27.63	76.2	29.39	27.63	78.8	28.05	27.63	89.0	30.77	27.63	69.6
9/06/2018 8:51:54 PM	3611386314	1013.00	29.77	27.63	76.1	29.37	27.63	78.9	28.05	27.63	89.0	30.77	27.63	69.6
9/06/2018 8:51:55 PM	3611386315	1013.00	29.78	27.63	76.0	29.42	27.63	78.5	28.06	27.63	89.0	30.76	27.63	69.6
