Date & time of file creation	16/06/2018 5:27 PM													
Data file path	C:\Users\ameli\Desktop\Luke Strasiotto\160618\New_9.txt													
														
														
CALIBRATION DATA														
Parameter/Channel	N moving average	LO phase [r.U.]	HI phase [r.U.]	LO oxygen [%air saturation]	HI oxygen [%air saturation]	LO temperature [°C]	HI temperature [°C]	Salinity [‰]						
SDWD0003000199      , CH 1	1	59.30	27.97	0.00	100.00	18.84	18.85	0.000						
SDWD0003000199      , CH 2	1	59.30	27.97	0.00	100.00	18.84	18.85	0.000						
SDWD0003000199      , CH 3	1	59.30	27.97	0.00	100.00	18.84	18.85	0.000						
SDWD0003000199      , CH 4	1	59.30	27.97	0.00	100.00	18.84	18.85	0.000						
														
														
Date &Time [DD-MM-YYYY HH:MM:SS]	Time stamp code	Barometric pressure [hPa]	SDWD0003000199      , CH 1 phase [r.U.]	SDWD0003000199      , CH 1 temp [°C]	SDWD0003000199      , CH 1 O2 [% air saturation]	SDWD0003000199      , CH 2 phase [r.U.]	SDWD0003000199      , CH 2 temp [°C]	SDWD0003000199      , CH 2 O2 [% air saturation]	SDWD0003000199      , CH 3 phase [r.U.]	SDWD0003000199      , CH 3 temp [°C]	SDWD0003000199      , CH 3 O2 [% air saturation]	SDWD0003000199      , CH 4 phase [r.U.]	SDWD0003000199      , CH 4 temp [°C]	SDWD0003000199      , CH 4 O2 [% air saturation]
16/06/2018 5:27:43 PM	3611978863	1013.00	29.15	18.86	89.7	29.05	18.86	90.5	27.87	18.86	100.9	28.56	18.86	94.7
16/06/2018 5:27:44 PM	3611978864	1013.00	29.18	18.86	89.5	29.03	18.86	90.7	27.88	18.86	100.8	28.54	18.86	94.8
16/06/2018 5:27:45 PM	3611978865	1013.00	29.17	18.86	89.5	29.06	18.86	90.4	27.92	18.86	100.4	28.59	18.86	94.4
16/06/2018 5:27:46 PM	3611978866	1013.00	29.16	18.86	89.6	29.04	18.86	90.6	27.92	18.86	100.4	28.51	18.86	95.1
16/06/2018 5:27:47 PM	3611978867	1013.00	29.19	18.86	89.4	29.05	18.86	90.5	27.84	18.86	101.2	28.53	18.86	94.9
16/06/2018 5:27:48 PM	3611978868	1013.00	29.17	18.86	89.5	29.05	18.86	90.5	27.94	18.86	100.3	28.52	18.86	95.0
16/06/2018 5:27:49 PM	3611978869	1013.00	29.17	18.86	89.5	29.06	18.86	90.4	27.80	18.86	101.6	28.57	18.86	94.6
16/06/2018 5:27:50 PM	3611978870	1013.00	29.15	18.86	89.7	29.02	18.86	90.8	28.00	18.86	99.7	28.56	18.86	94.7
16/06/2018 5:27:51 PM	3611978871	1013.00	29.20	18.87	89.3	29.11	18.87	90.0	27.96	18.87	100.1	28.56	18.87	94.7
16/06/2018 5:27:52 PM	3611978872	1013.00	29.16	18.87	89.6	29.06	18.87	90.4	27.83	18.87	101.3	28.54	18.87	94.8
16/06/2018 5:27:53 PM	3611978873	1013.00	29.16	18.87	89.6	29.04	18.87	90.6	27.99	18.87	99.8	28.54	18.87	94.8
16/06/2018 5:27:54 PM	3611978874	1013.00	29.19	18.86	89.4	29.05	18.86	90.5	27.90	18.86	100.6	28.56	18.86	94.7
16/06/2018 5:27:55 PM	3611978875	1013.00	29.17	18.87	89.5	29.04	18.87	90.6	27.78	18.87	101.8	28.54	18.87	94.8
16/06/2018 5:27:56 PM	3611978876	1013.00	29.17	18.87	89.5	29.04	18.87	90.6	27.81	18.87	101.5	28.55	18.87	94.7
16/06/2018 5:27:57 PM	3611978877	1013.00	29.18	18.87	89.4	29.06	18.87	90.4	27.90	18.87	100.6	28.53	18.87	94.9
16/06/2018 5:27:58 PM	3611978878	1013.00	29.16	18.87	89.6	29.06	18.87	90.4	27.84	18.87	101.2	28.51	18.87	95.1
16/06/2018 5:27:59 PM	3611978879	1013.00	29.20	18.87	89.3	29.06	18.87	90.4	27.78	18.87	101.8	28.56	18.87	94.7
16/06/2018 5:28:00 PM	3611978880	1013.00	29.18	18.87	89.4	29.05	18.87	90.5	27.83	18.87	101.3	28.55	18.87	94.7
16/06/2018 5:28:01 PM	3611978881	1013.00	29.21	18.87	89.2	29.05	18.87	90.5	27.80	18.87	101.6	28.56	18.87	94.7
16/06/2018 5:28:02 PM	3611978882	1013.00	29.17	18.87	89.5	29.07	18.87	90.3	27.76	18.87	101.9	28.50	18.87	95.2
16/06/2018 5:28:03 PM	3611978883	1013.00	29.18	18.87	89.4	29.01	18.87	90.8	27.88	18.87	100.8	28.56	18.87	94.7
16/06/2018 5:28:04 PM	3611978884	1013.00	29.17	18.86	89.5	29.07	18.86	90.4	27.92	18.86	100.4	28.62	18.86	94.1
16/06/2018 5:28:05 PM	3611978885	1013.00	29.15	18.86	89.7	29.05	18.86	90.5	27.90	18.86	100.6	28.58	18.86	94.5
16/06/2018 5:28:06 PM	3611978886	1013.00	29.19	18.86	89.4	29.05	18.86	90.5	27.83	18.86	101.3	28.51	18.86	95.1
16/06/2018 5:28:07 PM	3611978887	1013.00	29.17	18.86	89.5	29.06	18.86	90.4	27.91	18.86	100.5	28.55	18.86	94.8
16/06/2018 5:28:08 PM	3611978888	1013.00	29.19	18.86	89.4	29.02	18.86	90.8	27.92	18.86	100.4	28.58	18.86	94.5
16/06/2018 5:28:09 PM	3611978889	1013.00	29.19	18.86	89.4	29.08	18.86	90.3	27.96	18.86	100.1	28.58	18.86	94.5
16/06/2018 5:28:10 PM	3611978890	1013.00	29.18	18.86	89.5	29.05	18.86	90.5	27.89	18.86	100.7	28.59	18.86	94.4
16/06/2018 5:28:11 PM	3611978891	1013.00	29.20	18.86	89.3	29.05	18.86	90.5	27.91	18.86	100.5	28.58	18.86	94.5
16/06/2018 5:28:12 PM	3611978892	1013.00	29.16	18.86	89.6	29.05	18.86	90.5	27.99	18.86	99.8	28.51	18.86	95.1
16/06/2018 5:28:13 PM	3611978893	1013.00	29.16	18.86	89.6	29.07	18.86	90.4	27.96	18.86	100.1	28.61	18.86	94.2
16/06/2018 5:28:14 PM	3611978894	1013.00	29.22	18.86	89.1	29.04	18.86	90.6	27.91	18.86	100.5	28.57	18.86	94.6
16/06/2018 5:28:15 PM	3611978895	1013.00	29.20	18.86	89.3	29.08	18.86	90.3	27.86	18.86	101.0	28.59	18.86	94.4
16/06/2018 5:28:16 PM	3611978896	1013.00	29.15	18.86	89.7	29.10	18.86	90.1	27.80	18.86	101.6	28.61	18.86	94.2
16/06/2018 5:28:17 PM	3611978897	1013.00	29.18	18.86	89.5	29.05	18.86	90.5	27.87	18.86	100.9	28.58	18.86	94.5
16/06/2018 5:28:18 PM	3611978898	1013.00	29.19	18.86	89.4	29.03	18.86	90.7	27.90	18.86	100.6	28.57	18.86	94.6
16/06/2018 5:28:19 PM	3611978899	1013.00	29.19	18.86	89.4	29.04	18.86	90.6	27.85	18.86	101.1	28.62	18.86	94.1
16/06/2018 5:28:20 PM	3611978900	1013.00	29.17	18.86	89.5	29.03	18.86	90.7	27.91	18.86	100.5	28.61	18.86	94.2
16/06/2018 5:28:21 PM	3611978901	1013.00	29.18	18.86	89.5	29.06	18.86	90.4	27.96	18.86	100.1	28.59	18.86	94.4
16/06/2018 5:28:22 PM	3611978902	1013.00	29.22	18.86	89.1	29.09	18.86	90.2	27.93	18.86	100.4	28.61	18.86	94.2
16/06/2018 5:28:23 PM	3611978903	1013.00	29.21	18.86	89.2	29.04	18.86	90.6	27.89	18.86	100.7	28.60	18.86	94.3
16/06/2018 5:28:24 PM	3611978904	1013.00	29.18	18.86	89.5	29.04	18.86	90.6	27.93	18.86	100.4	28.63	18.86	94.1
16/06/2018 5:28:25 PM	3611978905	1013.00	29.19	18.86	89.4	29.06	18.86	90.4	27.79	18.86	101.7	28.62	18.86	94.1
16/06/2018 5:28:26 PM	3611978906	1013.00	29.21	18.85	89.2	29.04	18.85	90.6	27.88	18.85	100.8	28.66	18.85	93.8
16/06/2018 5:28:27 PM	3611978907	1013.00	29.19	18.85	89.4	29.09	18.85	90.2	27.86	18.85	101.0	28.65	18.85	93.9
16/06/2018 5:28:28 PM	3611978908	1013.00	29.18	18.85	89.5	29.04	18.85	90.6	28.00	18.85	99.7	28.59	18.85	94.4
16/06/2018 5:28:29 PM	3611978909	1013.00	29.19	18.86	89.4	29.00	18.86	90.9	27.99	18.86	99.8	28.63	18.86	94.1
16/06/2018 5:28:30 PM	3611978910	1013.00	29.20	18.85	89.3	29.08	18.85	90.3	27.90	18.85	100.7	28.65	18.85	93.9
16/06/2018 5:28:31 PM	3611978911	1013.00	29.16	18.85	89.6	29.06	18.85	90.5	27.95	18.85	100.2	28.67	18.85	93.7
16/06/2018 5:28:32 PM	3611978912	1013.00	29.21	18.85	89.2	29.05	18.85	90.5	27.89	18.85	100.7	28.62	18.85	94.2
16/06/2018 5:28:33 PM	3611978913	1013.00	29.22	18.85	89.1	29.03	18.85	90.7	27.99	18.85	99.8	28.62	18.85	94.2
16/06/2018 5:28:34 PM	3611978914	1013.00	29.20	18.85	89.3	29.05	18.85	90.5	27.90	18.85	100.7	28.66	18.85	93.8
16/06/2018 5:28:35 PM	3611978915	1013.00	29.21	18.85	89.2	29.05	18.85	90.5	27.86	18.85	101.0	28.58	18.85	94.5
16/06/2018 5:28:36 PM	3611978916	1013.00	29.19	18.85	89.4	29.08	18.85	90.3	27.89	18.85	100.7	28.60	18.85	94.3
16/06/2018 5:28:37 PM	3611978917	1013.00	29.21	18.85	89.2	29.02	18.85	90.8	28.01	18.85	99.6	28.65	18.85	93.9
16/06/2018 5:28:38 PM	3611978918	1013.00	29.20	18.85	89.3	29.08	18.85	90.3	28.00	18.85	99.7	28.63	18.85	94.1
16/06/2018 5:28:39 PM	3611978919	1013.00	29.23	18.85	89.1	29.03	18.85	90.7	27.93	18.85	100.4	28.61	18.85	94.3
16/06/2018 5:28:40 PM	3611978920	1013.00	29.19	18.85	89.4	29.07	18.85	90.4	27.95	18.85	100.2	28.59	18.85	94.4
16/06/2018 5:28:41 PM	3611978921	1013.00	29.20	18.85	89.3	29.08	18.85	90.3	27.96	18.85	100.1	28.66	18.85	93.8
16/06/2018 5:28:42 PM	3611978922	1013.00	29.19	18.85	89.4	29.07	18.85	90.4	27.96	18.85	100.1	28.67	18.85	93.7
16/06/2018 5:28:43 PM	3611978923	1013.00	29.21	18.85	89.2	29.06	18.85	90.5	27.81	18.85	101.5	28.64	18.85	94.0
16/06/2018 5:28:44 PM	3611978924	1013.00	29.23	18.85	89.1	29.07	18.85	90.4	27.86	18.85	101.0	28.66	18.85	93.8
16/06/2018 5:28:45 PM	3611978925	1013.00	29.21	18.86	89.2	29.05	18.86	90.5	27.88	18.86	100.8	28.68	18.86	93.6
16/06/2018 5:28:46 PM	3611978926	1013.00	29.23	18.85	89.1	29.06	18.85	90.5	27.82	18.85	101.4	28.64	18.85	94.0
16/06/2018 5:28:47 PM	3611978927	1013.00	29.19	18.85	89.4	29.06	18.85	90.5	27.90	18.85	100.7	28.71	18.85	93.4
16/06/2018 5:28:48 PM	3611978928	1013.00	29.23	18.85	89.1	29.07	18.85	90.4	27.87	18.85	100.9	28.62	18.85	94.2
16/06/2018 5:28:49 PM	3611978929	1013.00	29.18	18.85	89.5	29.06	18.85	90.5	27.91	18.85	100.6	28.65	18.85	93.9
16/06/2018 5:28:50 PM	3611978930	1013.00	29.21	18.85	89.2	28.99	18.85	91.0	27.83	18.85	101.3	28.67	18.85	93.7
16/06/2018 5:28:51 PM	3611978931	1013.00	29.22	18.85	89.1	29.04	18.85	90.6	27.89	18.85	100.7	28.67	18.85	93.7
16/06/2018 5:28:52 PM	3611978932	1013.00	29.22	18.85	89.1	29.07	18.85	90.4	27.94	18.85	100.3	28.64	18.85	94.0
16/06/2018 5:28:53 PM	3611978933	1013.00	29.22	18.85	89.1	29.09	18.85	90.2	27.85	18.85	101.1	28.68	18.85	93.6
16/06/2018 5:28:54 PM	3611978934	1013.00	29.19	18.85	89.4	29.05	18.85	90.5	27.90	18.85	100.7	28.69	18.85	93.6
16/06/2018 5:28:55 PM	3611978935	1013.00	29.21	18.85	89.2	29.12	18.85	90.0	27.87	18.85	100.9	28.68	18.85	93.6
16/06/2018 5:28:56 PM	3611978936	1013.00	29.20	18.85	89.3	29.08	18.85	90.3	27.97	18.85	100.0	28.69	18.85	93.6
16/06/2018 5:28:57 PM	3611978937	1013.00	29.19	18.85	89.4	29.07	18.85	90.4	27.93	18.85	100.4	28.68	18.85	93.6
16/06/2018 5:28:58 PM	3611978938	1013.00	29.21	18.85	89.2	29.08	18.85	90.3	28.01	18.85	99.6	28.69	18.85	93.6
16/06/2018 5:28:59 PM	3611978939	1013.00	29.22	18.85	89.1	29.09	18.85	90.2	27.88	18.85	100.8	28.69	18.85	93.6
16/06/2018 5:29:00 PM	3611978940	1013.00	29.20	18.85	89.3	29.02	18.85	90.8	27.92	18.85	100.5	28.67	18.85	93.7
16/06/2018 5:29:01 PM	3611978941	1013.00	29.19	18.85	89.4	29.04	18.85	90.6	27.91	18.85	100.6	28.70	18.85	93.5
16/06/2018 5:29:02 PM	3611978942	1013.00	29.20	18.85	89.3	29.08	18.85	90.3	27.89	18.85	100.7	28.73	18.85	93.2
16/06/2018 5:29:03 PM	3611978943	1013.00	29.23	18.85	89.1	29.05	18.85	90.5	27.96	18.85	100.1	28.70	18.85	93.5
16/06/2018 5:29:04 PM	3611978944	1013.00	29.23	18.85	89.1	29.11	18.85	90.0	27.95	18.85	100.2	28.73	18.85	93.2
16/06/2018 5:29:05 PM	3611978945	1013.00	29.21	18.85	89.2	29.08	18.85	90.3	27.84	18.85	101.2	28.69	18.85	93.6
16/06/2018 5:29:06 PM	3611978946	1013.00	29.20	18.85	89.3	29.03	18.85	90.7	27.93	18.85	100.4	28.72	18.85	93.3
16/06/2018 5:29:07 PM	3611978947	1013.00	29.23	18.85	89.1	29.07	18.85	90.4	28.03	18.85	99.4	28.68	18.85	93.6
16/06/2018 5:29:08 PM	3611978948	1013.00	29.22	18.85	89.1	29.08	18.85	90.3	27.85	18.85	101.1	28.72	18.85	93.3
16/06/2018 5:29:09 PM	3611978949	1013.00	29.20	18.85	89.3	29.10	18.85	90.1	28.03	18.85	99.4	28.77	18.85	92.9
16/06/2018 5:29:10 PM	3611978950	1013.00	29.18	18.85	89.5	29.09	18.85	90.2	27.93	18.85	100.4	28.74	18.85	93.1
16/06/2018 5:29:11 PM	3611978951	1013.00	29.19	18.85	89.4	29.04	18.85	90.6	27.94	18.85	100.3	28.76	18.85	93.0
16/06/2018 5:29:12 PM	3611978952	1013.00	29.18	18.85	89.5	29.10	18.85	90.1	27.98	18.85	99.9	28.76	18.85	93.0
16/06/2018 5:29:13 PM	3611978953	1013.00	29.20	18.85	89.3	29.06	18.85	90.5	27.96	18.85	100.1	28.76	18.85	93.0
16/06/2018 5:29:14 PM	3611978954	1013.00	29.20	18.85	89.3	29.10	18.85	90.1	27.90	18.85	100.7	28.79	18.85	92.7
16/06/2018 5:29:15 PM	3611978955	1013.00	29.23	18.85	89.1	29.10	18.85	90.1	28.03	18.85	99.4	28.80	18.85	92.6
16/06/2018 5:29:16 PM	3611978956	1013.00	29.19	18.84	89.4	29.12	18.84	90.0	27.86	18.84	101.0	28.86	18.84	92.1
16/06/2018 5:29:17 PM	3611978957	1013.00	29.23	18.84	89.1	29.13	18.84	89.9	27.83	18.84	101.3	28.83	18.84	92.4
16/06/2018 5:29:18 PM	3611978958	1013.00	29.24	18.84	89.0	29.11	18.84	90.1	27.99	18.84	99.8	28.79	18.84	92.7
16/06/2018 5:29:19 PM	3611978959	1013.00	29.18	18.84	89.5	29.09	18.84	90.2	28.01	18.84	99.6	28.81	18.84	92.6
16/06/2018 5:29:20 PM	3611978960	1013.00	29.25	18.84	88.9	29.11	18.84	90.1	27.99	18.84	99.8	28.81	18.84	92.6
16/06/2018 5:29:21 PM	3611978961	1013.00	29.22	18.84	89.2	29.12	18.84	90.0	28.00	18.84	99.7	28.82	18.84	92.5
16/06/2018 5:29:22 PM	3611978962	1013.00	29.22	18.84	89.2	29.11	18.84	90.1	27.98	18.84	99.9	28.77	18.84	92.9
16/06/2018 5:29:23 PM	3611978963	1013.00	29.21	18.84	89.2	29.10	18.84	90.1	27.89	18.84	100.8	28.78	18.84	92.8
16/06/2018 5:29:24 PM	3611978964	1013.00	29.21	18.84	89.2	29.12	18.84	90.0	27.89	18.84	100.8	28.86	18.84	92.1
16/06/2018 5:29:25 PM	3611978965	1013.00	29.19	18.84	89.4	29.07	18.84	90.4	27.87	18.84	101.0	28.83	18.84	92.4
16/06/2018 5:29:26 PM	3611978966	1013.00	29.19	18.84	89.4	29.08	18.84	90.3	28.01	18.84	99.6	28.81	18.84	92.6
16/06/2018 5:29:27 PM	3611978967	1013.00	29.22	18.84	89.2	29.13	18.84	89.9	27.97	18.84	100.0	28.89	18.84	91.9
16/06/2018 5:29:28 PM	3611978968	1013.00	29.22	18.85	89.1	29.08	18.85	90.3	27.96	18.85	100.1	28.87	18.85	92.0
16/06/2018 5:29:29 PM	3611978969	1013.00	29.18	18.85	89.5	29.10	18.85	90.1	27.89	18.85	100.7	28.88	18.85	91.9
16/06/2018 5:29:30 PM	3611978970	1013.00	29.19	18.85	89.4	29.10	18.85	90.1	28.02	18.85	99.5	28.90	18.85	91.8
16/06/2018 5:29:31 PM	3611978971	1013.00	29.23	18.85	89.1	29.12	18.85	90.0	27.87	18.85	100.9	28.89	18.85	91.9
16/06/2018 5:29:32 PM	3611978972	1013.00	29.19	18.85	89.4	29.13	18.85	89.9	27.90	18.85	100.7	28.90	18.85	91.8
16/06/2018 5:29:33 PM	3611978973	1013.00	29.22	18.85	89.1	29.10	18.85	90.1	28.01	18.85	99.6	28.85	18.85	92.2
16/06/2018 5:29:34 PM	3611978974	1013.00	29.20	18.85	89.3	29.13	18.85	89.9	27.94	18.85	100.3	28.90	18.85	91.8
16/06/2018 5:29:35 PM	3611978975	1013.00	29.24	18.84	89.0	29.11	18.84	90.1	27.85	18.84	101.1	28.89	18.84	91.9
16/06/2018 5:29:36 PM	3611978976	1013.00	29.23	18.84	89.1	29.12	18.84	90.0	27.92	18.84	100.5	28.86	18.84	92.1
16/06/2018 5:29:37 PM	3611978977	1013.00	29.22	18.84	89.2	29.14	18.84	89.8	27.89	18.84	100.8	28.89	18.84	91.9
16/06/2018 5:29:38 PM	3611978978	1013.00	29.21	18.85	89.2	29.08	18.85	90.3	27.96	18.85	100.1	28.90	18.85	91.8
16/06/2018 5:29:39 PM	3611978979	1013.00	29.21	18.85	89.2	29.14	18.85	89.8	27.93	18.85	100.4	28.93	18.85	91.5
16/06/2018 5:29:40 PM	3611978980	1013.00	29.19	18.84	89.4	29.13	18.84	89.9	27.96	18.84	100.1	28.95	18.84	91.4
16/06/2018 5:29:41 PM	3611978981	1013.00	29.24	18.84	89.0	29.10	18.84	90.1	27.95	18.84	100.2	28.86	18.84	92.1
16/06/2018 5:29:42 PM	3611978982	1013.00	29.20	18.84	89.3	29.13	18.84	89.9	27.99	18.84	99.8	28.94	18.84	91.5
16/06/2018 5:29:43 PM	3611978983	1013.00	29.22	18.84	89.2	29.14	18.84	89.8	27.95	18.84	100.2	28.95	18.84	91.4
16/06/2018 5:29:44 PM	3611978984	1013.00	29.22	18.84	89.2	29.13	18.84	89.9	27.90	18.84	100.7	28.90	18.84	91.8
16/06/2018 5:29:45 PM	3611978985	1013.00	29.23	18.84	89.1	29.16	18.84	89.6	28.06	18.84	99.2	28.96	18.84	91.3
16/06/2018 5:29:46 PM	3611978986	1013.00	29.21	18.84	89.2	29.16	18.84	89.6	28.03	18.84	99.5	28.92	18.84	91.6
16/06/2018 5:29:47 PM	3611978987	1013.00	29.21	18.85	89.2	29.13	18.85	89.9	27.90	18.85	100.7	28.95	18.85	91.4
16/06/2018 5:29:48 PM	3611978988	1013.00	29.22	18.84	89.2	29.16	18.84	89.6	27.92	18.84	100.5	28.95	18.84	91.4
16/06/2018 5:29:49 PM	3611978989	1013.00	29.20	18.84	89.3	29.11	18.84	90.1	27.94	18.84	100.3	28.97	18.84	91.2
16/06/2018 5:29:50 PM	3611978990	1013.00	29.23	18.85	89.1	29.17	18.85	89.5	27.98	18.85	99.9	28.98	18.85	91.1
16/06/2018 5:29:51 PM	3611978991	1013.00	29.23	18.85	89.1	29.18	18.85	89.5	27.92	18.85	100.5	28.91	18.85	91.7
16/06/2018 5:29:52 PM	3611978992	1013.00	29.24	18.84	89.0	29.18	18.84	89.5	27.94	18.84	100.3	29.00	18.84	91.0
16/06/2018 5:29:53 PM	3611978993	1013.00	29.24	18.85	89.0	29.14	18.85	89.8	27.98	18.85	99.9	28.98	18.85	91.1
16/06/2018 5:29:54 PM	3611978994	1013.00	29.23	18.84	89.1	29.14	18.84	89.8	27.81	18.84	101.5	29.00	18.84	91.0
16/06/2018 5:29:55 PM	3611978995	1013.00	29.22	18.84	89.2	29.18	18.84	89.5	28.09	18.84	98.9	29.01	18.84	90.9
16/06/2018 5:29:56 PM	3611978996	1013.00	29.22	18.85	89.1	29.19	18.85	89.4	27.95	18.85	100.2	29.01	18.85	90.9
16/06/2018 5:29:57 PM	3611978997	1013.00	29.23	18.85	89.1	29.18	18.85	89.5	28.04	18.85	99.4	29.00	18.85	90.9
16/06/2018 5:29:58 PM	3611978998	1013.00	29.24	18.85	89.0	29.16	18.85	89.6	28.03	18.85	99.4	29.03	18.85	90.7
16/06/2018 5:29:59 PM	3611978999	1013.00	29.22	18.84	89.2	29.23	18.84	89.1	28.02	18.84	99.6	29.02	18.84	90.8
16/06/2018 5:30:00 PM	3611979000	1013.00	29.19	18.84	89.4	29.17	18.84	89.6	27.96	18.84	100.1	28.98	18.84	91.1
16/06/2018 5:30:01 PM	3611979001	1013.00	29.21	18.85	89.2	29.21	18.85	89.2	27.96	18.85	100.1	29.03	18.85	90.7
16/06/2018 5:30:02 PM	3611979002	1013.00	29.26	18.85	88.8	29.18	18.85	89.5	28.01	18.85	99.6	29.06	18.85	90.5
16/06/2018 5:30:03 PM	3611979003	1013.00	29.28	18.85	88.7	29.19	18.85	89.4	27.96	18.85	100.1	29.04	18.85	90.6
16/06/2018 5:30:04 PM	3611979004	1013.00	29.23	18.85	89.1	29.17	18.85	89.5	27.96	18.85	100.1	29.07	18.85	90.4
16/06/2018 5:30:05 PM	3611979005	1013.00	29.22	18.85	89.1	29.20	18.85	89.3	28.02	18.85	99.5	29.02	18.85	90.8
16/06/2018 5:30:06 PM	3611979006	1013.00	29.25	18.84	88.9	29.18	18.84	89.5	28.12	18.84	98.6	29.09	18.84	90.2
16/06/2018 5:30:07 PM	3611979007	1013.00	29.24	18.84	89.0	29.19	18.84	89.4	27.99	18.84	99.8	29.08	18.84	90.3
16/06/2018 5:30:08 PM	3611979008	1013.00	29.25	18.84	88.9	29.24	18.84	89.0	28.06	18.84	99.2	29.10	18.84	90.1
16/06/2018 5:30:09 PM	3611979009	1013.00	29.21	18.84	89.2	29.20	18.84	89.3	28.00	18.84	99.7	29.08	18.84	90.3
16/06/2018 5:30:10 PM	3611979010	1013.00	29.25	18.84	88.9	29.21	18.84	89.2	28.00	18.84	99.7	29.11	18.84	90.1
16/06/2018 5:30:11 PM	3611979011	1013.00	29.26	18.84	88.8	29.21	18.84	89.2	28.08	18.84	99.0	29.08	18.84	90.3
16/06/2018 5:30:12 PM	3611979012	1013.00	29.22	18.84	89.2	29.20	18.84	89.3	28.01	18.84	99.6	29.12	18.84	90.0
16/06/2018 5:30:13 PM	3611979013	1013.00	29.21	18.85	89.2	29.22	18.85	89.1	28.03	18.85	99.4	29.09	18.85	90.2
16/06/2018 5:30:14 PM	3611979014	1013.00	29.23	18.84	89.1	29.24	18.84	89.0	28.08	18.84	99.0	29.10	18.84	90.1
16/06/2018 5:30:15 PM	3611979015	1013.00	29.27	18.84	88.8	29.22	18.84	89.2	27.98	18.84	99.9	29.08	18.84	90.3
16/06/2018 5:30:16 PM	3611979016	1013.00	29.23	18.85	89.1	29.19	18.85	89.4	28.14	18.85	98.4	29.08	18.85	90.3
16/06/2018 5:30:17 PM	3611979017	1013.00	29.25	18.84	88.9	29.23	18.84	89.1	28.10	18.84	98.8	29.09	18.84	90.2
16/06/2018 5:30:18 PM	3611979018	1013.00	29.26	18.84	88.8	29.20	18.84	89.3	28.06	18.84	99.2	29.11	18.84	90.1
16/06/2018 5:30:19 PM	3611979019	1013.00	29.25	18.84	88.9	29.22	18.84	89.2	27.94	18.84	100.3	29.10	18.84	90.1
16/06/2018 5:30:20 PM	3611979020	1013.00	29.20	18.84	89.3	29.21	18.84	89.2	28.17	18.84	98.2	29.10	18.84	90.1
16/06/2018 5:30:21 PM	3611979021	1013.00	29.23	18.84	89.1	29.21	18.84	89.2	28.03	18.84	99.5	29.10	18.84	90.1
16/06/2018 5:30:22 PM	3611979022	1013.00	29.27	18.84	88.8	29.24	18.84	89.0	28.10	18.84	98.8	29.09	18.84	90.2
16/06/2018 5:30:23 PM	3611979023	1013.00	29.25	18.84	88.9	29.26	18.84	88.8	28.03	18.84	99.5	29.09	18.84	90.2
16/06/2018 5:30:24 PM	3611979024	1013.00	29.25	18.84	88.9	29.25	18.84	88.9	28.17	18.84	98.2	29.11	18.84	90.1
16/06/2018 5:30:25 PM	3611979025	1013.00	29.27	18.85	88.7	29.24	18.85	89.0	27.95	18.85	100.2	29.13	18.85	89.9
16/06/2018 5:30:26 PM	3611979026	1013.00	29.24	18.84	89.0	29.27	18.84	88.8	27.98	18.84	99.9	29.07	18.84	90.4
16/06/2018 5:30:27 PM	3611979027	1013.00	29.23	18.84	89.1	29.28	18.84	88.7	28.12	18.84	98.6	29.15	18.84	89.7
16/06/2018 5:30:28 PM	3611979028	1013.00	29.22	18.84	89.2	29.28	18.84	88.7	28.00	18.84	99.7	29.14	18.84	89.8
16/06/2018 5:30:29 PM	3611979029	1013.00	29.23	18.84	89.1	29.28	18.84	88.7	28.01	18.84	99.6	29.11	18.84	90.1
16/06/2018 5:30:30 PM	3611979030	1013.00	29.25	18.84	88.9	29.25	18.84	88.9	28.04	18.84	99.4	29.12	18.84	90.0
16/06/2018 5:30:31 PM	3611979031	1013.00	29.24	18.84	89.0	29.27	18.84	88.8	28.06	18.84	99.2	29.17	18.84	89.6
16/06/2018 5:30:32 PM	3611979032	1013.00	29.24	18.84	89.0	29.26	18.84	88.8	28.06	18.84	99.2	29.15	18.84	89.7
16/06/2018 5:30:33 PM	3611979033	1013.00	29.23	18.84	89.1	29.29	18.84	88.6	27.99	18.84	99.8	29.14	18.84	89.8
16/06/2018 5:30:34 PM	3611979034	1013.00	29.24	18.84	89.0	29.29	18.84	88.6	28.18	18.84	98.1	29.14	18.84	89.8
16/06/2018 5:30:35 PM	3611979035	1013.00	29.24	18.84	89.0	29.31	18.84	88.4	28.04	18.84	99.4	29.16	18.84	89.6
16/06/2018 5:30:36 PM	3611979036	1013.00	29.29	18.84	88.6	29.29	18.84	88.6	28.22	18.84	97.7	29.13	18.84	89.9
16/06/2018 5:30:37 PM	3611979037	1013.00	29.27	18.84	88.8	29.31	18.84	88.4	28.04	18.84	99.4	29.19	18.84	89.4
16/06/2018 5:30:38 PM	3611979038	1013.00	29.27	18.84	88.8	29.28	18.84	88.7	27.98	18.84	99.9	29.15	18.84	89.7
16/06/2018 5:30:39 PM	3611979039	1013.00	29.28	18.84	88.7	29.30	18.84	88.5	28.02	18.84	99.6	29.19	18.84	89.4
16/06/2018 5:30:40 PM	3611979040	1013.00	29.26	18.84	88.8	29.28	18.84	88.7	28.06	18.84	99.2	29.14	18.84	89.8
16/06/2018 5:30:41 PM	3611979041	1013.00	29.24	18.84	89.0	29.28	18.84	88.7	28.16	18.84	98.3	29.21	18.84	89.2
16/06/2018 5:30:42 PM	3611979042	1013.00	29.26	18.84	88.8	29.26	18.84	88.8	28.07	18.84	99.1	29.18	18.84	89.5
16/06/2018 5:30:43 PM	3611979043	1013.00	29.26	18.83	88.9	29.31	18.83	88.5	27.99	18.83	99.9	29.14	18.83	89.8
16/06/2018 5:30:44 PM	3611979044	1013.00	29.24	18.84	89.0	29.31	18.84	88.4	28.09	18.84	98.9	29.23	18.84	89.1
16/06/2018 5:30:45 PM	3611979045	1013.00	29.24	18.84	89.0	29.30	18.84	88.5	28.06	18.84	99.2	29.20	18.84	89.3
16/06/2018 5:30:46 PM	3611979046	1013.00	29.24	18.84	89.0	29.33	18.84	88.3	28.15	18.84	98.4	29.24	18.84	89.0
16/06/2018 5:30:47 PM	3611979047	1013.00	29.25	18.84	88.9	29.31	18.84	88.4	28.07	18.84	99.1	29.26	18.84	88.8
16/06/2018 5:30:48 PM	3611979048	1013.00	29.23	18.84	89.1	29.33	18.84	88.3	28.12	18.84	98.6	29.24	18.84	89.0
16/06/2018 5:30:49 PM	3611979049	1013.00	29.27	18.84	88.8	29.33	18.84	88.3	28.17	18.84	98.2	29.27	18.84	88.8
16/06/2018 5:30:50 PM	3611979050	1013.00	29.28	18.84	88.7	29.31	18.84	88.4	28.13	18.84	98.5	29.27	18.84	88.8
16/06/2018 5:30:51 PM	3611979051	1013.00	29.25	18.84	88.9	29.35	18.84	88.1	28.13	18.84	98.5	29.20	18.84	89.3
16/06/2018 5:30:52 PM	3611979052	1013.00	29.25	18.84	88.9	29.32	18.84	88.4	28.12	18.84	98.6	29.22	18.84	89.2
16/06/2018 5:30:53 PM	3611979053	1013.00	29.26	18.84	88.8	29.34	18.84	88.2	28.10	18.84	98.8	29.25	18.84	88.9
16/06/2018 5:30:54 PM	3611979054	1013.00	29.27	18.84	88.8	29.33	18.84	88.3	28.10	18.84	98.8	29.28	18.84	88.7
16/06/2018 5:30:55 PM	3611979055	1013.00	29.28	18.84	88.7	29.37	18.84	88.0	28.08	18.84	99.0	29.23	18.84	89.1
16/06/2018 5:30:56 PM	3611979056	1013.00	29.24	18.84	89.0	29.36	18.84	88.0	28.05	18.84	99.3	29.27	18.84	88.8
16/06/2018 5:30:57 PM	3611979057	1013.00	29.24	18.84	89.0	29.38	18.84	87.9	28.07	18.84	99.1	29.31	18.84	88.4
16/06/2018 5:30:58 PM	3611979058	1013.00	29.28	18.83	88.7	29.34	18.83	88.2	28.11	18.83	98.7	29.28	18.83	88.7
16/06/2018 5:30:59 PM	3611979059	1013.00	29.25	18.83	88.9	29.37	18.83	88.0	27.99	18.83	99.9	29.28	18.83	88.7
16/06/2018 5:31:00 PM	3611979060	1013.00	29.27	18.83	88.8	29.39	18.83	87.8	28.10	18.83	98.8	29.33	18.83	88.3
16/06/2018 5:31:01 PM	3611979061	1013.00	29.27	18.84	88.8	29.32	18.84	88.4	28.15	18.84	98.4	29.29	18.84	88.6
16/06/2018 5:31:02 PM	3611979062	1013.00	29.27	18.83	88.8	29.35	18.83	88.1	28.08	18.83	99.0	29.33	18.83	88.3
16/06/2018 5:31:03 PM	3611979063	1013.00	29.26	18.84	88.8	29.40	18.84	87.7	28.24	18.84	97.5	29.29	18.84	88.6
16/06/2018 5:31:04 PM	3611979064	1013.00	29.26	18.84	88.8	29.40	18.84	87.7	28.19	18.84	98.0	29.30	18.84	88.5
16/06/2018 5:31:05 PM	3611979065	1013.00	29.24	18.84	89.0	29.35	18.84	88.1	27.99	18.84	99.8	29.28	18.84	88.7
16/06/2018 5:31:06 PM	3611979066	1013.00	29.30	18.84	88.5	29.41	18.84	87.6	28.15	18.84	98.4	29.33	18.84	88.3
16/06/2018 5:31:07 PM	3611979067	1013.00	29.26	18.84	88.8	29.38	18.84	87.9	28.09	18.84	98.9	29.36	18.84	88.0
16/06/2018 5:31:08 PM	3611979068	1013.00	29.27	18.83	88.8	29.39	18.83	87.8	28.10	18.83	98.8	29.32	18.83	88.4
16/06/2018 5:31:09 PM	3611979069	1013.00	29.27	18.83	88.8	29.41	18.83	87.7	28.13	18.83	98.6	29.33	18.83	88.3
16/06/2018 5:31:10 PM	3611979070	1013.00	29.27	18.83	88.8	29.39	18.83	87.8	28.22	18.83	97.7	29.43	18.83	87.5
16/06/2018 5:31:11 PM	3611979071	1013.00	29.27	18.83	88.8	29.43	18.83	87.5	28.21	18.83	97.8	29.42	18.83	87.6
16/06/2018 5:31:12 PM	3611979072	1013.00	29.26	18.83	88.9	29.43	18.83	87.5	28.17	18.83	98.2	29.41	18.83	87.7
16/06/2018 5:31:13 PM	3611979073	1013.00	29.30	18.83	88.5	29.42	18.83	87.6	28.13	18.83	98.6	29.41	18.83	87.7
16/06/2018 5:31:14 PM	3611979074	1013.00	29.27	18.83	88.8	29.40	18.83	87.7	28.18	18.83	98.1	29.42	18.83	87.6
16/06/2018 5:31:15 PM	3611979075	1013.00	29.25	18.83	88.9	29.45	18.83	87.3	28.17	18.83	98.2	29.43	18.83	87.5
16/06/2018 5:31:16 PM	3611979076	1013.00	29.28	18.83	88.7	29.43	18.83	87.5	28.19	18.83	98.0	29.45	18.83	87.3
16/06/2018 5:31:17 PM	3611979077	1013.00	29.27	18.84	88.8	29.42	18.84	87.6	28.12	18.84	98.6	29.49	18.84	87.0
16/06/2018 5:31:18 PM	3611979078	1013.00	29.26	18.84	88.8	29.47	18.84	87.2	28.12	18.84	98.6	29.48	18.84	87.1
16/06/2018 5:31:19 PM	3611979079	1013.00	29.24	18.84	89.0	29.46	18.84	87.2	28.18	18.84	98.1	29.52	18.84	86.8
16/06/2018 5:31:20 PM	3611979080	1013.00	29.30	18.84	88.5	29.47	18.84	87.2	28.13	18.84	98.5	29.52	18.84	86.8
16/06/2018 5:31:21 PM	3611979081	1013.00	29.27	18.83	88.8	29.46	18.83	87.3	28.12	18.83	98.7	29.54	18.83	86.6
16/06/2018 5:31:22 PM	3611979082	1013.00	29.30	18.83	88.5	29.46	18.83	87.3	28.15	18.83	98.4	29.53	18.83	86.7
16/06/2018 5:31:23 PM	3611979083	1013.00	29.27	18.83	88.8	29.52	18.83	86.8	28.27	18.83	97.3	29.52	18.83	86.8
16/06/2018 5:31:24 PM	3611979084	1013.00	29.25	18.83	88.9	29.45	18.83	87.3	28.13	18.83	98.6	29.57	18.83	86.4
16/06/2018 5:31:25 PM	3611979085	1013.00	29.28	18.83	88.7	29.48	18.83	87.1	28.21	18.83	97.8	29.56	18.83	86.5
16/06/2018 5:31:26 PM	3611979086	1013.00	29.28	18.84	88.7	29.47	18.84	87.2	28.09	18.84	98.9	29.62	18.84	86.0
16/06/2018 5:31:27 PM	3611979087	1013.00	29.29	18.84	88.6	29.47	18.84	87.2	28.14	18.84	98.5	29.62	18.84	86.0
16/06/2018 5:31:28 PM	3611979088	1013.00	29.30	18.84	88.5	29.50	18.84	86.9	28.18	18.84	98.1	29.63	18.84	85.9
16/06/2018 5:31:29 PM	3611979089	1013.00	29.26	18.84	88.8	29.50	18.84	86.9	28.01	18.84	99.6	29.63	18.84	85.9
16/06/2018 5:31:30 PM	3611979090	1013.00	29.29	18.83	88.6	29.49	18.83	87.0	28.17	18.83	98.2	29.67	18.83	85.6
16/06/2018 5:31:31 PM	3611979091	1013.00	29.30	18.83	88.5	29.49	18.83	87.0	28.24	18.83	97.6	29.67	18.83	85.6
16/06/2018 5:31:32 PM	3611979092	1013.00	29.29	18.83	88.6	29.52	18.83	86.8	28.17	18.83	98.2	29.74	18.83	85.1
16/06/2018 5:31:33 PM	3611979093	1013.00	29.29	18.83	88.6	29.49	18.83	87.0	28.24	18.83	97.6	29.70	18.83	85.4
16/06/2018 5:31:34 PM	3611979094	1013.00	29.24	18.83	89.0	29.49	18.83	87.0	28.23	18.83	97.7	29.68	18.83	85.5
16/06/2018 5:31:35 PM	3611979095	1013.00	29.27	18.83	88.8	29.52	18.83	86.8	28.17	18.83	98.2	29.75	18.83	85.0
16/06/2018 5:31:36 PM	3611979096	1013.00	29.27	18.83	88.8	29.51	18.83	86.9	28.24	18.83	97.6	29.74	18.83	85.1
16/06/2018 5:31:37 PM	3611979097	1013.00	29.28	18.83	88.7	29.49	18.83	87.0	28.14	18.83	98.5	29.72	18.83	85.2
16/06/2018 5:31:38 PM	3611979098	1013.00	29.29	18.83	88.6	29.51	18.83	86.9	28.29	18.83	97.1	29.75	18.83	85.0
16/06/2018 5:31:39 PM	3611979099	1013.00	29.30	18.83	88.5	29.49	18.83	87.0	28.20	18.83	97.9	29.78	18.83	84.8
16/06/2018 5:31:40 PM	3611979100	1013.00	29.29	18.84	88.6	29.50	18.84	86.9	28.23	18.84	97.6	29.77	18.84	84.8
16/06/2018 5:31:41 PM	3611979101	1013.00	29.31	18.84	88.4	29.55	18.84	86.5	28.24	18.84	97.5	29.82	18.84	84.5
16/06/2018 5:31:42 PM	3611979102	1013.00	29.30	18.84	88.5	29.55	18.84	86.5	28.15	18.84	98.4	29.86	18.84	84.2
16/06/2018 5:31:43 PM	3611979103	1013.00	29.29	18.83	88.6	29.51	18.83	86.9	28.20	18.83	97.9	29.84	18.83	84.3
16/06/2018 5:31:44 PM	3611979104	1013.00	29.29	18.84	88.6	29.50	18.84	86.9	28.23	18.84	97.6	29.85	18.84	84.2
16/06/2018 5:31:45 PM	3611979105	1013.00	29.33	18.84	88.3	29.55	18.84	86.5	28.20	18.84	97.9	29.87	18.84	84.1
16/06/2018 5:31:46 PM	3611979106	1013.00	29.28	18.84	88.7	29.54	18.84	86.6	28.20	18.84	97.9	29.86	18.84	84.2
16/06/2018 5:31:47 PM	3611979107	1013.00	29.28	18.83	88.7	29.50	18.83	86.9	28.21	18.83	97.8	29.90	18.83	83.9
16/06/2018 5:31:48 PM	3611979108	1013.00	29.29	18.84	88.6	29.51	18.84	86.8	28.17	18.84	98.2	29.93	18.84	83.6
16/06/2018 5:31:49 PM	3611979109	1013.00	29.27	18.84	88.8	29.58	18.84	86.3	28.29	18.84	97.1	29.92	18.84	83.7
16/06/2018 5:31:50 PM	3611979110	1013.00	29.29	18.83	88.6	29.57	18.83	86.4	28.20	18.83	97.9	29.91	18.83	83.8
16/06/2018 5:31:51 PM	3611979111	1013.00	29.27	18.83	88.8	29.56	18.83	86.5	28.25	18.83	97.5	29.97	18.83	83.3
16/06/2018 5:31:52 PM	3611979112	1013.00	29.26	18.83	88.9	29.55	18.83	86.6	28.20	18.83	97.9	29.92	18.83	83.7
16/06/2018 5:31:53 PM	3611979113	1013.00	29.33	18.83	88.3	29.56	18.83	86.5	28.22	18.83	97.7	30.00	18.83	83.1
16/06/2018 5:31:54 PM	3611979114	1013.00	29.30	18.82	88.5	29.61	18.82	86.1	28.21	18.82	97.8	29.97	18.82	83.4
16/06/2018 5:31:55 PM	3611979115	1013.00	29.27	18.82	88.8	29.57	18.82	86.4	28.19	18.82	98.0	29.99	18.82	83.2
16/06/2018 5:31:56 PM	3611979116	1013.00	29.32	18.82	88.4	29.57	18.82	86.4	28.29	18.82	97.1	30.01	18.82	83.1
16/06/2018 5:31:57 PM	3611979117	1013.00	29.30	18.82	88.5	29.54	18.82	86.6	28.24	18.82	97.6	29.98	18.82	83.3
16/06/2018 5:31:58 PM	3611979118	1013.00	29.28	18.83	88.7	29.58	18.83	86.3	28.23	18.83	97.7	29.97	18.83	83.3
16/06/2018 5:31:59 PM	3611979119	1013.00	29.29	18.83	88.6	29.57	18.83	86.4	28.25	18.83	97.5	29.95	18.83	83.5
16/06/2018 5:32:00 PM	3611979120	1013.00	29.31	18.83	88.5	29.58	18.83	86.3	28.37	18.83	96.4	29.97	18.83	83.3
16/06/2018 5:32:01 PM	3611979121	1013.00	29.28	18.83	88.7	29.58	18.83	86.3	28.28	18.83	97.2	29.99	18.83	83.2
16/06/2018 5:32:02 PM	3611979122	1013.00	29.32	18.82	88.4	29.60	18.82	86.2	28.17	18.82	98.2	29.96	18.82	83.4
16/06/2018 5:32:03 PM	3611979123	1013.00	29.29	18.83	88.6	29.60	18.83	86.2	28.23	18.83	97.7	29.98	18.83	83.3
16/06/2018 5:32:04 PM	3611979124	1013.00	29.30	18.83	88.5	29.59	18.83	86.2	28.28	18.83	97.2	29.97	18.83	83.3
16/06/2018 5:32:05 PM	3611979125	1013.00	29.31	18.82	88.5	29.62	18.82	86.0	28.24	18.82	97.6	30.01	18.82	83.1
16/06/2018 5:32:06 PM	3611979126	1013.00	29.31	18.82	88.5	29.62	18.82	86.0	28.29	18.82	97.1	29.99	18.82	83.2
16/06/2018 5:32:07 PM	3611979127	1013.00	29.31	18.83	88.5	29.62	18.83	86.0	28.28	18.83	97.2	29.99	18.83	83.2
16/06/2018 5:32:08 PM	3611979128	1013.00	29.31	18.82	88.5	29.61	18.82	86.1	28.28	18.82	97.2	29.96	18.82	83.4
16/06/2018 5:32:09 PM	3611979129	1013.00	29.30	18.82	88.5	29.62	18.82	86.0	28.28	18.82	97.2	30.02	18.82	83.0
16/06/2018 5:32:10 PM	3611979130	1013.00	29.28	18.83	88.7	29.63	18.83	85.9	28.23	18.83	97.7	30.07	18.83	82.6
16/06/2018 5:32:11 PM	3611979131	1013.00	29.29	18.83	88.6	29.59	18.83	86.2	28.31	18.83	96.9	30.04	18.83	82.8
16/06/2018 5:32:12 PM	3611979132	1013.00	29.31	18.83	88.5	29.62	18.83	86.0	28.26	18.83	97.4	30.05	18.83	82.7
16/06/2018 5:32:13 PM	3611979133	1013.00	29.30	18.82	88.5	29.66	18.82	85.7	28.20	18.82	97.9	30.00	18.82	83.1
16/06/2018 5:32:14 PM	3611979134	1013.00	29.31	18.83	88.5	29.63	18.83	85.9	28.26	18.83	97.4	30.05	18.83	82.7
16/06/2018 5:32:15 PM	3611979135	1013.00	29.29	18.83	88.6	29.64	18.83	85.9	28.23	18.83	97.7	30.04	18.83	82.8
16/06/2018 5:32:16 PM	3611979136	1013.00	29.33	18.83	88.3	29.63	18.83	85.9	28.33	18.83	96.8	30.05	18.83	82.7
16/06/2018 5:32:17 PM	3611979137	1013.00	29.30	18.82	88.5	29.64	18.82	85.9	28.26	18.82	97.4	30.01	18.82	83.1
16/06/2018 5:32:18 PM	3611979138	1013.00	29.32	18.83	88.4	29.64	18.83	85.9	28.33	18.83	96.8	30.10	18.83	82.4
16/06/2018 5:32:19 PM	3611979139	1013.00	29.27	18.83	88.8	29.66	18.83	85.7	28.33	18.83	96.8	30.08	18.83	82.5
16/06/2018 5:32:20 PM	3611979140	1013.00	29.31	18.83	88.5	29.69	18.83	85.5	28.21	18.83	97.8	30.06	18.83	82.7
16/06/2018 5:32:21 PM	3611979141	1013.00	29.30	18.82	88.5	29.65	18.82	85.8	28.28	18.82	97.2	30.07	18.82	82.6
16/06/2018 5:32:22 PM	3611979142	1013.00	29.30	18.82	88.5	29.64	18.82	85.9	28.26	18.82	97.4	30.09	18.82	82.5
16/06/2018 5:32:23 PM	3611979143	1013.00	29.28	18.82	88.7	29.66	18.82	85.7	28.32	18.82	96.9	30.06	18.82	82.7
16/06/2018 5:32:24 PM	3611979144	1013.00	29.29	18.82	88.6	29.63	18.82	85.9	28.28	18.82	97.2	30.10	18.82	82.4
16/06/2018 5:32:25 PM	3611979145	1013.00	29.31	18.82	88.5	29.68	18.82	85.6	28.35	18.82	96.6	30.12	18.82	82.2
16/06/2018 5:32:26 PM	3611979146	1013.00	29.32	18.82	88.4	29.68	18.82	85.6	28.30	18.82	97.0	30.12	18.82	82.2
16/06/2018 5:32:27 PM	3611979147	1013.00	29.27	18.82	88.8	29.70	18.82	85.4	28.31	18.82	96.9	30.12	18.82	82.2
16/06/2018 5:32:28 PM	3611979148	1013.00	29.32	18.82	88.4	29.67	18.82	85.6	28.27	18.82	97.3	30.10	18.82	82.4
16/06/2018 5:32:29 PM	3611979149	1013.00	29.32	18.82	88.4	29.61	18.82	86.1	28.27	18.82	97.3	30.13	18.82	82.2
16/06/2018 5:32:30 PM	3611979150	1013.00	29.33	18.82	88.3	29.65	18.82	85.8	28.31	18.82	96.9	30.09	18.82	82.5
16/06/2018 5:32:31 PM	3611979151	1013.00	29.29	18.82	88.6	29.71	18.82	85.3	28.30	18.82	97.0	30.12	18.82	82.2
16/06/2018 5:32:32 PM	3611979152	1013.00	29.30	18.82	88.5	29.65	18.82	85.8	28.29	18.82	97.1	30.18	18.82	81.8
16/06/2018 5:32:33 PM	3611979153	1013.00	29.28	18.83	88.7	29.67	18.83	85.6	28.35	18.83	96.6	30.16	18.83	81.9
16/06/2018 5:32:34 PM	3611979154	1013.00	29.31	18.83	88.5	29.70	18.83	85.4	28.32	18.83	96.8	30.16	18.83	81.9
16/06/2018 5:32:35 PM	3611979155	1013.00	29.32	18.83	88.4	29.69	18.83	85.5	28.39	18.83	96.2	30.19	18.83	81.7
16/06/2018 5:32:36 PM	3611979156	1013.00	29.31	18.83	88.5	29.67	18.83	85.6	28.30	18.83	97.0	30.24	18.83	81.4
16/06/2018 5:32:37 PM	3611979157	1013.00	29.31	18.83	88.5	29.70	18.83	85.4	28.33	18.83	96.8	30.22	18.83	81.5
16/06/2018 5:32:38 PM	3611979158	1013.00	29.34	18.83	88.2	29.70	18.83	85.4	28.29	18.83	97.1	30.23	18.83	81.4
16/06/2018 5:32:39 PM	3611979159	1013.00	29.32	18.83	88.4	29.66	18.83	85.7	28.28	18.83	97.2	30.28	18.83	81.1
16/06/2018 5:32:40 PM	3611979160	1013.00	29.31	18.82	88.5	29.72	18.82	85.2	28.27	18.82	97.3	30.28	18.82	81.1
16/06/2018 5:32:41 PM	3611979161	1013.00	29.32	18.82	88.4	29.68	18.82	85.6	28.29	18.82	97.1	30.28	18.82	81.1
16/06/2018 5:32:42 PM	3611979162	1013.00	29.32	18.82	88.4	29.71	18.82	85.3	28.27	18.82	97.3	30.30	18.82	80.9
16/06/2018 5:32:43 PM	3611979163	1013.00	29.32	18.82	88.4	29.71	18.82	85.3	28.24	18.82	97.6	30.35	18.82	80.6
16/06/2018 5:32:44 PM	3611979164	1013.00	29.32	18.83	88.4	29.67	18.83	85.6	28.34	18.83	96.7	30.31	18.83	80.8
16/06/2018 5:32:45 PM	3611979165	1013.00	29.31	18.83	88.5	29.72	18.83	85.2	28.33	18.83	96.8	30.34	18.83	80.6
16/06/2018 5:32:46 PM	3611979166	1013.00	29.32	18.83	88.4	29.72	18.83	85.2	28.37	18.83	96.4	30.32	18.83	80.8
16/06/2018 5:32:47 PM	3611979167	1013.00	29.30	18.83	88.5	29.75	18.83	85.0	28.32	18.83	96.8	30.37	18.83	80.4
16/06/2018 5:32:48 PM	3611979168	1013.00	29.31	18.83	88.5	29.75	18.83	85.0	28.42	18.83	96.0	30.38	18.83	80.3
16/06/2018 5:32:49 PM	3611979169	1013.00	29.31	18.82	88.5	29.75	18.82	85.0	28.37	18.82	96.4	30.35	18.82	80.6
16/06/2018 5:32:50 PM	3611979170	1013.00	29.30	18.82	88.5	29.76	18.82	84.9	28.31	18.82	96.9	30.41	18.82	80.1
16/06/2018 5:32:51 PM	3611979171	1013.00	29.30	18.82	88.5	29.81	18.82	84.6	28.37	18.82	96.4	30.44	18.82	79.9
16/06/2018 5:32:52 PM	3611979172	1013.00	29.32	18.82	88.4	29.80	18.82	84.6	28.34	18.82	96.7	30.47	18.82	79.7
16/06/2018 5:32:53 PM	3611979173	1013.00	29.32	18.83	88.4	29.79	18.83	84.7	28.40	18.83	96.1	30.47	18.83	79.7
16/06/2018 5:32:54 PM	3611979174	1013.00	29.37	18.83	88.0	29.77	18.83	84.9	28.37	18.83	96.4	30.51	18.83	79.4
16/06/2018 5:32:55 PM	3611979175	1013.00	29.36	18.83	88.1	29.82	18.83	84.5	28.39	18.83	96.2	30.51	18.83	79.4
16/06/2018 5:32:56 PM	3611979176	1013.00	29.35	18.83	88.1	29.82	18.83	84.5	28.40	18.83	96.1	30.53	18.83	79.3
16/06/2018 5:32:57 PM	3611979177	1013.00	29.32	18.83	88.4	29.84	18.83	84.3	28.41	18.83	96.0	30.59	18.83	78.9
16/06/2018 5:32:58 PM	3611979178	1013.00	29.33	18.82	88.3	29.84	18.82	84.3	28.33	18.82	96.8	30.60	18.82	78.8
16/06/2018 5:32:59 PM	3611979179	1013.00	29.31	18.82	88.5	29.85	18.82	84.3	28.30	18.82	97.0	30.62	18.82	78.7
16/06/2018 5:33:00 PM	3611979180	1013.00	29.33	18.82	88.3	29.83	18.82	84.4	28.41	18.82	96.1	30.59	18.82	78.9
16/06/2018 5:33:01 PM	3611979181	1013.00	29.31	18.82	88.5	29.79	18.82	84.7	28.44	18.82	95.8	30.63	18.82	78.6
16/06/2018 5:33:02 PM	3611979182	1013.00	29.33	18.82	88.3	29.89	18.82	84.0	28.45	18.82	95.7	30.64	18.82	78.5
16/06/2018 5:33:03 PM	3611979183	1013.00	29.34	18.83	88.2	29.88	18.83	84.0	28.36	18.83	96.5	30.66	18.83	78.4
16/06/2018 5:33:04 PM	3611979184	1013.00	29.32	18.83	88.4	29.85	18.83	84.2	28.40	18.83	96.1	30.66	18.83	78.4
16/06/2018 5:33:05 PM	3611979185	1013.00	29.29	18.83	88.6	29.87	18.83	84.1	28.32	18.83	96.8	30.67	18.83	78.3
16/06/2018 5:33:06 PM	3611979186	1013.00	29.33	18.83	88.3	29.90	18.83	83.9	28.38	18.83	96.3	30.68	18.83	78.2
16/06/2018 5:33:07 PM	3611979187	1013.00	29.35	18.83	88.1	29.90	18.83	83.9	28.43	18.83	95.9	30.61	18.83	78.7
16/06/2018 5:33:08 PM	3611979188	1013.00	29.36	18.83	88.1	29.91	18.83	83.8	28.41	18.83	96.0	30.69	18.83	78.2
16/06/2018 5:33:09 PM	3611979189	1013.00	29.33	18.83	88.3	29.91	18.83	83.8	28.52	18.83	95.1	30.65	18.83	78.4
16/06/2018 5:33:10 PM	3611979190	1013.00	29.35	18.83	88.1	29.92	18.83	83.7	28.36	18.83	96.5	30.67	18.83	78.3
16/06/2018 5:33:11 PM	3611979191	1013.00	29.34	18.83	88.2	29.91	18.83	83.8	28.28	18.83	97.2	30.67	18.83	78.3
16/06/2018 5:33:12 PM	3611979192	1013.00	29.34	18.82	88.2	29.94	18.82	83.6	28.42	18.82	96.0	30.63	18.82	78.6
16/06/2018 5:33:13 PM	3611979193	1013.00	29.34	18.82	88.2	29.95	18.82	83.5	28.49	18.82	95.4	30.69	18.82	78.2
16/06/2018 5:33:14 PM	3611979194	1013.00	29.31	18.83	88.5	29.93	18.83	83.6	28.34	18.83	96.7	30.73	18.83	77.9
16/06/2018 5:33:15 PM	3611979195	1013.00	29.35	18.83	88.1	29.93	18.83	83.6	28.42	18.83	96.0	30.70	18.83	78.1
16/06/2018 5:33:16 PM	3611979196	1013.00	29.33	18.83	88.3	29.94	18.83	83.6	28.41	18.83	96.0	30.72	18.83	78.0
16/06/2018 5:33:17 PM	3611979197	1013.00	29.31	18.83	88.5	29.96	18.83	83.4	28.35	18.83	96.6	30.72	18.83	78.0
16/06/2018 5:33:18 PM	3611979198	1013.00	29.31	18.83	88.5	29.95	18.83	83.5	28.38	18.83	96.3	30.68	18.83	78.2
16/06/2018 5:33:19 PM	3611979199	1013.00	29.31	18.83	88.5	30.00	18.83	83.1	28.38	18.83	96.3	30.67	18.83	78.3
16/06/2018 5:33:20 PM	3611979200	1013.00	29.34	18.83	88.2	29.95	18.83	83.5	28.42	18.83	96.0	30.71	18.83	78.0
16/06/2018 5:33:21 PM	3611979201	1013.00	29.30	18.82	88.5	29.96	18.82	83.4	28.41	18.82	96.1	30.75	18.82	77.8
16/06/2018 5:33:22 PM	3611979202	1013.00	29.36	18.82	88.1	30.01	18.82	83.1	28.45	18.82	95.7	30.70	18.82	78.1
16/06/2018 5:33:23 PM	3611979203	1013.00	29.32	18.82	88.4	29.99	18.82	83.2	28.39	18.82	96.2	30.75	18.82	77.8
16/06/2018 5:33:24 PM	3611979204	1013.00	29.30	18.82	88.5	29.97	18.82	83.4	28.46	18.82	95.6	30.75	18.82	77.8
16/06/2018 5:33:25 PM	3611979205	1013.00	29.32	18.82	88.4	29.98	18.82	83.3	28.41	18.82	96.1	30.78	18.82	77.6
16/06/2018 5:33:26 PM	3611979206	1013.00	29.34	18.82	88.2	30.00	18.82	83.1	28.40	18.82	96.1	30.81	18.82	77.3
16/06/2018 5:33:27 PM	3611979207	1013.00	29.32	18.82	88.4	30.03	18.82	82.9	28.40	18.82	96.1	30.78	18.82	77.6
16/06/2018 5:33:28 PM	3611979208	1013.00	29.33	18.82	88.3	30.01	18.82	83.1	28.36	18.82	96.5	30.83	18.82	77.2
16/06/2018 5:33:29 PM	3611979209	1013.00	29.31	18.82	88.5	30.03	18.82	82.9	28.31	18.82	96.9	30.81	18.82	77.3
16/06/2018 5:33:30 PM	3611979210	1013.00	29.35	18.82	88.1	30.02	18.82	83.0	28.37	18.82	96.4	30.80	18.82	77.4
16/06/2018 5:33:31 PM	3611979211	1013.00	29.33	18.83	88.3	30.02	18.83	83.0	28.47	18.83	95.5	30.77	18.83	77.6
16/06/2018 5:33:32 PM	3611979212	1013.00	29.35	18.83	88.1	30.01	18.83	83.0	28.43	18.83	95.9	30.79	18.83	77.5
16/06/2018 5:33:33 PM	3611979213	1013.00	29.35	18.83	88.1	30.06	18.83	82.7	28.36	18.83	96.5	30.83	18.83	77.2
16/06/2018 5:33:34 PM	3611979214	1013.00	29.34	18.83	88.2	30.06	18.83	82.7	28.48	18.83	95.4	30.82	18.83	77.3
16/06/2018 5:33:35 PM	3611979215	1013.00	29.35	18.82	88.1	30.06	18.82	82.7	28.38	18.82	96.3	30.83	18.82	77.2
16/06/2018 5:33:36 PM	3611979216	1013.00	29.32	18.82	88.4	30.07	18.82	82.6	28.48	18.82	95.4	30.86	18.82	77.0
16/06/2018 5:33:37 PM	3611979217	1013.00	29.35	18.82	88.1	30.06	18.82	82.7	28.45	18.82	95.7	30.90	18.82	76.7
16/06/2018 5:33:38 PM	3611979218	1013.00	29.32	18.81	88.4	30.04	18.81	82.8	28.49	18.81	95.4	30.87	18.81	77.0
16/06/2018 5:33:39 PM	3611979219	1013.00	29.35	18.82	88.1	30.11	18.82	82.3	28.43	18.82	95.9	30.92	18.82	76.6
16/06/2018 5:33:40 PM	3611979220	1013.00	29.30	18.82	88.5	30.09	18.82	82.5	28.48	18.82	95.4	30.92	18.82	76.6
16/06/2018 5:33:41 PM	3611979221	1013.00	29.32	18.82	88.4	30.08	18.82	82.5	28.38	18.82	96.3	30.88	18.82	76.9
16/06/2018 5:33:42 PM	3611979222	1013.00	29.33	18.82	88.3	30.08	18.82	82.5	28.42	18.82	96.0	30.89	18.82	76.8
16/06/2018 5:33:43 PM	3611979223	1013.00	29.33	18.82	88.3	30.10	18.82	82.4	28.41	18.82	96.1	30.93	18.82	76.5
16/06/2018 5:33:44 PM	3611979224	1013.00	29.31	18.82	88.5	30.09	18.82	82.5	28.42	18.82	96.0	30.89	18.82	76.8
16/06/2018 5:33:45 PM	3611979225	1013.00	29.36	18.82	88.1	30.09	18.82	82.5	28.46	18.82	95.6	30.88	18.82	76.9
16/06/2018 5:33:46 PM	3611979226	1013.00	29.34	18.82	88.2	30.10	18.82	82.4	28.49	18.82	95.4	30.88	18.82	76.9
16/06/2018 5:33:47 PM	3611979227	1013.00	29.36	18.82	88.1	30.08	18.82	82.5	28.46	18.82	95.6	30.94	18.82	76.5
16/06/2018 5:33:48 PM	3611979228	1013.00	29.33	18.82	88.3	30.10	18.82	82.4	28.47	18.82	95.5	30.87	18.82	76.9
16/06/2018 5:33:49 PM	3611979229	1013.00	29.34	18.82	88.2	30.11	18.82	82.3	28.43	18.82	95.9	30.96	18.82	76.3
16/06/2018 5:33:50 PM	3611979230	1013.00	29.35	18.82	88.1	30.12	18.82	82.2	28.37	18.82	96.4	30.90	18.82	76.7
16/06/2018 5:33:51 PM	3611979231	1013.00	29.35	18.82	88.1	30.14	18.82	82.1	28.45	18.82	95.7	30.91	18.82	76.7
16/06/2018 5:33:52 PM	3611979232	1013.00	29.34	18.82	88.2	30.13	18.82	82.2	28.47	18.82	95.5	30.92	18.82	76.6
16/06/2018 5:33:53 PM	3611979233	1013.00	29.34	18.82	88.2	30.11	18.82	82.3	28.49	18.82	95.4	30.92	18.82	76.6
16/06/2018 5:33:54 PM	3611979234	1013.00	29.32	18.82	88.4	30.14	18.82	82.1	28.47	18.82	95.5	30.91	18.82	76.7
16/06/2018 5:33:55 PM	3611979235	1013.00	29.33	18.82	88.3	30.16	18.82	81.9	28.43	18.82	95.9	30.93	18.82	76.5
16/06/2018 5:33:56 PM	3611979236	1013.00	29.32	18.82	88.4	30.12	18.82	82.2	28.46	18.82	95.6	30.92	18.82	76.6
16/06/2018 5:33:57 PM	3611979237	1013.00	29.32	18.82	88.4	30.15	18.82	82.0	28.56	18.82	94.7	30.93	18.82	76.5
16/06/2018 5:33:58 PM	3611979238	1013.00	29.34	18.82	88.2	30.11	18.82	82.3	28.62	18.82	94.2	30.95	18.82	76.4
16/06/2018 5:33:59 PM	3611979239	1013.00	29.36	18.82	88.1	30.15	18.82	82.0	28.58	18.82	94.6	30.96	18.82	76.3
16/06/2018 5:34:00 PM	3611979240	1013.00	29.31	18.82	88.5	30.13	18.82	82.2	28.47	18.82	95.5	30.94	18.82	76.5
16/06/2018 5:34:01 PM	3611979241	1013.00	29.33	18.82	88.3	30.15	18.82	82.0	28.45	18.82	95.7	30.93	18.82	76.5
16/06/2018 5:34:02 PM	3611979242	1013.00	29.32	18.82	88.4	30.15	18.82	82.0	28.39	18.82	96.2	30.98	18.82	76.2
16/06/2018 5:34:03 PM	3611979243	1013.00	29.37	18.82	88.0	30.17	18.82	81.9	28.44	18.82	95.8	31.00	18.82	76.1
16/06/2018 5:34:04 PM	3611979244	1013.00	29.35	18.82	88.1	30.13	18.82	82.2	28.53	18.82	95.0	31.00	18.82	76.1
16/06/2018 5:34:05 PM	3611979245	1013.00	29.37	18.82	88.0	30.19	18.82	81.7	28.47	18.82	95.5	30.99	18.82	76.1
16/06/2018 5:34:06 PM	3611979246	1013.00	29.35	18.82	88.1	30.12	18.82	82.2	28.48	18.82	95.4	31.02	18.82	75.9
16/06/2018 5:34:07 PM	3611979247	1013.00	29.36	18.82	88.1	30.15	18.82	82.0	28.53	18.82	95.0	30.99	18.82	76.1
16/06/2018 5:34:08 PM	3611979248	1013.00	29.35	18.82	88.1	30.17	18.82	81.9	28.48	18.82	95.4	31.01	18.82	76.0
16/06/2018 5:34:09 PM	3611979249	1013.00	29.37	18.82	88.0	30.18	18.82	81.8	28.44	18.82	95.8	31.03	18.82	75.9
16/06/2018 5:34:10 PM	3611979250	1013.00	29.37	18.82	88.0	30.12	18.82	82.2	28.51	18.82	95.2	31.06	18.82	75.7
16/06/2018 5:34:11 PM	3611979251	1013.00	29.36	18.82	88.1	30.15	18.82	82.0	28.57	18.82	94.7	31.02	18.82	75.9
16/06/2018 5:34:12 PM	3611979252	1013.00	29.36	18.82	88.1	30.17	18.82	81.9	28.53	18.82	95.0	31.05	18.82	75.7
16/06/2018 5:34:13 PM	3611979253	1013.00	29.36	18.82	88.1	30.19	18.82	81.7	28.51	18.82	95.2	31.06	18.82	75.7
16/06/2018 5:34:14 PM	3611979254	1013.00	29.38	18.82	87.9	30.17	18.82	81.9	28.51	18.82	95.2	31.08	18.82	75.5
16/06/2018 5:34:15 PM	3611979255	1013.00	29.38	18.82	87.9	30.16	18.82	81.9	28.50	18.82	95.3	31.05	18.82	75.7
16/06/2018 5:34:16 PM	3611979256	1013.00	29.36	18.83	88.1	30.16	18.83	81.9	28.45	18.83	95.7	31.08	18.83	75.5
16/06/2018 5:34:17 PM	3611979257	1013.00	29.39	18.82	87.8	30.16	18.82	81.9	28.53	18.82	95.0	31.04	18.82	75.8
16/06/2018 5:34:18 PM	3611979258	1013.00	29.36	18.82	88.1	30.15	18.82	82.0	28.51	18.82	95.2	31.07	18.82	75.6
16/06/2018 5:34:19 PM	3611979259	1013.00	29.37	18.82	88.0	30.21	18.82	81.6	28.50	18.82	95.3	31.01	18.82	76.0
16/06/2018 5:34:20 PM	3611979260	1013.00	29.39	18.82	87.8	30.18	18.82	81.8	28.53	18.82	95.0	31.05	18.82	75.7
16/06/2018 5:34:21 PM	3611979261	1013.00	29.42	18.82	87.6	30.22	18.82	81.5	28.46	18.82	95.6	31.02	18.82	75.9
16/06/2018 5:34:22 PM	3611979262	1013.00	29.37	18.82	88.0	30.20	18.82	81.7	28.57	18.82	94.7	31.11	18.82	75.3
16/06/2018 5:34:23 PM	3611979263	1013.00	29.38	18.82	87.9	30.19	18.82	81.7	28.58	18.82	94.6	31.09	18.82	75.5
16/06/2018 5:34:24 PM	3611979264	1013.00	29.44	18.82	87.4	30.22	18.82	81.5	28.51	18.82	95.2	31.11	18.82	75.3
16/06/2018 5:34:25 PM	3611979265	1013.00	29.41	18.82	87.7	30.23	18.82	81.4	28.56	18.82	94.7	31.08	18.82	75.5
16/06/2018 5:34:26 PM	3611979266	1013.00	29.40	18.82	87.7	30.22	18.82	81.5	28.45	18.82	95.7	31.11	18.82	75.3
16/06/2018 5:34:27 PM	3611979267	1013.00	29.41	18.82	87.7	30.22	18.82	81.5	28.52	18.82	95.1	31.05	18.82	75.7
16/06/2018 5:34:28 PM	3611979268	1013.00	29.43	18.82	87.5	30.22	18.82	81.5	28.54	18.82	94.9	31.08	18.82	75.5
16/06/2018 5:34:29 PM	3611979269	1013.00	29.42	18.82	87.6	30.22	18.82	81.5	28.60	18.82	94.4	31.04	18.82	75.8
16/06/2018 5:34:30 PM	3611979270	1013.00	29.37	18.82	88.0	30.21	18.82	81.6	28.63	18.82	94.1	31.14	18.82	75.1
16/06/2018 5:34:31 PM	3611979271	1013.00	29.43	18.82	87.5	30.24	18.82	81.4	28.58	18.82	94.6	31.14	18.82	75.1
16/06/2018 5:34:32 PM	3611979272	1013.00	29.44	18.82	87.4	30.24	18.82	81.4	28.66	18.82	93.9	31.14	18.82	75.1
16/06/2018 5:34:33 PM	3611979273	1013.00	29.42	18.82	87.6	30.24	18.82	81.4	28.46	18.82	95.6	31.16	18.82	75.0
16/06/2018 5:34:34 PM	3611979274	1013.00	29.42	18.82	87.6	30.23	18.82	81.4	28.57	18.82	94.7	31.20	18.82	74.7
16/06/2018 5:34:35 PM	3611979275	1013.00	29.38	18.82	87.9	30.22	18.82	81.5	28.59	18.82	94.5	31.22	18.82	74.6
16/06/2018 5:34:36 PM	3611979276	1013.00	29.42	18.82	87.6	30.27	18.82	81.1	28.54	18.82	94.9	31.29	18.82	74.1
16/06/2018 5:34:37 PM	3611979277	1013.00	29.45	18.82	87.4	30.22	18.82	81.5	28.58	18.82	94.6	31.27	18.82	74.3
16/06/2018 5:34:38 PM	3611979278	1013.00	29.45	18.82	87.4	30.24	18.82	81.4	28.52	18.82	95.1	31.27	18.82	74.3
16/06/2018 5:34:39 PM	3611979279	1013.00	29.44	18.82	87.4	30.27	18.82	81.1	28.58	18.82	94.6	31.28	18.82	74.2
16/06/2018 5:34:40 PM	3611979280	1013.00	29.42	18.82	87.6	30.21	18.82	81.6	28.54	18.82	94.9	31.27	18.82	74.3
16/06/2018 5:34:41 PM	3611979281	1013.00	29.42	18.82	87.6	30.26	18.82	81.2	28.68	18.82	93.7	31.35	18.82	73.8
16/06/2018 5:34:42 PM	3611979282	1013.00	29.44	18.82	87.4	30.25	18.82	81.3	28.61	18.82	94.3	31.35	18.82	73.8
16/06/2018 5:34:43 PM	3611979283	1013.00	29.45	18.82	87.4	30.27	18.82	81.1	28.60	18.82	94.4	31.36	18.82	73.7
16/06/2018 5:34:44 PM	3611979284	1013.00	29.47	18.82	87.2	30.24	18.82	81.4	28.46	18.82	95.6	31.34	18.82	73.8
16/06/2018 5:34:45 PM	3611979285	1013.00	29.45	18.82	87.4	30.28	18.82	81.1	28.63	18.82	94.1	31.36	18.82	73.7
16/06/2018 5:34:46 PM	3611979286	1013.00	29.45	18.82	87.4	30.25	18.82	81.3	28.45	18.82	95.7	31.33	18.82	73.9
16/06/2018 5:34:47 PM	3611979287	1013.00	29.45	18.82	87.4	30.28	18.82	81.1	28.53	18.82	95.0	31.39	18.82	73.5
16/06/2018 5:34:48 PM	3611979288	1013.00	29.45	18.82	87.4	30.26	18.82	81.2	28.59	18.82	94.5	31.32	18.82	73.9
16/06/2018 5:34:49 PM	3611979289	1013.00	29.49	18.82	87.0	30.27	18.82	81.1	28.61	18.82	94.3	31.44	18.82	73.2
16/06/2018 5:34:50 PM	3611979290	1013.00	29.48	18.82	87.1	30.29	18.82	81.0	28.50	18.82	95.3	31.42	18.82	73.3
16/06/2018 5:34:51 PM	3611979291	1013.00	29.47	18.83	87.2	30.26	18.83	81.2	28.57	18.83	94.6	31.49	18.83	72.8
16/06/2018 5:34:52 PM	3611979292	1013.00	29.48	18.83	87.1	30.27	18.83	81.1	28.67	18.83	93.8	31.43	18.83	73.2
16/06/2018 5:34:53 PM	3611979293	1013.00	29.47	18.82	87.2	30.27	18.82	81.1	28.65	18.82	94.0	31.45	18.82	73.1
16/06/2018 5:34:54 PM	3611979294	1013.00	29.47	18.82	87.2	30.26	18.82	81.2	28.66	18.82	93.9	31.48	18.82	72.9
16/06/2018 5:34:55 PM	3611979295	1013.00	29.51	18.82	86.9	30.30	18.82	80.9	28.50	18.82	95.3	31.45	18.82	73.1
16/06/2018 5:34:56 PM	3611979296	1013.00	29.53	18.82	86.7	30.28	18.82	81.1	28.69	18.82	93.6	31.48	18.82	72.9
16/06/2018 5:34:57 PM	3611979297	1013.00	29.50	18.82	87.0	30.31	18.82	80.9	28.70	18.82	93.5	31.53	18.82	72.6
16/06/2018 5:34:58 PM	3611979298	1013.00	29.50	18.82	87.0	30.29	18.82	81.0	28.61	18.82	94.3	31.57	18.82	72.3
16/06/2018 5:34:59 PM	3611979299	1013.00	29.50	18.82	87.0	30.30	18.82	80.9	28.59	18.82	94.5	31.55	18.82	72.5
16/06/2018 5:35:00 PM	3611979300	1013.00	29.52	18.82	86.8	30.32	18.82	80.8	28.62	18.82	94.2	31.59	18.82	72.2
16/06/2018 5:35:01 PM	3611979301	1013.00	29.54	18.82	86.6	30.28	18.82	81.1	28.54	18.82	94.9	31.57	18.82	72.3
16/06/2018 5:35:02 PM	3611979302	1013.00	29.56	18.82	86.5	30.33	18.82	80.7	28.53	18.82	95.0	31.58	18.82	72.3
16/06/2018 5:35:03 PM	3611979303	1013.00	29.52	18.81	86.8	30.29	18.81	81.0	28.58	18.81	94.6	31.56	18.81	72.4
16/06/2018 5:35:04 PM	3611979304	1013.00	29.53	18.81	86.7	30.32	18.81	80.8	28.64	18.81	94.1	31.59	18.81	72.2
16/06/2018 5:35:05 PM	3611979305	1013.00	29.52	18.81	86.8	30.33	18.81	80.7	28.60	18.81	94.4	31.60	18.81	72.2
16/06/2018 5:35:06 PM	3611979306	1013.00	29.52	18.82	86.8	30.30	18.82	80.9	28.62	18.82	94.2	31.67	18.82	71.7
16/06/2018 5:35:07 PM	3611979307	1013.00	29.58	18.82	86.3	30.33	18.82	80.7	28.67	18.82	93.8	31.70	18.82	71.5
16/06/2018 5:35:08 PM	3611979308	1013.00	29.55	18.82	86.6	30.33	18.82	80.7	28.71	18.82	93.4	31.71	18.82	71.5
16/06/2018 5:35:09 PM	3611979309	1013.00	29.58	18.82	86.3	30.37	18.82	80.4	28.63	18.82	94.1	31.78	18.82	71.0
16/06/2018 5:35:10 PM	3611979310	1013.00	29.57	18.82	86.4	30.38	18.82	80.4	28.54	18.82	94.9	31.79	18.82	71.0
16/06/2018 5:35:11 PM	3611979311	1013.00	29.56	18.82	86.5	30.40	18.82	80.2	28.59	18.82	94.5	31.85	18.82	70.6
16/06/2018 5:35:12 PM	3611979312	1013.00	29.54	18.82	86.6	30.42	18.82	80.1	28.70	18.82	93.5	31.87	18.82	70.5
16/06/2018 5:35:13 PM	3611979313	1013.00	29.57	18.81	86.4	30.38	18.81	80.4	28.63	18.81	94.1	31.88	18.81	70.4
16/06/2018 5:35:14 PM	3611979314	1013.00	29.59	18.81	86.3	30.43	18.81	80.0	28.70	18.81	93.5	31.93	18.81	70.1
16/06/2018 5:35:15 PM	3611979315	1013.00	29.57	18.81	86.4	30.40	18.81	80.2	28.73	18.81	93.3	31.91	18.81	70.2
16/06/2018 5:35:16 PM	3611979316	1013.00	29.56	18.82	86.5	30.41	18.82	80.1	28.69	18.82	93.6	31.92	18.82	70.2
16/06/2018 5:35:17 PM	3611979317	1013.00	29.57	18.82	86.4	30.37	18.82	80.4	28.58	18.82	94.6	31.92	18.82	70.2
16/06/2018 5:35:18 PM	3611979318	1013.00	29.60	18.82	86.2	30.41	18.82	80.1	28.59	18.82	94.5	31.95	18.82	70.0
16/06/2018 5:35:19 PM	3611979319	1013.00	29.56	18.82	86.5	30.39	18.82	80.3	28.69	18.82	93.6	31.93	18.82	70.1
16/06/2018 5:35:20 PM	3611979320	1013.00	29.57	18.82	86.4	30.36	18.82	80.5	28.71	18.82	93.4	31.93	18.82	70.1
16/06/2018 5:35:21 PM	3611979321	1013.00	29.58	18.82	86.3	30.44	18.82	79.9	28.65	18.82	94.0	31.96	18.82	69.9
