Date & time of file creation	9/06/2018 8:43 PM													
Data file path	C:\Users\ameli\Desktop\Luke Strasiotto\Old3.txt													
														
														
CALIBRATION DATA														
Parameter/Channel	N moving average	LO phase [r.U.]	HI phase [r.U.]	LO oxygen [%air saturation]	HI oxygen [%air saturation]	LO temperature [°C]	HI temperature [°C]	Salinity [‰]						
S WOT 0041 000001   , CH 1	1	60.29	29.03	0.00	100.00	19.34	19.13	0.000						
S WOT 0041 000001   , CH 2	1	60.29	29.03	0.00	100.00	19.35	19.11	0.000						
S WOT 0041 000001   , CH 3	1	60.29	29.03	0.00	100.00	19.34	19.11	0.000						
S WOT 0041 000001   , CH 4	1	60.29	29.03	0.00	100.00	19.33	19.09	0.000						
														
														
Date &Time [DD-MM-YYYY HH:MM:SS]	Time stamp code	Barometric pressure [hPa]	S WOT 0041 000001   , CH 1 phase [r.U.]	S WOT 0041 000001   , CH 1 temp [°C]	S WOT 0041 000001   , CH 1 O2 [% air saturation]	S WOT 0041 000001   , CH 2 phase [r.U.]	S WOT 0041 000001   , CH 2 temp [°C]	S WOT 0041 000001   , CH 2 O2 [% air saturation]	S WOT 0041 000001   , CH 3 phase [r.U.]	S WOT 0041 000001   , CH 3 temp [°C]	S WOT 0041 000001   , CH 3 O2 [% air saturation]	S WOT 0041 000001   , CH 4 phase [r.U.]	S WOT 0041 000001   , CH 4 temp [°C]	S WOT 0041 000001   , CH 4 O2 [% air saturation]
9/06/2018 8:43:32 PM	3611385812	1013.00	26.88	27.36	105.3	27.77	27.36	96.8	26.64	27.36	107.7	NaN	27.36	NaN
9/06/2018 8:43:33 PM	3611385813	1013.00	26.89	27.36	105.2	27.79	27.36	96.6	26.63	27.36	107.8	NaN	27.36	NaN
9/06/2018 8:43:34 PM	3611385814	1013.00	26.89	27.36	105.2	27.81	27.36	96.4	26.61	27.36	108.0	NaN	27.36	NaN
9/06/2018 8:43:35 PM	3611385815	1013.00	26.90	27.38	105.1	27.80	27.38	96.5	26.66	27.38	107.5	NaN	27.38	NaN
9/06/2018 8:43:36 PM	3611385816	1013.00	26.91	27.37	105.0	27.79	27.37	96.6	26.62	27.37	107.9	NaN	27.37	NaN
9/06/2018 8:43:37 PM	3611385817	1013.00	26.90	27.37	105.1	27.81	27.37	96.4	26.65	27.37	107.6	NaN	27.37	NaN
9/06/2018 8:43:38 PM	3611385818	1013.00	26.91	27.38	105.0	27.84	27.38	96.1	26.62	27.38	107.9	NaN	27.38	NaN
9/06/2018 8:43:39 PM	3611385819	1013.00	26.89	27.37	105.2	27.80	27.37	96.5	26.64	27.37	107.7	NaN	27.37	NaN
9/06/2018 8:43:40 PM	3611385820	1013.00	26.89	27.36	105.2	27.82	27.36	96.4	26.62	27.36	107.9	NaN	27.36	NaN
9/06/2018 8:43:41 PM	3611385821	1013.00	26.88	27.36	105.3	27.81	27.36	96.4	26.62	27.36	107.9	NaN	27.36	NaN
9/06/2018 8:43:42 PM	3611385822	1013.00	26.92	27.36	104.9	27.83	27.36	96.3	26.64	27.36	107.7	NaN	27.36	NaN
9/06/2018 8:43:43 PM	3611385823	1013.00	26.89	27.35	105.2	27.78	27.35	96.7	26.65	27.35	107.6	NaN	27.35	NaN
9/06/2018 8:43:44 PM	3611385824	1013.00	26.89	27.35	105.2	27.82	27.35	96.4	26.63	27.35	107.9	NaN	27.35	NaN
9/06/2018 8:43:45 PM	3611385825	1013.00	26.89	27.35	105.2	27.81	27.35	96.5	26.62	27.35	108.0	NaN	27.35	NaN
9/06/2018 8:43:46 PM	3611385826	1013.00	26.91	27.36	105.0	27.82	27.36	96.4	26.63	27.36	107.8	NaN	27.36	NaN
9/06/2018 8:43:47 PM	3611385827	1013.00	26.90	27.35	105.1	27.81	27.35	96.5	26.68	27.35	107.3	NaN	27.35	NaN
9/06/2018 8:43:48 PM	3611385828	1013.00	26.91	27.35	105.0	27.81	27.35	96.5	26.62	27.35	108.0	NaN	27.35	NaN
9/06/2018 8:43:49 PM	3611385829	1013.00	26.90	27.35	105.1	27.86	27.35	96.0	26.64	27.35	107.8	NaN	27.35	NaN
9/06/2018 8:43:50 PM	3611385830	1013.00	26.91	27.35	105.0	27.84	27.35	96.2	26.65	27.35	107.6	NaN	27.35	NaN
9/06/2018 8:43:51 PM	3611385831	1013.00	26.89	27.34	105.3	27.80	27.34	96.6	26.68	27.34	107.4	NaN	27.34	NaN
9/06/2018 8:43:52 PM	3611385832	1013.00	26.91	27.34	105.1	27.86	27.34	96.0	26.62	27.34	108.0	NaN	27.34	NaN
9/06/2018 8:43:53 PM	3611385833	1013.00	26.92	27.34	105.0	27.83	27.34	96.3	26.64	27.34	107.8	NaN	27.34	NaN
9/06/2018 8:43:54 PM	3611385834	1013.00	26.87	27.34	105.5	27.82	27.34	96.4	26.65	27.34	107.7	NaN	27.34	NaN
9/06/2018 8:43:55 PM	3611385835	1013.00	26.93	27.34	104.9	27.83	27.34	96.3	26.65	27.34	107.7	NaN	27.34	NaN
9/06/2018 8:43:56 PM	3611385836	1013.00	26.94	27.35	104.7	27.84	27.35	96.2	26.63	27.35	107.9	NaN	27.35	NaN
9/06/2018 8:43:57 PM	3611385837	1013.00	26.91	27.35	105.0	27.85	27.35	96.1	26.63	27.35	107.9	NaN	27.35	NaN
9/06/2018 8:43:58 PM	3611385838	1013.00	26.92	27.35	104.9	27.82	27.35	96.4	26.69	27.35	107.2	NaN	27.35	NaN
9/06/2018 8:43:59 PM	3611385839	1013.00	26.88	27.36	105.3	27.79	27.36	96.6	26.64	27.36	107.7	NaN	27.36	NaN
9/06/2018 8:44:00 PM	3611385840	1013.00	26.92	27.37	104.9	27.82	27.37	96.3	26.64	27.37	107.7	NaN	27.37	NaN
9/06/2018 8:44:01 PM	3611385841	1013.00	26.88	27.37	105.3	27.82	27.37	96.3	26.65	27.37	107.6	NaN	27.37	NaN
9/06/2018 8:44:02 PM	3611385842	1013.00	26.90	27.37	105.1	27.80	27.37	96.5	26.62	27.37	107.9	NaN	27.37	NaN
9/06/2018 8:44:03 PM	3611385843	1013.00	26.88	27.38	105.3	27.77	27.38	96.8	26.61	27.38	108.0	NaN	27.38	NaN
9/06/2018 8:44:04 PM	3611385844	1013.00	26.91	27.38	105.0	27.80	27.38	96.5	26.66	27.38	107.5	NaN	27.38	NaN
9/06/2018 8:44:05 PM	3611385845	1013.00	26.90	27.39	105.1	27.82	27.39	96.3	26.65	27.39	107.6	NaN	27.39	NaN
9/06/2018 8:44:06 PM	3611385846	1013.00	26.89	27.39	105.2	27.79	27.39	96.6	26.65	27.39	107.6	NaN	27.39	NaN
9/06/2018 8:44:07 PM	3611385847	1013.00	26.92	27.39	104.9	27.77	27.39	96.8	26.64	27.39	107.7	NaN	27.39	NaN
9/06/2018 8:44:08 PM	3611385848	1013.00	26.90	27.40	105.1	27.80	27.40	96.5	26.60	27.40	108.1	NaN	27.40	NaN
9/06/2018 8:44:09 PM	3611385849	1013.00	26.90	27.39	105.1	27.78	27.39	96.7	26.63	27.39	107.8	NaN	27.39	NaN
9/06/2018 8:44:10 PM	3611385850	1013.00	26.90	27.38	105.1	27.80	27.38	96.5	26.63	27.38	107.8	NaN	27.38	NaN
9/06/2018 8:44:11 PM	3611385851	1013.00	26.92	27.38	104.9	27.75	27.38	97.0	26.67	27.38	107.4	NaN	27.38	NaN
9/06/2018 8:44:12 PM	3611385852	1013.00	26.89	27.39	105.2	27.78	27.39	96.7	26.64	27.39	107.7	NaN	27.39	NaN
9/06/2018 8:44:13 PM	3611385853	1013.00	26.89	27.38	105.2	27.80	27.38	96.5	26.66	27.38	107.5	NaN	27.38	NaN
9/06/2018 8:44:14 PM	3611385854	1013.00	26.88	27.39	105.3	27.76	27.39	96.9	26.64	27.39	107.7	NaN	27.39	NaN
9/06/2018 8:44:15 PM	3611385855	1013.00	26.89	27.40	105.2	27.80	27.40	96.5	26.61	27.40	108.0	NaN	27.40	NaN
9/06/2018 8:44:16 PM	3611385856	1013.00	26.92	27.40	104.9	27.76	27.40	96.8	26.63	27.40	107.8	NaN	27.40	NaN
9/06/2018 8:44:17 PM	3611385857	1013.00	26.90	27.40	105.1	27.75	27.40	96.9	26.65	27.40	107.6	NaN	27.40	NaN
9/06/2018 8:44:18 PM	3611385858	1013.00	26.91	27.41	104.9	27.75	27.41	96.9	26.63	27.41	107.7	NaN	27.41	NaN
9/06/2018 8:44:19 PM	3611385859	1013.00	26.90	27.41	105.0	27.75	27.41	96.9	26.66	27.41	107.4	NaN	27.41	NaN
9/06/2018 8:44:20 PM	3611385860	1013.00	26.92	27.41	104.8	27.76	27.41	96.8	26.65	27.41	107.5	NaN	27.41	NaN
9/06/2018 8:44:21 PM	3611385861	1013.00	26.90	27.41	105.0	27.78	27.41	96.6	26.68	27.41	107.2	NaN	27.41	NaN
9/06/2018 8:44:22 PM	3611385862	1013.00	26.91	27.41	104.9	27.79	27.41	96.5	26.67	27.41	107.3	NaN	27.41	NaN
9/06/2018 8:44:23 PM	3611385863	1013.00	26.95	27.40	104.6	27.78	27.40	96.7	26.63	27.40	107.8	NaN	27.40	NaN
9/06/2018 8:44:24 PM	3611385864	1013.00	26.92	27.39	104.9	27.79	27.39	96.6	26.67	27.39	107.4	NaN	27.39	NaN
9/06/2018 8:44:25 PM	3611385865	1013.00	26.89	27.40	105.2	27.77	27.40	96.7	26.67	27.40	107.3	NaN	27.40	NaN
9/06/2018 8:44:26 PM	3611385866	1013.00	26.92	27.40	104.9	27.74	27.40	97.0	26.68	27.40	107.2	NaN	27.40	NaN
9/06/2018 8:44:27 PM	3611385867	1013.00	26.90	27.40	105.1	27.75	27.40	96.9	26.69	27.40	107.1	NaN	27.40	NaN
9/06/2018 8:44:28 PM	3611385868	1013.00	26.91	27.41	104.9	27.77	27.41	96.7	26.66	27.41	107.4	NaN	27.41	NaN
9/06/2018 8:44:29 PM	3611385869	1013.00	26.93	27.42	104.7	27.76	27.42	96.8	26.67	27.42	107.3	NaN	27.42	NaN
9/06/2018 8:44:30 PM	3611385870	1013.00	26.90	27.42	105.0	27.75	27.42	96.9	26.65	27.42	107.5	NaN	27.42	NaN
9/06/2018 8:44:31 PM	3611385871	1013.00	26.90	27.42	105.0	27.76	27.42	96.8	26.63	27.42	107.7	NaN	27.42	NaN
9/06/2018 8:44:32 PM	3611385872	1013.00	26.93	27.42	104.7	27.81	27.42	96.3	26.66	27.42	107.4	NaN	27.42	NaN
9/06/2018 8:44:33 PM	3611385873	1013.00	26.94	27.42	104.6	27.78	27.42	96.6	26.67	27.42	107.3	NaN	27.42	NaN
9/06/2018 8:44:34 PM	3611385874	1013.00	26.91	27.41	104.9	27.81	27.41	96.4	26.69	27.41	107.1	NaN	27.41	NaN
9/06/2018 8:44:35 PM	3611385875	1013.00	26.92	27.41	104.8	27.80	27.41	96.5	26.68	27.41	107.2	NaN	27.41	NaN
9/06/2018 8:44:36 PM	3611385876	1013.00	26.92	27.42	104.8	27.83	27.42	96.2	26.65	27.42	107.5	NaN	27.42	NaN
9/06/2018 8:44:37 PM	3611385877	1013.00	26.92	27.42	104.8	27.82	27.42	96.3	26.65	27.42	107.5	NaN	27.42	NaN
9/06/2018 8:44:38 PM	3611385878	1013.00	26.89	27.43	105.1	27.81	27.43	96.3	26.65	27.43	107.5	NaN	27.43	NaN
9/06/2018 8:44:39 PM	3611385879	1013.00	26.93	27.43	104.7	27.80	27.43	96.4	26.67	27.43	107.3	NaN	27.43	NaN
9/06/2018 8:44:40 PM	3611385880	1013.00	26.90	27.43	105.0	27.80	27.43	96.4	26.68	27.43	107.2	NaN	27.43	NaN
9/06/2018 8:44:41 PM	3611385881	1013.00	26.93	27.43	104.7	27.81	27.43	96.3	26.71	27.43	106.9	NaN	27.43	NaN
9/06/2018 8:44:42 PM	3611385882	1013.00	26.93	27.43	104.7	27.81	27.43	96.3	26.70	27.43	107.0	NaN	27.43	NaN
9/06/2018 8:44:43 PM	3611385883	1013.00	26.94	27.43	104.6	27.82	27.43	96.2	26.69	27.43	107.1	NaN	27.43	NaN
9/06/2018 8:44:44 PM	3611385884	1013.00	26.91	27.43	104.9	27.80	27.43	96.4	26.69	27.43	107.1	NaN	27.43	NaN
9/06/2018 8:44:45 PM	3611385885	1013.00	26.93	27.43	104.7	27.82	27.43	96.2	26.70	27.43	107.0	NaN	27.43	NaN
9/06/2018 8:44:46 PM	3611385886	1013.00	26.92	27.42	104.8	27.84	27.42	96.1	26.69	27.42	107.1	NaN	27.42	NaN
9/06/2018 8:44:47 PM	3611385887	1013.00	26.92	27.42	104.8	27.81	27.42	96.3	26.71	27.42	106.9	NaN	27.42	NaN
9/06/2018 8:44:48 PM	3611385888	1013.00	26.92	27.41	104.8	27.84	27.41	96.1	26.71	27.41	106.9	NaN	27.41	NaN
9/06/2018 8:44:49 PM	3611385889	1013.00	26.93	27.41	104.7	27.81	27.41	96.4	26.69	27.41	107.1	NaN	27.41	NaN
9/06/2018 8:44:50 PM	3611385890	1013.00	26.95	27.42	104.5	27.80	27.42	96.4	26.74	27.42	106.6	NaN	27.42	NaN
9/06/2018 8:44:51 PM	3611385891	1013.00	26.96	27.42	104.4	27.79	27.42	96.5	26.69	27.42	107.1	NaN	27.42	NaN
9/06/2018 8:44:52 PM	3611385892	1013.00	26.95	27.42	104.5	27.80	27.42	96.4	26.71	27.42	106.9	NaN	27.42	NaN
9/06/2018 8:44:53 PM	3611385893	1013.00	26.96	27.42	104.4	27.81	27.42	96.3	26.64	27.42	107.6	NaN	27.42	NaN
9/06/2018 8:44:54 PM	3611385894	1013.00	26.93	27.42	104.7	27.82	27.42	96.3	26.69	27.42	107.1	NaN	27.42	NaN
9/06/2018 8:44:55 PM	3611385895	1013.00	26.93	27.42	104.7	27.78	27.42	96.6	26.70	27.42	107.0	NaN	27.42	NaN
9/06/2018 8:44:56 PM	3611385896	1013.00	26.94	27.42	104.6	27.81	27.42	96.3	26.70	27.42	107.0	NaN	27.42	NaN
9/06/2018 8:44:57 PM	3611385897	1013.00	26.94	27.42	104.6	27.77	27.42	96.7	26.71	27.42	106.9	NaN	27.42	NaN
9/06/2018 8:44:58 PM	3611385898	1013.00	26.94	27.43	104.6	27.81	27.43	96.3	26.69	27.43	107.1	NaN	27.43	NaN
9/06/2018 8:44:59 PM	3611385899	1013.00	26.95	27.43	104.5	27.79	27.43	96.5	26.70	27.43	107.0	NaN	27.43	NaN
9/06/2018 8:45:00 PM	3611385900	1013.00	26.95	27.43	104.5	27.79	27.43	96.5	26.70	27.43	107.0	NaN	27.43	NaN
9/06/2018 8:45:01 PM	3611385901	1013.00	26.95	27.44	104.5	27.80	27.44	96.4	26.71	27.44	106.9	NaN	27.44	NaN
9/06/2018 8:45:02 PM	3611385902	1013.00	26.93	27.43	104.7	27.78	27.43	96.6	26.71	27.43	106.9	NaN	27.43	NaN
9/06/2018 8:45:03 PM	3611385903	1013.00	26.92	27.44	104.8	27.79	27.44	96.5	26.73	27.44	106.7	NaN	27.44	NaN
9/06/2018 8:45:04 PM	3611385904	1013.00	26.93	27.44	104.7	27.77	27.44	96.7	26.73	27.44	106.7	NaN	27.44	NaN
9/06/2018 8:45:05 PM	3611385905	1013.00	26.97	27.44	104.3	27.77	27.44	96.7	26.70	27.44	107.0	NaN	27.44	NaN
9/06/2018 8:45:06 PM	3611385906	1013.00	26.92	27.44	104.8	27.77	27.44	96.7	26.68	27.44	107.2	NaN	27.44	NaN
9/06/2018 8:45:07 PM	3611385907	1013.00	26.93	27.44	104.7	27.75	27.44	96.9	26.69	27.44	107.1	NaN	27.44	NaN
9/06/2018 8:45:08 PM	3611385908	1013.00	26.94	27.43	104.6	27.80	27.43	96.4	26.70	27.43	107.0	NaN	27.43	NaN
9/06/2018 8:45:09 PM	3611385909	1013.00	26.95	27.43	104.5	27.78	27.43	96.6	26.68	27.43	107.2	NaN	27.43	NaN
9/06/2018 8:45:10 PM	3611385910	1013.00	26.93	27.43	104.7	27.77	27.43	96.7	26.70	27.43	107.0	NaN	27.43	NaN
9/06/2018 8:45:11 PM	3611385911	1013.00	26.94	27.44	104.6	27.73	27.44	97.0	26.72	27.44	106.8	NaN	27.44	NaN
9/06/2018 8:45:12 PM	3611385912	1013.00	26.98	27.46	104.1	27.77	27.46	96.6	26.71	27.46	106.8	NaN	27.46	NaN
9/06/2018 8:45:13 PM	3611385913	1013.00	26.97	27.47	104.2	27.74	27.47	96.9	26.69	27.47	107.0	NaN	27.47	NaN
9/06/2018 8:45:14 PM	3611385914	1013.00	26.95	27.48	104.4	27.75	27.48	96.8	26.71	27.48	106.8	NaN	27.48	NaN
9/06/2018 8:45:15 PM	3611385915	1013.00	26.96	27.48	104.3	27.77	27.48	96.6	26.68	27.48	107.1	NaN	27.48	NaN
9/06/2018 8:45:16 PM	3611385916	1013.00	26.96	27.48	104.3	27.75	27.48	96.8	26.71	27.48	106.8	NaN	27.48	NaN
9/06/2018 8:45:17 PM	3611385917	1013.00	26.94	27.48	104.5	27.76	27.48	96.7	26.73	27.48	106.6	NaN	27.48	NaN
9/06/2018 8:45:18 PM	3611385918	1013.00	26.95	27.47	104.4	27.77	27.47	96.6	26.73	27.47	106.6	NaN	27.47	NaN
9/06/2018 8:45:19 PM	3611385919	1013.00	26.95	27.48	104.4	27.74	27.48	96.9	26.75	27.48	106.4	NaN	27.48	NaN
9/06/2018 8:45:20 PM	3611385920	1013.00	26.95	27.48	104.4	27.72	27.48	97.1	26.74	27.48	106.5	NaN	27.48	NaN
9/06/2018 8:45:21 PM	3611385921	1013.00	26.93	27.48	104.6	27.77	27.48	96.6	26.73	27.48	106.6	NaN	27.48	NaN
9/06/2018 8:45:22 PM	3611385922	1013.00	26.95	27.48	104.4	27.74	27.48	96.9	26.74	27.48	106.5	NaN	27.48	NaN
9/06/2018 8:45:23 PM	3611385923	1013.00	26.94	27.49	104.5	27.72	27.49	97.0	26.73	27.49	106.6	NaN	27.49	NaN
9/06/2018 8:45:24 PM	3611385924	1013.00	26.93	27.50	104.6	27.76	27.50	96.7	26.73	27.50	106.5	NaN	27.50	NaN
9/06/2018 8:45:25 PM	3611385925	1013.00	26.97	27.50	104.2	27.72	27.50	97.0	26.78	27.50	106.0	NaN	27.50	NaN
9/06/2018 8:45:26 PM	3611385926	1013.00	26.92	27.50	104.7	27.75	27.50	96.8	26.78	27.50	106.0	NaN	27.50	NaN
9/06/2018 8:45:27 PM	3611385927	1013.00	26.94	27.51	104.5	27.73	27.51	96.9	26.74	27.51	106.4	NaN	27.51	NaN
9/06/2018 8:45:28 PM	3611385928	1013.00	26.97	27.51	104.2	27.74	27.51	96.8	26.75	27.51	106.3	NaN	27.51	NaN
9/06/2018 8:45:29 PM	3611385929	1013.00	26.97	27.50	104.2	27.74	27.50	96.8	26.73	27.50	106.5	NaN	27.50	NaN
9/06/2018 8:45:30 PM	3611385930	1013.00	26.96	27.51	104.3	27.75	27.51	96.7	26.76	27.51	106.2	NaN	27.51	NaN
9/06/2018 8:45:31 PM	3611385931	1013.00	26.94	27.51	104.5	27.71	27.51	97.1	26.71	27.51	106.7	NaN	27.51	NaN
9/06/2018 8:45:32 PM	3611385932	1013.00	26.95	27.50	104.4	27.73	27.50	96.9	26.76	27.50	106.2	NaN	27.50	NaN
9/06/2018 8:45:33 PM	3611385933	1013.00	27.00	27.50	103.9	27.74	27.50	96.8	26.71	27.50	106.8	NaN	27.50	NaN
9/06/2018 8:45:34 PM	3611385934	1013.00	26.96	27.51	104.3	27.73	27.51	96.9	26.74	27.51	106.4	NaN	27.51	NaN
9/06/2018 8:45:35 PM	3611385935	1013.00	26.94	27.51	104.5	27.72	27.51	97.0	26.75	27.51	106.3	NaN	27.51	NaN
9/06/2018 8:45:36 PM	3611385936	1013.00	26.97	27.51	104.2	27.71	27.51	97.1	26.74	27.51	106.4	NaN	27.51	NaN
9/06/2018 8:45:37 PM	3611385937	1013.00	26.96	27.52	104.2	27.75	27.52	96.7	26.76	27.52	106.2	NaN	27.52	NaN
9/06/2018 8:45:38 PM	3611385938	1013.00	26.95	27.51	104.4	27.72	27.51	97.0	26.75	27.51	106.3	NaN	27.51	NaN
9/06/2018 8:45:39 PM	3611385939	1013.00	26.97	27.51	104.2	27.71	27.51	97.1	26.77	27.51	106.1	NaN	27.51	NaN
9/06/2018 8:45:40 PM	3611385940	1013.00	26.95	27.52	104.3	27.75	27.52	96.7	26.80	27.52	105.8	NaN	27.52	NaN
9/06/2018 8:45:41 PM	3611385941	1013.00	26.98	27.52	104.0	27.72	27.52	97.0	26.81	27.52	105.7	NaN	27.52	NaN
9/06/2018 8:45:42 PM	3611385942	1013.00	26.97	27.51	104.2	27.73	27.51	96.9	26.79	27.51	105.9	NaN	27.51	NaN
9/06/2018 8:45:43 PM	3611385943	1013.00	26.97	27.52	104.1	27.69	27.52	97.3	26.74	27.52	106.4	NaN	27.52	NaN
9/06/2018 8:45:44 PM	3611385944	1013.00	26.95	27.52	104.3	27.71	27.52	97.1	26.78	27.52	106.0	NaN	27.52	NaN
9/06/2018 8:45:45 PM	3611385945	1013.00	26.99	27.53	103.9	27.72	27.53	97.0	26.78	27.53	106.0	NaN	27.53	NaN
9/06/2018 8:45:46 PM	3611385946	1013.00	26.98	27.53	104.0	27.73	27.53	96.9	26.77	27.53	106.1	NaN	27.53	NaN
9/06/2018 8:45:47 PM	3611385947	1013.00	26.97	27.53	104.1	27.70	27.53	97.2	26.78	27.53	106.0	NaN	27.53	NaN
9/06/2018 8:45:48 PM	3611385948	1013.00	26.96	27.54	104.2	27.72	27.54	97.0	26.78	27.54	106.0	NaN	27.54	NaN
9/06/2018 8:45:49 PM	3611385949	1013.00	26.96	27.53	104.2	27.71	27.53	97.1	26.77	27.53	106.1	NaN	27.53	NaN
9/06/2018 8:45:50 PM	3611385950	1013.00	26.99	27.53	103.9	27.72	27.53	97.0	26.73	27.53	106.5	NaN	27.53	NaN
9/06/2018 8:45:51 PM	3611385951	1013.00	26.96	27.52	104.2	27.70	27.52	97.2	26.77	27.52	106.1	NaN	27.52	NaN
9/06/2018 8:45:52 PM	3611385952	1013.00	26.99	27.51	104.0	27.72	27.51	97.0	26.77	27.51	106.1	NaN	27.51	NaN
9/06/2018 8:45:53 PM	3611385953	1013.00	26.97	27.51	104.2	27.70	27.51	97.2	26.78	27.51	106.0	NaN	27.51	NaN
9/06/2018 8:45:54 PM	3611385954	1013.00	26.99	27.51	104.0	27.73	27.51	96.9	26.77	27.51	106.1	NaN	27.51	NaN
9/06/2018 8:45:55 PM	3611385955	1013.00	26.98	27.51	104.1	27.70	27.51	97.2	26.74	27.51	106.4	NaN	27.51	NaN
9/06/2018 8:45:56 PM	3611385956	1013.00	26.98	27.52	104.0	27.74	27.52	96.8	26.83	27.52	105.5	NaN	27.52	NaN
9/06/2018 8:45:57 PM	3611385957	1013.00	26.98	27.52	104.0	27.72	27.52	97.0	26.81	27.52	105.7	NaN	27.52	NaN
9/06/2018 8:45:58 PM	3611385958	1013.00	27.02	27.52	103.6	27.73	27.52	96.9	26.78	27.52	106.0	NaN	27.52	NaN
9/06/2018 8:45:59 PM	3611385959	1013.00	27.01	27.53	103.7	27.72	27.53	97.0	26.80	27.53	105.8	NaN	27.53	NaN
9/06/2018 8:46:00 PM	3611385960	1013.00	26.95	27.52	104.3	27.70	27.52	97.2	26.84	27.52	105.4	NaN	27.52	NaN
9/06/2018 8:46:01 PM	3611385961	1013.00	26.98	27.51	104.1	27.71	27.51	97.1	26.78	27.51	106.0	NaN	27.51	NaN
9/06/2018 8:46:02 PM	3611385962	1013.00	26.99	27.51	104.0	27.72	27.51	97.0	26.80	27.51	105.8	NaN	27.51	NaN
9/06/2018 8:46:03 PM	3611385963	1013.00	26.97	27.52	104.1	27.71	27.52	97.1	26.82	27.52	105.6	NaN	27.52	NaN
9/06/2018 8:46:04 PM	3611385964	1013.00	26.98	27.52	104.0	27.73	27.52	96.9	26.80	27.52	105.8	NaN	27.52	NaN
9/06/2018 8:46:05 PM	3611385965	1013.00	27.02	27.51	103.7	27.72	27.51	97.0	26.81	27.51	105.7	NaN	27.51	NaN
9/06/2018 8:46:06 PM	3611385966	1013.00	26.99	27.52	103.9	27.71	27.52	97.1	26.82	27.52	105.6	NaN	27.52	NaN
9/06/2018 8:46:07 PM	3611385967	1013.00	27.00	27.52	103.8	27.70	27.52	97.2	26.83	27.52	105.5	NaN	27.52	NaN
9/06/2018 8:46:08 PM	3611385968	1013.00	27.01	27.52	103.7	27.71	27.52	97.1	26.81	27.52	105.7	NaN	27.52	NaN
9/06/2018 8:46:09 PM	3611385969	1013.00	27.00	27.52	103.8	27.73	27.52	96.9	26.83	27.52	105.5	NaN	27.52	NaN
9/06/2018 8:46:10 PM	3611385970	1013.00	27.01	27.53	103.7	27.69	27.53	97.2	26.81	27.53	105.7	NaN	27.53	NaN
9/06/2018 8:46:11 PM	3611385971	1013.00	27.02	27.53	103.6	27.70	27.53	97.2	26.84	27.53	105.4	NaN	27.53	NaN
9/06/2018 8:46:12 PM	3611385972	1013.00	27.01	27.54	103.7	27.72	27.54	97.0	26.86	27.54	105.2	NaN	27.54	NaN
9/06/2018 8:46:13 PM	3611385973	1013.00	27.02	27.55	103.6	27.73	27.55	96.9	26.87	27.55	105.0	NaN	27.55	NaN
9/06/2018 8:46:14 PM	3611385974	1013.00	27.03	27.56	103.5	27.68	27.56	97.3	26.86	27.56	105.1	NaN	27.56	NaN
9/06/2018 8:46:15 PM	3611385975	1013.00	27.03	27.57	103.5	27.71	27.57	97.0	26.88	27.57	104.9	NaN	27.57	NaN
9/06/2018 8:46:16 PM	3611385976	1013.00	27.04	27.57	103.4	27.66	27.57	97.5	26.83	27.57	105.4	NaN	27.57	NaN
9/06/2018 8:46:17 PM	3611385977	1013.00	27.02	27.58	103.5	27.70	27.58	97.1	26.84	27.58	105.3	NaN	27.58	NaN
9/06/2018 8:46:18 PM	3611385978	1013.00	27.03	27.59	103.4	27.72	27.59	96.9	26.83	27.59	105.4	NaN	27.59	NaN
9/06/2018 8:46:19 PM	3611385979	1013.00	27.03	27.58	103.4	27.76	27.58	96.5	26.85	27.58	105.2	NaN	27.58	NaN
9/06/2018 8:46:20 PM	3611385980	1013.00	27.03	27.59	103.4	27.71	27.59	97.0	26.84	27.59	105.3	NaN	27.59	NaN
9/06/2018 8:46:21 PM	3611385981	1013.00	27.04	27.59	103.3	27.69	27.59	97.1	26.88	27.59	104.9	NaN	27.59	NaN
9/06/2018 8:46:22 PM	3611385982	1013.00	27.04	27.59	103.3	27.73	27.59	96.8	26.87	27.59	105.0	NaN	27.59	NaN
9/06/2018 8:46:23 PM	3611385983	1013.00	27.04	27.60	103.3	27.69	27.60	97.1	26.88	27.60	104.8	NaN	27.60	NaN
9/06/2018 8:46:24 PM	3611385984	1013.00	27.04	27.60	103.3	27.68	27.60	97.2	26.88	27.60	104.8	NaN	27.60	NaN
9/06/2018 8:46:25 PM	3611385985	1013.00	27.06	27.60	103.1	27.72	27.60	96.9	26.91	27.60	104.6	NaN	27.60	NaN
9/06/2018 8:46:26 PM	3611385986	1013.00	27.03	27.62	103.4	27.68	27.62	97.2	26.88	27.62	104.8	NaN	27.62	NaN
9/06/2018 8:46:27 PM	3611385987	1013.00	27.05	27.61	103.2	27.70	27.61	97.0	26.89	27.61	104.7	NaN	27.61	NaN
9/06/2018 8:46:28 PM	3611385988	1013.00	27.04	27.60	103.3	27.72	27.60	96.9	26.88	27.60	104.8	NaN	27.60	NaN
9/06/2018 8:46:29 PM	3611385989	1013.00	27.07	27.61	103.0	27.73	27.61	96.7	26.90	27.61	104.6	NaN	27.61	NaN
9/06/2018 8:46:30 PM	3611385990	1013.00	27.05	27.61	103.2	27.73	27.61	96.7	26.88	27.61	104.8	NaN	27.61	NaN
9/06/2018 8:46:31 PM	3611385991	1013.00	27.06	27.61	103.1	27.72	27.61	96.8	26.91	27.61	104.5	NaN	27.61	NaN
9/06/2018 8:46:32 PM	3611385992	1013.00	27.04	27.62	103.3	27.71	27.62	96.9	26.90	27.62	104.6	NaN	27.62	NaN
9/06/2018 8:46:33 PM	3611385993	1013.00	27.06	27.61	103.1	27.74	27.61	96.7	26.91	27.61	104.5	NaN	27.61	NaN
9/06/2018 8:46:34 PM	3611385994	1013.00	27.06	27.63	103.1	27.70	27.63	97.0	26.88	27.63	104.8	NaN	27.63	NaN
9/06/2018 8:46:35 PM	3611385995	1013.00	27.05	27.62	103.2	27.66	27.62	97.4	26.90	27.62	104.6	NaN	27.62	NaN
9/06/2018 8:46:36 PM	3611385996	1013.00	27.07	27.63	103.0	27.71	27.63	96.9	26.92	27.63	104.4	NaN	27.63	NaN
9/06/2018 8:46:37 PM	3611385997	1013.00	27.06	27.62	103.1	27.71	27.62	96.9	26.89	27.62	104.7	NaN	27.62	NaN
9/06/2018 8:46:38 PM	3611385998	1013.00	27.04	27.62	103.3	27.75	27.62	96.6	26.89	27.62	104.7	NaN	27.62	NaN
9/06/2018 8:46:39 PM	3611385999	1013.00	27.07	27.61	103.0	27.71	27.61	96.9	26.91	27.61	104.5	NaN	27.61	NaN
9/06/2018 8:46:40 PM	3611386000	1013.00	27.08	27.62	102.9	27.71	27.62	96.9	26.93	27.62	104.3	NaN	27.62	NaN
9/06/2018 8:46:41 PM	3611386001	1013.00	27.07	27.61	103.0	27.71	27.61	96.9	26.89	27.61	104.7	NaN	27.61	NaN
9/06/2018 8:46:42 PM	3611386002	1013.00	27.06	27.61	103.1	27.72	27.61	96.8	26.92	27.61	104.4	NaN	27.61	NaN
9/06/2018 8:46:43 PM	3611386003	1013.00	27.08	27.61	102.9	27.71	27.61	96.9	26.93	27.61	104.3	NaN	27.61	NaN
9/06/2018 8:46:44 PM	3611386004	1013.00	27.06	27.62	103.1	27.73	27.62	96.7	26.92	27.62	104.4	NaN	27.62	NaN
9/06/2018 8:46:45 PM	3611386005	1013.00	27.11	27.61	102.6	27.72	27.61	96.8	26.90	27.61	104.6	NaN	27.61	NaN
9/06/2018 8:46:46 PM	3611386006	1013.00	27.09	27.62	102.8	27.69	27.62	97.1	26.92	27.62	104.4	NaN	27.62	NaN
9/06/2018 8:46:47 PM	3611386007	1013.00	27.08	27.62	102.9	27.70	27.62	97.0	26.90	27.62	104.6	NaN	27.62	NaN
9/06/2018 8:46:48 PM	3611386008	1013.00	27.06	27.62	103.1	27.72	27.62	96.8	26.92	27.62	104.4	NaN	27.62	NaN
9/06/2018 8:46:49 PM	3611386009	1013.00	27.10	27.62	102.7	27.71	27.62	96.9	26.96	27.62	104.0	NaN	27.62	NaN
9/06/2018 8:46:50 PM	3611386010	1013.00	27.08	27.62	102.9	27.74	27.62	96.6	26.88	27.62	104.8	NaN	27.62	NaN
9/06/2018 8:46:51 PM	3611386011	1013.00	27.11	27.63	102.6	27.69	27.63	97.1	26.90	27.63	104.6	NaN	27.63	NaN
9/06/2018 8:46:52 PM	3611386012	1013.00	27.09	27.63	102.8	27.71	27.63	96.9	26.96	27.63	104.0	NaN	27.63	NaN
9/06/2018 8:46:53 PM	3611386013	1013.00	27.07	27.62	103.0	27.71	27.62	96.9	26.96	27.62	104.0	NaN	27.62	NaN
9/06/2018 8:46:54 PM	3611386014	1013.00	27.08	27.63	102.9	27.69	27.63	97.1	26.96	27.63	104.0	NaN	27.63	NaN
9/06/2018 8:46:55 PM	3611386015	1013.00	27.10	27.63	102.7	27.72	27.63	96.8	26.95	27.63	104.1	NaN	27.63	NaN
9/06/2018 8:46:56 PM	3611386016	1013.00	27.09	27.63	102.8	27.73	27.63	96.7	26.96	27.63	104.0	NaN	27.63	NaN
9/06/2018 8:46:57 PM	3611386017	1013.00	27.10	27.63	102.7	27.74	27.63	96.6	26.95	27.63	104.1	NaN	27.63	NaN
9/06/2018 8:46:58 PM	3611386018	1013.00	27.10	27.63	102.7	27.74	27.63	96.6	26.91	27.63	104.5	NaN	27.63	NaN
9/06/2018 8:46:59 PM	3611386019	1013.00	27.08	27.63	102.9	27.69	27.63	97.1	26.97	27.63	103.9	NaN	27.63	NaN
9/06/2018 8:47:00 PM	3611386020	1013.00	27.09	27.61	102.8	27.73	27.61	96.7	26.94	27.61	104.2	NaN	27.61	NaN
9/06/2018 8:47:01 PM	3611386021	1013.00	27.11	27.62	102.6	27.69	27.62	97.1	26.95	27.62	104.1	NaN	27.62	NaN
9/06/2018 8:47:02 PM	3611386022	1013.00	27.10	27.63	102.7	27.73	27.63	96.7	26.94	27.63	104.2	NaN	27.63	NaN
9/06/2018 8:47:03 PM	3611386023	1013.00	27.12	27.63	102.5	27.72	27.63	96.8	26.97	27.63	103.9	NaN	27.63	NaN
9/06/2018 8:47:04 PM	3611386024	1013.00	27.10	27.63	102.7	27.73	27.63	96.7	26.97	27.63	103.9	NaN	27.63	NaN
9/06/2018 8:47:05 PM	3611386025	1013.00	27.10	27.64	102.6	27.75	27.64	96.5	26.96	27.64	104.0	NaN	27.64	NaN
9/06/2018 8:47:06 PM	3611386026	1013.00	27.11	27.64	102.5	27.73	27.64	96.7	26.99	27.64	103.7	NaN	27.64	NaN
9/06/2018 8:47:07 PM	3611386027	1013.00	27.11	27.63	102.6	27.70	27.63	97.0	26.98	27.63	103.8	NaN	27.63	NaN
9/06/2018 8:47:08 PM	3611386028	1013.00	27.12	27.63	102.5	27.74	27.63	96.6	26.98	27.63	103.8	NaN	27.63	NaN
9/06/2018 8:47:09 PM	3611386029	1013.00	27.12	27.64	102.4	27.72	27.64	96.8	26.98	27.64	103.8	NaN	27.64	NaN
9/06/2018 8:47:10 PM	3611386030	1013.00	27.13	27.64	102.4	27.76	27.64	96.4	26.98	27.64	103.8	NaN	27.64	NaN
9/06/2018 8:47:11 PM	3611386031	1013.00	27.13	27.63	102.4	27.70	27.63	97.0	26.94	27.63	104.2	NaN	27.63	NaN
9/06/2018 8:47:12 PM	3611386032	1013.00	27.11	27.64	102.5	27.72	27.64	96.8	26.98	27.64	103.8	NaN	27.64	NaN
9/06/2018 8:47:13 PM	3611386033	1013.00	27.12	27.64	102.4	27.76	27.64	96.4	26.94	27.64	104.2	NaN	27.64	NaN
9/06/2018 8:47:14 PM	3611386034	1013.00	27.13	27.65	102.3	27.75	27.65	96.5	26.99	27.65	103.7	NaN	27.65	NaN
9/06/2018 8:47:15 PM	3611386035	1013.00	27.16	27.64	102.1	27.76	27.64	96.4	26.98	27.64	103.8	NaN	27.64	NaN
9/06/2018 8:47:16 PM	3611386036	1013.00	27.15	27.65	102.1	27.75	27.65	96.5	27.02	27.65	103.4	NaN	27.65	NaN
9/06/2018 8:47:17 PM	3611386037	1013.00	27.13	27.65	102.3	27.77	27.65	96.3	26.97	27.65	103.9	NaN	27.65	NaN
9/06/2018 8:47:18 PM	3611386038	1013.00	27.14	27.65	102.2	27.76	27.65	96.4	27.00	27.65	103.6	NaN	27.65	NaN
9/06/2018 8:47:19 PM	3611386039	1013.00	27.13	27.65	102.3	27.75	27.65	96.5	27.02	27.65	103.4	NaN	27.65	NaN
9/06/2018 8:47:20 PM	3611386040	1013.00	27.16	27.65	102.0	27.76	27.65	96.4	27.00	27.65	103.6	NaN	27.65	NaN
9/06/2018 8:47:21 PM	3611386041	1013.00	27.15	27.65	102.1	27.77	27.65	96.3	27.00	27.65	103.6	NaN	27.65	NaN
9/06/2018 8:47:22 PM	3611386042	1013.00	27.14	27.65	102.2	27.79	27.65	96.1	26.99	27.65	103.7	NaN	27.65	NaN
9/06/2018 8:47:23 PM	3611386043	1013.00	27.16	27.64	102.1	27.73	27.64	96.7	27.02	27.64	103.4	NaN	27.64	NaN
9/06/2018 8:47:24 PM	3611386044	1013.00	27.16	27.65	102.0	27.77	27.65	96.3	27.01	27.65	103.5	NaN	27.65	NaN
9/06/2018 8:47:25 PM	3611386045	1013.00	27.14	27.64	102.3	27.77	27.64	96.3	27.05	27.64	103.1	NaN	27.64	NaN
9/06/2018 8:47:26 PM	3611386046	1013.00	27.17	27.65	101.9	27.78	27.65	96.2	27.05	27.65	103.1	NaN	27.65	NaN
9/06/2018 8:47:27 PM	3611386047	1013.00	27.16	27.66	102.0	27.73	27.66	96.7	27.04	27.66	103.2	NaN	27.66	NaN
9/06/2018 8:47:28 PM	3611386048	1013.00	27.18	27.65	101.9	27.79	27.65	96.1	27.01	27.65	103.5	NaN	27.65	NaN
9/06/2018 8:47:29 PM	3611386049	1013.00	27.16	27.65	102.0	27.77	27.65	96.3	27.03	27.65	103.3	NaN	27.65	NaN
9/06/2018 8:47:30 PM	3611386050	1013.00	27.15	27.66	102.1	27.80	27.66	96.0	27.06	27.66	103.0	NaN	27.66	NaN
9/06/2018 8:47:31 PM	3611386051	1013.00	27.18	27.66	101.8	27.79	27.66	96.1	27.03	27.66	103.3	NaN	27.66	NaN
9/06/2018 8:47:32 PM	3611386052	1013.00	27.16	27.67	102.0	27.74	27.67	96.6	27.01	27.67	103.4	NaN	27.67	NaN
9/06/2018 8:47:33 PM	3611386053	1013.00	27.21	27.67	101.5	27.78	27.67	96.2	27.04	27.67	103.1	NaN	27.67	NaN
9/06/2018 8:47:34 PM	3611386054	1013.00	27.18	27.67	101.8	27.81	27.67	95.9	27.06	27.67	102.9	NaN	27.67	NaN
9/06/2018 8:47:35 PM	3611386055	1013.00	27.19	27.68	101.7	27.75	27.68	96.5	27.02	27.68	103.3	NaN	27.68	NaN
9/06/2018 8:47:36 PM	3611386056	1013.00	27.21	27.67	101.5	27.80	27.67	96.0	27.03	27.67	103.2	NaN	27.67	NaN
9/06/2018 8:47:37 PM	3611386057	1013.00	27.21	27.67	101.5	27.82	27.67	95.8	27.05	27.67	103.0	NaN	27.67	NaN
9/06/2018 8:47:38 PM	3611386058	1013.00	27.19	27.67	101.7	27.81	27.67	95.9	27.08	27.67	102.7	NaN	27.67	NaN
9/06/2018 8:47:39 PM	3611386059	1013.00	27.21	27.67	101.5	27.79	27.67	96.1	27.10	27.67	102.6	NaN	27.67	NaN
9/06/2018 8:47:40 PM	3611386060	1013.00	27.22	27.67	101.4	27.81	27.67	95.9	27.02	27.67	103.3	NaN	27.67	NaN
9/06/2018 8:47:41 PM	3611386061	1013.00	27.22	27.67	101.4	27.78	27.67	96.2	27.08	27.67	102.7	NaN	27.67	NaN
9/06/2018 8:47:42 PM	3611386062	1013.00	27.19	27.67	101.7	27.82	27.67	95.8	27.07	27.67	102.8	NaN	27.67	NaN
9/06/2018 8:47:43 PM	3611386063	1013.00	27.23	27.68	101.3	27.79	27.68	96.1	27.10	27.68	102.5	NaN	27.68	NaN
9/06/2018 8:47:44 PM	3611386064	1013.00	27.23	27.67	101.3	27.77	27.67	96.3	27.06	27.67	102.9	NaN	27.67	NaN
9/06/2018 8:47:45 PM	3611386065	1013.00	27.21	27.67	101.5	27.81	27.67	95.9	27.08	27.67	102.7	NaN	27.67	NaN
9/06/2018 8:47:46 PM	3611386066	1013.00	27.21	27.67	101.5	27.78	27.67	96.2	27.08	27.67	102.7	NaN	27.67	NaN
9/06/2018 8:47:47 PM	3611386067	1013.00	27.22	27.67	101.4	27.79	27.67	96.1	27.05	27.67	103.0	NaN	27.67	NaN
9/06/2018 8:47:48 PM	3611386068	1013.00	27.21	27.67	101.5	27.80	27.67	96.0	27.05	27.67	103.0	NaN	27.67	NaN
9/06/2018 8:47:49 PM	3611386069	1013.00	27.23	27.68	101.3	27.84	27.68	95.6	27.10	27.68	102.5	NaN	27.68	NaN
9/06/2018 8:47:50 PM	3611386070	1013.00	27.21	27.68	101.5	27.82	27.68	95.8	27.05	27.68	103.0	NaN	27.68	NaN
9/06/2018 8:47:51 PM	3611386071	1013.00	27.24	27.68	101.2	27.81	27.68	95.9	27.08	27.68	102.7	NaN	27.68	NaN
9/06/2018 8:47:52 PM	3611386072	1013.00	27.23	27.68	101.3	27.82	27.68	95.8	27.09	27.68	102.6	NaN	27.68	NaN
9/06/2018 8:47:53 PM	3611386073	1013.00	27.25	27.68	101.1	27.82	27.68	95.8	27.11	27.68	102.4	NaN	27.68	NaN
9/06/2018 8:47:54 PM	3611386074	1013.00	27.22	27.68	101.4	27.86	27.68	95.5	27.09	27.68	102.6	NaN	27.68	NaN
9/06/2018 8:47:55 PM	3611386075	1013.00	27.26	27.68	101.0	27.79	27.68	96.1	27.17	27.68	101.9	NaN	27.68	NaN
9/06/2018 8:47:56 PM	3611386076	1013.00	27.23	27.68	101.3	27.83	27.68	95.7	27.14	27.68	102.1	NaN	27.68	NaN
9/06/2018 8:47:57 PM	3611386077	1013.00	27.22	27.69	101.4	27.83	27.69	95.7	27.08	27.69	102.7	NaN	27.69	NaN
9/06/2018 8:47:58 PM	3611386078	1013.00	27.25	27.70	101.1	27.83	27.70	95.7	27.11	27.70	102.4	NaN	27.70	NaN
9/06/2018 8:47:59 PM	3611386079	1013.00	27.24	27.70	101.2	27.84	27.70	95.6	27.12	27.70	102.3	NaN	27.70	NaN
9/06/2018 8:48:00 PM	3611386080	1013.00	27.24	27.71	101.2	27.84	27.71	95.6	27.11	27.71	102.4	NaN	27.71	NaN
9/06/2018 8:48:01 PM	3611386081	1013.00	27.27	27.71	100.9	27.85	27.71	95.5	27.14	27.71	102.1	NaN	27.71	NaN
9/06/2018 8:48:02 PM	3611386082	1013.00	27.27	27.70	100.9	27.84	27.70	95.6	27.09	27.70	102.6	NaN	27.70	NaN
9/06/2018 8:48:03 PM	3611386083	1013.00	27.27	27.70	100.9	27.83	27.70	95.7	27.12	27.70	102.3	NaN	27.70	NaN
9/06/2018 8:48:04 PM	3611386084	1013.00	27.26	27.70	101.0	27.88	27.70	95.3	27.15	27.70	102.0	NaN	27.70	NaN
9/06/2018 8:48:05 PM	3611386085	1013.00	27.26	27.71	101.0	27.85	27.71	95.5	27.14	27.71	102.1	NaN	27.71	NaN
9/06/2018 8:48:06 PM	3611386086	1013.00	27.24	27.71	101.2	27.88	27.71	95.2	27.12	27.71	102.3	NaN	27.71	NaN
9/06/2018 8:48:07 PM	3611386087	1013.00	27.29	27.71	100.7	27.85	27.71	95.5	27.14	27.71	102.1	NaN	27.71	NaN
9/06/2018 8:48:08 PM	3611386088	1013.00	27.27	27.72	100.9	27.83	27.72	95.7	27.14	27.72	102.1	NaN	27.72	NaN
9/06/2018 8:48:09 PM	3611386089	1013.00	27.28	27.70	100.8	27.85	27.70	95.5	27.17	27.70	101.8	NaN	27.70	NaN
9/06/2018 8:48:10 PM	3611386090	1013.00	27.27	27.70	100.9	27.87	27.70	95.3	27.17	27.70	101.8	NaN	27.70	NaN
9/06/2018 8:48:11 PM	3611386091	1013.00	27.29	27.69	100.7	27.85	27.69	95.5	27.19	27.69	101.6	NaN	27.69	NaN
9/06/2018 8:48:12 PM	3611386092	1013.00	27.28	27.70	100.8	27.85	27.70	95.5	27.14	27.70	102.1	NaN	27.70	NaN
9/06/2018 8:48:13 PM	3611386093	1013.00	27.27	27.70	100.9	27.87	27.70	95.3	27.22	27.70	101.3	NaN	27.70	NaN
9/06/2018 8:48:14 PM	3611386094	1013.00	27.27	27.70	100.9	27.91	27.70	95.0	27.19	27.70	101.6	NaN	27.70	NaN
9/06/2018 8:48:15 PM	3611386095	1013.00	27.32	27.70	100.4	27.89	27.70	95.2	27.18	27.70	101.7	NaN	27.70	NaN
9/06/2018 8:48:16 PM	3611386096	1013.00	27.28	27.70	100.8	27.91	27.70	95.0	27.18	27.70	101.7	NaN	27.70	NaN
9/06/2018 8:48:17 PM	3611386097	1013.00	27.29	27.70	100.7	27.91	27.70	95.0	27.17	27.70	101.8	NaN	27.70	NaN
9/06/2018 8:48:18 PM	3611386098	1013.00	27.30	27.70	100.6	27.94	27.70	94.7	27.21	27.70	101.4	NaN	27.70	NaN
9/06/2018 8:48:19 PM	3611386099	1013.00	27.32	27.70	100.4	27.92	27.70	94.9	27.22	27.70	101.3	NaN	27.70	NaN
9/06/2018 8:48:20 PM	3611386100	1013.00	27.30	27.69	100.6	27.97	27.69	94.5	27.21	27.69	101.5	NaN	27.69	NaN
9/06/2018 8:48:21 PM	3611386101	1013.00	27.31	27.70	100.5	27.97	27.70	94.5	27.21	27.70	101.4	NaN	27.70	NaN
9/06/2018 8:48:22 PM	3611386102	1013.00	27.28	27.70	100.8	27.98	27.70	94.4	27.24	27.70	101.2	NaN	27.70	NaN
9/06/2018 8:48:23 PM	3611386103	1013.00	27.30	27.69	100.6	27.99	27.69	94.3	27.23	27.69	101.3	NaN	27.69	NaN
9/06/2018 8:48:24 PM	3611386104	1013.00	27.30	27.69	100.6	28.01	27.69	94.1	27.27	27.69	100.9	NaN	27.69	NaN
9/06/2018 8:48:25 PM	3611386105	1013.00	27.33	27.70	100.3	27.98	27.70	94.4	27.23	27.70	101.2	NaN	27.70	NaN
9/06/2018 8:48:26 PM	3611386106	1013.00	27.33	27.70	100.3	28.01	27.70	94.1	27.21	27.70	101.4	NaN	27.70	NaN
9/06/2018 8:48:27 PM	3611386107	1013.00	27.30	27.70	100.6	27.98	27.70	94.4	27.22	27.70	101.3	NaN	27.70	NaN
9/06/2018 8:48:28 PM	3611386108	1013.00	27.33	27.70	100.3	28.01	27.70	94.1	27.25	27.70	101.1	NaN	27.70	NaN
9/06/2018 8:48:29 PM	3611386109	1013.00	27.31	27.70	100.5	28.01	27.70	94.1	27.22	27.70	101.3	NaN	27.70	NaN
9/06/2018 8:48:30 PM	3611386110	1013.00	27.33	27.69	100.3	28.00	27.69	94.2	27.24	27.69	101.2	NaN	27.69	NaN
9/06/2018 8:48:31 PM	3611386111	1013.00	27.34	27.68	100.3	28.02	27.68	94.1	27.24	27.68	101.2	NaN	27.68	NaN
9/06/2018 8:48:32 PM	3611386112	1013.00	27.30	27.69	100.6	28.03	27.69	94.0	27.23	27.69	101.3	NaN	27.69	NaN
9/06/2018 8:48:33 PM	3611386113	1013.00	27.33	27.69	100.3	28.02	27.69	94.0	27.23	27.69	101.3	NaN	27.69	NaN
9/06/2018 8:48:34 PM	3611386114	1013.00	27.33	27.69	100.3	28.03	27.69	94.0	27.26	27.69	101.0	NaN	27.69	NaN
9/06/2018 8:48:35 PM	3611386115	1013.00	27.34	27.70	100.2	28.03	27.70	93.9	27.25	27.70	101.1	NaN	27.70	NaN
9/06/2018 8:48:36 PM	3611386116	1013.00	27.35	27.70	100.1	28.02	27.70	94.0	27.23	27.70	101.2	NaN	27.70	NaN
9/06/2018 8:48:37 PM	3611386117	1013.00	27.35	27.70	100.1	28.03	27.70	93.9	27.25	27.70	101.1	NaN	27.70	NaN
9/06/2018 8:48:38 PM	3611386118	1013.00	27.34	27.70	100.2	28.02	27.70	94.0	27.20	27.70	101.5	NaN	27.70	NaN
9/06/2018 8:48:39 PM	3611386119	1013.00	27.35	27.70	100.1	28.03	27.70	93.9	27.25	27.70	101.1	NaN	27.70	NaN
9/06/2018 8:48:40 PM	3611386120	1013.00	27.38	27.71	99.8	28.05	27.71	93.7	27.25	27.71	101.0	NaN	27.71	NaN
9/06/2018 8:48:41 PM	3611386121	1013.00	27.37	27.71	99.9	28.02	27.71	94.0	27.23	27.71	101.2	NaN	27.71	NaN
9/06/2018 8:48:42 PM	3611386122	1013.00	27.40	27.71	99.7	28.06	27.71	93.7	27.24	27.71	101.1	NaN	27.71	NaN
9/06/2018 8:48:43 PM	3611386123	1013.00	27.36	27.71	100.0	28.04	27.71	93.8	27.27	27.71	100.8	NaN	27.71	NaN
9/06/2018 8:48:44 PM	3611386124	1013.00	27.39	27.71	99.7	28.04	27.71	93.8	27.27	27.71	100.8	NaN	27.71	NaN
9/06/2018 8:48:45 PM	3611386125	1013.00	27.40	27.71	99.7	28.03	27.71	93.9	27.25	27.71	101.0	NaN	27.71	NaN
9/06/2018 8:48:46 PM	3611386126	1013.00	27.40	27.70	99.7	28.04	27.70	93.8	27.26	27.70	101.0	NaN	27.70	NaN
9/06/2018 8:48:47 PM	3611386127	1013.00	27.42	27.70	99.5	28.09	27.70	93.4	27.26	27.70	101.0	NaN	27.70	NaN
9/06/2018 8:48:48 PM	3611386128	1013.00	27.40	27.70	99.7	28.04	27.70	93.8	27.25	27.70	101.1	NaN	27.70	NaN
9/06/2018 8:48:49 PM	3611386129	1013.00	27.40	27.70	99.7	28.08	27.70	93.5	27.24	27.70	101.2	NaN	27.70	NaN
9/06/2018 8:48:50 PM	3611386130	1013.00	27.37	27.69	100.0	28.08	27.69	93.5	27.25	27.69	101.1	NaN	27.69	NaN
9/06/2018 8:48:51 PM	3611386131	1013.00	27.38	27.71	99.8	28.09	27.71	93.4	27.29	27.71	100.7	NaN	27.71	NaN
9/06/2018 8:48:52 PM	3611386132	1013.00	27.43	27.71	99.4	28.10	27.71	93.3	27.26	27.71	100.9	NaN	27.71	NaN
9/06/2018 8:48:53 PM	3611386133	1013.00	27.40	27.71	99.7	28.09	27.71	93.4	27.25	27.71	101.0	NaN	27.71	NaN
9/06/2018 8:48:54 PM	3611386134	1013.00	27.42	27.70	99.5	28.13	27.70	93.1	27.27	27.70	100.9	NaN	27.70	NaN
9/06/2018 8:48:55 PM	3611386135	1013.00	27.42	27.70	99.5	28.10	27.70	93.3	27.27	27.70	100.9	NaN	27.70	NaN
9/06/2018 8:48:56 PM	3611386136	1013.00	27.41	27.69	99.6	28.13	27.69	93.1	27.24	27.69	101.2	NaN	27.69	NaN
9/06/2018 8:48:57 PM	3611386137	1013.00	27.42	27.69	99.5	28.11	27.69	93.3	27.24	27.69	101.2	NaN	27.69	NaN
9/06/2018 8:48:58 PM	3611386138	1013.00	27.42	27.69	99.5	28.13	27.69	93.1	27.25	27.69	101.1	NaN	27.69	NaN
9/06/2018 8:48:59 PM	3611386139	1013.00	27.42	27.69	99.5	28.14	27.69	93.0	27.26	27.69	101.0	NaN	27.69	NaN
9/06/2018 8:49:00 PM	3611386140	1013.00	27.44	27.68	99.3	28.16	27.68	92.8	27.26	27.68	101.0	NaN	27.68	NaN
9/06/2018 8:49:01 PM	3611386141	1013.00	27.44	27.68	99.3	28.16	27.68	92.8	27.24	27.68	101.2	NaN	27.68	NaN
9/06/2018 8:49:02 PM	3611386142	1013.00	27.46	27.67	99.2	28.17	27.67	92.8	27.25	27.67	101.1	NaN	27.67	NaN
9/06/2018 8:49:03 PM	3611386143	1013.00	27.43	27.68	99.4	28.17	27.68	92.8	27.28	27.68	100.8	NaN	27.68	NaN
9/06/2018 8:49:04 PM	3611386144	1013.00	27.44	27.68	99.3	28.15	27.68	92.9	27.28	27.68	100.8	NaN	27.68	NaN
9/06/2018 8:49:05 PM	3611386145	1013.00	27.43	27.69	99.4	28.19	27.69	92.6	27.28	27.69	100.8	NaN	27.69	NaN
9/06/2018 8:49:06 PM	3611386146	1013.00	27.44	27.70	99.3	28.18	27.70	92.6	27.27	27.70	100.9	NaN	27.70	NaN
9/06/2018 8:49:07 PM	3611386147	1013.00	27.45	27.70	99.2	28.14	27.70	93.0	27.30	27.70	100.6	NaN	27.70	NaN
9/06/2018 8:49:08 PM	3611386148	1013.00	27.45	27.70	99.2	28.18	27.70	92.6	27.27	27.70	100.9	NaN	27.70	NaN
9/06/2018 8:49:09 PM	3611386149	1013.00	27.43	27.71	99.4	28.19	27.71	92.5	27.30	27.71	100.6	NaN	27.71	NaN
9/06/2018 8:49:10 PM	3611386150	1013.00	27.46	27.70	99.1	28.15	27.70	92.9	27.25	27.70	101.1	NaN	27.70	NaN
9/06/2018 8:49:11 PM	3611386151	1013.00	27.46	27.70	99.1	28.17	27.70	92.7	27.28	27.70	100.8	NaN	27.70	NaN
9/06/2018 8:49:12 PM	3611386152	1013.00	27.47	27.70	99.0	28.17	27.70	92.7	27.29	27.70	100.7	NaN	27.70	NaN
9/06/2018 8:49:13 PM	3611386153	1013.00	27.43	27.71	99.4	28.19	27.71	92.5	27.28	27.71	100.8	NaN	27.71	NaN
9/06/2018 8:49:14 PM	3611386154	1013.00	27.45	27.72	99.2	28.19	27.72	92.5	27.31	27.72	100.4	NaN	27.72	NaN
9/06/2018 8:49:15 PM	3611386155	1013.00	27.47	27.71	99.0	28.22	27.71	92.3	27.27	27.71	100.8	NaN	27.71	NaN
9/06/2018 8:49:16 PM	3611386156	1013.00	27.48	27.72	98.9	28.18	27.72	92.6	27.30	27.72	100.5	NaN	27.72	NaN
9/06/2018 8:49:17 PM	3611386157	1013.00	27.45	27.73	99.1	28.19	27.73	92.5	27.27	27.73	100.8	NaN	27.73	NaN
9/06/2018 8:49:18 PM	3611386158	1013.00	27.47	27.73	99.0	28.19	27.73	92.5	27.31	27.73	100.4	NaN	27.73	NaN
9/06/2018 8:49:19 PM	3611386159	1013.00	27.47	27.72	99.0	28.17	27.72	92.7	27.28	27.72	100.7	NaN	27.72	NaN
9/06/2018 8:49:20 PM	3611386160	1013.00	27.48	27.73	98.9	28.19	27.73	92.5	27.31	27.73	100.4	NaN	27.73	NaN
9/06/2018 8:49:21 PM	3611386161	1013.00	27.48	27.73	98.9	28.22	27.73	92.2	27.31	27.73	100.4	NaN	27.73	NaN
9/06/2018 8:49:22 PM	3611386162	1013.00	27.49	27.73	98.8	28.20	27.73	92.4	27.29	27.73	100.6	NaN	27.73	NaN
9/06/2018 8:49:23 PM	3611386163	1013.00	27.49	27.73	98.8	28.24	27.73	92.1	27.33	27.73	100.2	NaN	27.73	NaN
9/06/2018 8:49:24 PM	3611386164	1013.00	27.48	27.74	98.9	28.27	27.74	91.8	27.36	27.74	99.9	NaN	27.74	NaN
9/06/2018 8:49:25 PM	3611386165	1013.00	27.51	27.73	98.6	28.25	27.73	92.0	27.37	27.73	99.9	NaN	27.73	NaN
9/06/2018 8:49:26 PM	3611386166	1013.00	27.52	27.73	98.5	28.25	27.73	92.0	27.34	27.73	100.1	NaN	27.73	NaN
9/06/2018 8:49:27 PM	3611386167	1013.00	27.51	27.74	98.6	28.24	27.74	92.1	27.30	27.74	100.5	NaN	27.74	NaN
9/06/2018 8:49:28 PM	3611386168	1013.00	27.50	27.74	98.7	28.27	27.74	91.8	27.32	27.74	100.3	NaN	27.74	NaN
9/06/2018 8:49:29 PM	3611386169	1013.00	27.52	27.74	98.5	28.29	27.74	91.6	27.30	27.74	100.5	NaN	27.74	NaN
9/06/2018 8:49:30 PM	3611386170	1013.00	27.53	27.75	98.4	28.26	27.75	91.9	27.35	27.75	100.0	NaN	27.75	NaN
9/06/2018 8:49:31 PM	3611386171	1013.00	27.51	27.75	98.6	28.26	27.75	91.9	27.36	27.75	99.9	NaN	27.75	NaN
9/06/2018 8:49:32 PM	3611386172	1013.00	27.50	27.73	98.7	28.31	27.73	91.5	27.34	27.73	100.1	NaN	27.73	NaN
9/06/2018 8:49:33 PM	3611386173	1013.00	27.53	27.72	98.4	28.30	27.72	91.6	27.30	27.72	100.5	NaN	27.72	NaN
9/06/2018 8:49:34 PM	3611386174	1013.00	27.51	27.72	98.6	28.28	27.72	91.8	27.35	27.72	100.1	NaN	27.72	NaN
9/06/2018 8:49:35 PM	3611386175	1013.00	27.49	27.71	98.8	28.30	27.71	91.6	27.37	27.71	99.9	NaN	27.71	NaN
9/06/2018 8:49:36 PM	3611386176	1013.00	27.52	27.72	98.5	28.32	27.72	91.4	27.35	27.72	100.1	NaN	27.72	NaN
9/06/2018 8:49:37 PM	3611386177	1013.00	27.51	27.72	98.6	28.32	27.72	91.4	27.39	27.72	99.7	NaN	27.72	NaN
9/06/2018 8:49:38 PM	3611386178	1013.00	27.54	27.74	98.3	28.32	27.74	91.4	27.37	27.74	99.8	NaN	27.74	NaN
9/06/2018 8:49:39 PM	3611386179	1013.00	27.53	27.74	98.4	28.35	27.74	91.1	27.38	27.74	99.8	NaN	27.74	NaN
9/06/2018 8:49:40 PM	3611386180	1013.00	27.53	27.74	98.4	28.33	27.74	91.3	27.36	27.74	99.9	NaN	27.74	NaN
9/06/2018 8:49:41 PM	3611386181	1013.00	27.54	27.74	98.3	28.32	27.74	91.4	27.39	27.74	99.7	NaN	27.74	NaN
9/06/2018 8:49:42 PM	3611386182	1013.00	27.53	27.74	98.4	28.32	27.74	91.4	27.39	27.74	99.7	NaN	27.74	NaN
9/06/2018 8:49:43 PM	3611386183	1013.00	27.53	27.72	98.4	28.36	27.72	91.1	27.41	27.72	99.5	NaN	27.72	NaN
9/06/2018 8:49:44 PM	3611386184	1013.00	27.54	27.73	98.3	28.35	27.73	91.1	27.38	27.73	99.8	NaN	27.73	NaN
9/06/2018 8:49:45 PM	3611386185	1013.00	27.55	27.73	98.2	28.35	27.73	91.1	27.45	27.73	99.1	NaN	27.73	NaN
9/06/2018 8:49:46 PM	3611386186	1013.00	27.56	27.73	98.1	28.33	27.73	91.3	27.40	27.73	99.6	NaN	27.73	NaN
9/06/2018 8:49:47 PM	3611386187	1013.00	27.55	27.72	98.2	28.35	27.72	91.2	27.41	27.72	99.5	NaN	27.72	NaN
9/06/2018 8:49:48 PM	3611386188	1013.00	27.56	27.73	98.1	28.36	27.73	91.1	27.36	27.73	100.0	NaN	27.73	NaN
9/06/2018 8:49:49 PM	3611386189	1013.00	27.58	27.72	98.0	28.36	27.72	91.1	27.43	27.72	99.3	NaN	27.72	NaN
9/06/2018 8:49:50 PM	3611386190	1013.00	27.56	27.72	98.1	28.35	27.72	91.2	27.40	27.72	99.6	NaN	27.72	NaN
9/06/2018 8:49:51 PM	3611386191	1013.00	27.55	27.72	98.2	28.39	27.72	90.8	27.39	27.72	99.7	NaN	27.72	NaN
9/06/2018 8:49:52 PM	3611386192	1013.00	27.60	27.71	97.8	28.37	27.71	91.0	27.41	27.71	99.5	NaN	27.71	NaN
9/06/2018 8:49:53 PM	3611386193	1013.00	27.59	27.72	97.9	28.39	27.72	90.8	27.43	27.72	99.3	NaN	27.72	NaN
9/06/2018 8:49:54 PM	3611386194	1013.00	27.58	27.72	98.0	28.40	27.72	90.7	27.42	27.72	99.4	NaN	27.72	NaN
9/06/2018 8:49:55 PM	3611386195	1013.00	27.59	27.72	97.9	28.40	27.72	90.7	27.41	27.72	99.5	NaN	27.72	NaN
9/06/2018 8:49:56 PM	3611386196	1013.00	27.55	27.73	98.2	28.42	27.73	90.6	27.46	27.73	99.0	NaN	27.73	NaN
9/06/2018 8:49:57 PM	3611386197	1013.00	27.60	27.73	97.8	28.45	27.73	90.3	27.42	27.73	99.4	NaN	27.73	NaN
9/06/2018 8:49:58 PM	3611386198	1013.00	27.58	27.73	97.9	28.43	27.73	90.5	27.41	27.73	99.5	NaN	27.73	NaN
9/06/2018 8:49:59 PM	3611386199	1013.00	27.60	27.73	97.8	28.43	27.73	90.5	27.47	27.73	98.9	NaN	27.73	NaN
9/06/2018 8:50:00 PM	3611386200	1013.00	27.60	27.72	97.8	28.42	27.72	90.6	27.42	27.72	99.4	NaN	27.72	NaN
9/06/2018 8:50:01 PM	3611386201	1013.00	27.59	27.72	97.9	28.44	27.72	90.4	27.40	27.72	99.6	NaN	27.72	NaN
9/06/2018 8:50:02 PM	3611386202	1013.00	27.61	27.72	97.7	28.46	27.72	90.2	27.40	27.72	99.6	NaN	27.72	NaN
9/06/2018 8:50:03 PM	3611386203	1013.00	27.60	27.73	97.8	28.45	27.73	90.3	27.40	27.73	99.6	NaN	27.73	NaN
9/06/2018 8:50:04 PM	3611386204	1013.00	27.62	27.74	97.6	28.44	27.74	90.4	27.46	27.74	99.0	NaN	27.74	NaN
9/06/2018 8:50:05 PM	3611386205	1013.00	27.63	27.74	97.5	28.45	27.74	90.3	27.44	27.74	99.2	NaN	27.74	NaN
9/06/2018 8:50:06 PM	3611386206	1013.00	27.64	27.74	97.4	28.46	27.74	90.2	27.43	27.74	99.3	NaN	27.74	NaN
9/06/2018 8:50:07 PM	3611386207	1013.00	27.63	27.73	97.5	28.51	27.73	89.8	27.41	27.73	99.5	NaN	27.73	NaN
9/06/2018 8:50:08 PM	3611386208	1013.00	27.64	27.73	97.4	28.45	27.73	90.3	27.47	27.73	98.9	NaN	27.73	NaN
9/06/2018 8:50:09 PM	3611386209	1013.00	27.62	27.73	97.6	28.48	27.73	90.1	27.46	27.73	99.0	NaN	27.73	NaN
9/06/2018 8:50:10 PM	3611386210	1013.00	27.68	27.72	97.0	28.50	27.72	89.9	27.44	27.72	99.2	NaN	27.72	NaN
9/06/2018 8:50:11 PM	3611386211	1013.00	27.64	27.74	97.4	28.48	27.74	90.0	27.45	27.74	99.1	NaN	27.74	NaN
9/06/2018 8:50:12 PM	3611386212	1013.00	27.64	27.74	97.4	28.51	27.74	89.8	27.45	27.74	99.1	NaN	27.74	NaN
9/06/2018 8:50:13 PM	3611386213	1013.00	27.64	27.73	97.4	28.50	27.73	89.9	27.45	27.73	99.1	NaN	27.73	NaN
9/06/2018 8:50:14 PM	3611386214	1013.00	27.64	27.73	97.4	28.50	27.73	89.9	27.44	27.73	99.2	NaN	27.73	NaN
9/06/2018 8:50:15 PM	3611386215	1013.00	27.66	27.73	97.2	28.51	27.73	89.8	27.47	27.73	98.9	NaN	27.73	NaN
9/06/2018 8:50:16 PM	3611386216	1013.00	27.67	27.72	97.1	28.53	27.72	89.7	27.44	27.72	99.2	NaN	27.72	NaN
9/06/2018 8:50:17 PM	3611386217	1013.00	27.66	27.72	97.2	28.53	27.72	89.7	27.46	27.72	99.0	NaN	27.72	NaN
9/06/2018 8:50:18 PM	3611386218	1013.00	27.66	27.72	97.2	28.55	27.72	89.5	27.51	27.72	98.6	NaN	27.72	NaN
9/06/2018 8:50:19 PM	3611386219	1013.00	27.69	27.73	96.9	28.53	27.73	89.6	27.47	27.73	98.9	NaN	27.73	NaN
9/06/2018 8:50:20 PM	3611386220	1013.00	27.69	27.73	96.9	28.51	27.73	89.8	27.44	27.73	99.2	NaN	27.73	NaN
9/06/2018 8:50:21 PM	3611386221	1013.00	27.67	27.74	97.1	28.54	27.74	89.5	27.44	27.74	99.2	NaN	27.74	NaN
9/06/2018 8:50:22 PM	3611386222	1013.00	27.68	27.73	97.0	28.53	27.73	89.6	27.49	27.73	98.7	NaN	27.73	NaN
9/06/2018 8:50:23 PM	3611386223	1013.00	27.68	27.74	97.0	28.53	27.74	89.6	27.46	27.74	99.0	NaN	27.74	NaN
9/06/2018 8:50:24 PM	3611386224	1013.00	27.70	27.74	96.8	28.54	27.74	89.5	27.48	27.74	98.8	NaN	27.74	NaN
9/06/2018 8:50:25 PM	3611386225	1013.00	27.70	27.74	96.8	28.55	27.74	89.5	27.49	27.74	98.7	NaN	27.74	NaN
9/06/2018 8:50:26 PM	3611386226	1013.00	27.70	27.75	96.8	28.52	27.75	89.7	27.49	27.75	98.7	NaN	27.75	NaN
9/06/2018 8:50:27 PM	3611386227	1013.00	27.71	27.74	96.7	28.55	27.74	89.5	27.55	27.74	98.2	NaN	27.74	NaN
9/06/2018 8:50:28 PM	3611386228	1013.00	27.71	27.74	96.7	28.55	27.74	89.5	27.54	27.74	98.3	NaN	27.74	NaN
9/06/2018 8:50:29 PM	3611386229	1013.00	27.71	27.74	96.7	28.56	27.74	89.4	27.55	27.74	98.2	NaN	27.74	NaN
9/06/2018 8:50:30 PM	3611386230	1013.00	27.70	27.74	96.8	28.58	27.74	89.2	27.53	27.74	98.4	NaN	27.74	NaN
9/06/2018 8:50:31 PM	3611386231	1013.00	27.71	27.73	96.8	28.57	27.73	89.3	27.50	27.73	98.7	NaN	27.73	NaN
9/06/2018 8:50:32 PM	3611386232	1013.00	27.74	27.73	96.5	28.56	27.73	89.4	27.52	27.73	98.5	NaN	27.73	NaN
9/06/2018 8:50:33 PM	3611386233	1013.00	27.71	27.73	96.8	28.56	27.73	89.4	27.51	27.73	98.6	NaN	27.73	NaN
9/06/2018 8:50:34 PM	3611386234	1013.00	27.72	27.73	96.7	28.56	27.73	89.4	27.55	27.73	98.2	NaN	27.73	NaN
9/06/2018 8:50:35 PM	3611386235	1013.00	27.72	27.73	96.7	28.55	27.73	89.5	27.56	27.73	98.1	NaN	27.73	NaN
9/06/2018 8:50:36 PM	3611386236	1013.00	27.74	27.73	96.5	28.57	27.73	89.3	27.55	27.73	98.2	NaN	27.73	NaN
9/06/2018 8:50:37 PM	3611386237	1013.00	27.74	27.73	96.5	28.63	27.73	88.8	27.56	27.73	98.1	NaN	27.73	NaN
9/06/2018 8:50:38 PM	3611386238	1013.00	27.71	27.72	96.8	28.57	27.72	89.3	27.53	27.72	98.4	NaN	27.72	NaN
9/06/2018 8:50:39 PM	3611386239	1013.00	27.75	27.73	96.4	28.61	27.73	89.0	27.56	27.73	98.1	NaN	27.73	NaN
9/06/2018 8:50:40 PM	3611386240	1013.00	27.73	27.75	96.5	28.62	27.75	88.9	27.58	27.75	97.9	NaN	27.75	NaN
9/06/2018 8:50:41 PM	3611386241	1013.00	27.78	27.75	96.1	28.58	27.75	89.2	27.57	27.75	98.0	NaN	27.75	NaN
9/06/2018 8:50:42 PM	3611386242	1013.00	27.76	27.76	96.3	28.59	27.76	89.1	27.61	27.76	97.6	NaN	27.76	NaN
9/06/2018 8:50:43 PM	3611386243	1013.00	27.78	27.76	96.1	28.57	27.76	89.3	27.59	27.76	97.8	NaN	27.76	NaN
9/06/2018 8:50:44 PM	3611386244	1013.00	27.78	27.75	96.1	28.59	27.75	89.1	27.61	27.75	97.6	NaN	27.75	NaN
9/06/2018 8:50:45 PM	3611386245	1013.00	27.78	27.75	96.1	28.60	27.75	89.0	27.53	27.75	98.3	NaN	27.75	NaN
9/06/2018 8:50:46 PM	3611386246	1013.00	27.78	27.75	96.1	28.58	27.75	89.2	27.62	27.75	97.5	NaN	27.75	NaN
9/06/2018 8:50:47 PM	3611386247	1013.00	27.77	27.75	96.2	28.59	27.75	89.1	27.57	27.75	98.0	NaN	27.75	NaN
9/06/2018 8:50:48 PM	3611386248	1013.00	27.78	27.76	96.1	28.60	27.76	89.0	27.59	27.76	97.8	NaN	27.76	NaN
9/06/2018 8:50:49 PM	3611386249	1013.00	27.79	27.76	96.0	28.64	27.76	88.7	27.58	27.76	97.9	NaN	27.76	NaN
9/06/2018 8:50:50 PM	3611386250	1013.00	27.80	27.75	95.9	28.59	27.75	89.1	27.59	27.75	97.8	NaN	27.75	NaN
9/06/2018 8:50:51 PM	3611386251	1013.00	27.80	27.75	95.9	28.61	27.75	89.0	27.57	27.75	98.0	NaN	27.75	NaN
9/06/2018 8:50:52 PM	3611386252	1013.00	27.79	27.76	96.0	28.61	27.76	88.9	27.60	27.76	97.7	NaN	27.76	NaN
9/06/2018 8:50:53 PM	3611386253	1013.00	27.80	27.76	95.9	28.63	27.76	88.8	27.60	27.76	97.7	NaN	27.76	NaN
9/06/2018 8:50:54 PM	3611386254	1013.00	27.82	27.77	95.7	28.61	27.77	88.9	27.60	27.77	97.7	NaN	27.77	NaN
9/06/2018 8:50:55 PM	3611386255	1013.00	27.79	27.78	96.0	28.63	27.78	88.7	27.62	27.78	97.5	NaN	27.78	NaN
9/06/2018 8:50:56 PM	3611386256	1013.00	27.81	27.78	95.8	28.60	27.78	89.0	27.58	27.78	97.8	NaN	27.78	NaN
9/06/2018 8:50:57 PM	3611386257	1013.00	27.83	27.77	95.6	28.63	27.77	88.8	27.60	27.77	97.7	NaN	27.77	NaN
9/06/2018 8:50:58 PM	3611386258	1013.00	27.83	27.76	95.6	28.62	27.76	88.9	27.63	27.76	97.4	NaN	27.76	NaN
9/06/2018 8:50:59 PM	3611386259	1013.00	27.82	27.76	95.7	28.64	27.76	88.7	27.60	27.76	97.7	NaN	27.76	NaN
9/06/2018 8:51:00 PM	3611386260	1013.00	27.83	27.75	95.6	28.64	27.75	88.7	27.61	27.75	97.6	NaN	27.75	NaN
9/06/2018 8:51:01 PM	3611386261	1013.00	27.84	27.75	95.6	28.66	27.75	88.5	27.59	27.75	97.8	NaN	27.75	NaN
9/06/2018 8:51:02 PM	3611386262	1013.00	27.82	27.75	95.7	28.64	27.75	88.7	27.60	27.75	97.7	NaN	27.75	NaN
9/06/2018 8:51:03 PM	3611386263	1013.00	27.84	27.75	95.6	28.61	27.75	89.0	27.61	27.75	97.6	NaN	27.75	NaN
9/06/2018 8:51:04 PM	3611386264	1013.00	27.87	27.74	95.3	28.66	27.74	88.6	27.60	27.74	97.7	NaN	27.74	NaN
9/06/2018 8:51:05 PM	3611386265	1013.00	27.84	27.75	95.6	28.65	27.75	88.6	27.67	27.75	97.1	NaN	27.75	NaN
9/06/2018 8:51:06 PM	3611386266	1013.00	27.85	27.75	95.5	28.64	27.75	88.7	27.65	27.75	97.2	NaN	27.75	NaN
9/06/2018 8:51:07 PM	3611386267	1013.00	27.87	27.75	95.3	28.64	27.75	88.7	27.64	27.75	97.3	NaN	27.75	NaN
9/06/2018 8:51:08 PM	3611386268	1013.00	27.89	27.75	95.1	28.67	27.75	88.5	27.63	27.75	97.4	NaN	27.75	NaN
9/06/2018 8:51:09 PM	3611386269	1013.00	27.87	27.76	95.3	28.65	27.76	88.6	27.68	27.76	96.9	NaN	27.76	NaN
9/06/2018 8:51:10 PM	3611386270	1013.00	27.88	27.76	95.2	28.66	27.76	88.5	27.65	27.76	97.2	NaN	27.76	NaN
9/06/2018 8:51:11 PM	3611386271	1013.00	27.89	27.76	95.1	28.67	27.76	88.5	27.64	27.76	97.3	NaN	27.76	NaN
9/06/2018 8:51:12 PM	3611386272	1013.00	27.88	27.76	95.2	28.63	27.76	88.8	27.67	27.76	97.0	NaN	27.76	NaN
9/06/2018 8:51:13 PM	3611386273	1013.00	27.89	27.76	95.1	28.66	27.76	88.5	27.67	27.76	97.0	NaN	27.76	NaN
9/06/2018 8:51:14 PM	3611386274	1013.00	27.90	27.75	95.0	28.68	27.75	88.4	27.71	27.75	96.7	NaN	27.75	NaN
9/06/2018 8:51:15 PM	3611386275	1013.00	27.91	27.74	95.0	28.65	27.74	88.6	27.67	27.74	97.1	NaN	27.74	NaN
9/06/2018 8:51:16 PM	3611386276	1013.00	27.91	27.73	95.0	28.65	27.73	88.7	27.70	27.73	96.8	NaN	27.73	NaN
9/06/2018 8:51:17 PM	3611386277	1013.00	27.90	27.73	95.1	28.66	27.73	88.6	27.67	27.73	97.1	NaN	27.73	NaN
9/06/2018 8:51:18 PM	3611386278	1013.00	27.93	27.73	94.8	28.64	27.73	88.7	27.68	27.73	97.0	NaN	27.73	NaN
9/06/2018 8:51:19 PM	3611386279	1013.00	27.92	27.73	94.9	28.66	27.73	88.6	27.71	27.73	96.7	NaN	27.73	NaN
9/06/2018 8:51:20 PM	3611386280	1013.00	27.94	27.73	94.7	28.66	27.73	88.6	27.66	27.73	97.2	NaN	27.73	NaN
9/06/2018 8:51:21 PM	3611386281	1013.00	27.93	27.73	94.8	28.65	27.73	88.7	27.71	27.73	96.7	NaN	27.73	NaN
9/06/2018 8:51:22 PM	3611386282	1013.00	27.96	27.73	94.5	28.64	27.73	88.7	27.68	27.73	97.0	NaN	27.73	NaN
9/06/2018 8:51:23 PM	3611386283	1013.00	27.94	27.74	94.7	28.67	27.74	88.5	27.67	27.74	97.1	NaN	27.74	NaN
9/06/2018 8:51:24 PM	3611386284	1013.00	27.97	27.74	94.4	28.65	27.74	88.6	27.70	27.74	96.8	NaN	27.74	NaN
9/06/2018 8:51:25 PM	3611386285	1013.00	27.95	27.75	94.6	28.66	27.75	88.5	27.73	27.75	96.5	NaN	27.75	NaN
9/06/2018 8:51:26 PM	3611386286	1013.00	27.97	27.75	94.4	28.68	27.75	88.4	27.69	27.75	96.9	NaN	27.75	NaN
9/06/2018 8:51:27 PM	3611386287	1013.00	27.98	27.76	94.3	28.66	27.76	88.5	27.73	27.76	96.5	NaN	27.76	NaN
9/06/2018 8:51:28 PM	3611386288	1013.00	27.98	27.76	94.3	28.66	27.76	88.5	27.71	27.76	96.7	NaN	27.76	NaN
9/06/2018 8:51:29 PM	3611386289	1013.00	27.99	27.76	94.2	28.70	27.76	88.2	27.74	27.76	96.4	NaN	27.76	NaN
9/06/2018 8:51:30 PM	3611386290	1013.00	28.01	27.76	94.0	28.69	27.76	88.3	27.67	27.76	97.0	NaN	27.76	NaN
9/06/2018 8:51:31 PM	3611386291	1013.00	27.98	27.76	94.3	28.67	27.76	88.5	27.72	27.76	96.6	NaN	27.76	NaN
9/06/2018 8:51:32 PM	3611386292	1013.00	27.98	27.76	94.3	28.65	27.76	88.6	27.73	27.76	96.5	NaN	27.76	NaN
9/06/2018 8:51:33 PM	3611386293	1013.00	28.00	27.77	94.1	28.64	27.77	88.7	27.71	27.77	96.7	NaN	27.77	NaN
9/06/2018 8:51:34 PM	3611386294	1013.00	28.04	27.77	93.8	28.70	27.77	88.2	27.73	27.77	96.5	NaN	27.77	NaN
9/06/2018 8:51:35 PM	3611386295	1013.00	28.01	27.77	94.0	28.66	27.77	88.5	27.74	27.77	96.4	NaN	27.77	NaN
9/06/2018 8:51:36 PM	3611386296	1013.00	28.03	27.76	93.9	28.65	27.76	88.6	27.73	27.76	96.5	NaN	27.76	NaN
9/06/2018 8:51:37 PM	3611386297	1013.00	28.02	27.76	94.0	28.68	27.76	88.4	27.77	27.76	96.1	NaN	27.76	NaN
9/06/2018 8:51:38 PM	3611386298	1013.00	28.05	27.75	93.7	28.65	27.75	88.6	27.75	27.75	96.3	NaN	27.75	NaN
9/06/2018 8:51:39 PM	3611386299	1013.00	28.05	27.76	93.7	28.66	27.76	88.5	27.75	27.76	96.3	NaN	27.76	NaN
9/06/2018 8:51:40 PM	3611386300	1013.00	28.04	27.75	93.8	28.70	27.75	88.2	27.73	27.75	96.5	NaN	27.75	NaN
9/06/2018 8:51:41 PM	3611386301	1013.00	28.06	27.75	93.6	28.69	27.75	88.3	27.77	27.75	96.2	NaN	27.75	NaN
9/06/2018 8:51:42 PM	3611386302	1013.00	28.05	27.76	93.7	28.68	27.76	88.4	27.78	27.76	96.0	NaN	27.76	NaN
9/06/2018 8:51:43 PM	3611386303	1013.00	28.06	27.77	93.6	28.67	27.77	88.4	27.77	27.77	96.1	NaN	27.77	NaN
9/06/2018 8:51:44 PM	3611386304	1013.00	28.06	27.76	93.6	28.68	27.76	88.4	27.80	27.76	95.9	NaN	27.76	NaN
9/06/2018 8:51:45 PM	3611386305	1013.00	28.07	27.77	93.5	28.69	27.77	88.3	27.79	27.77	95.9	NaN	27.77	NaN
9/06/2018 8:51:46 PM	3611386306	1013.00	28.09	27.78	93.3	28.68	27.78	88.3	27.77	27.78	96.1	NaN	27.78	NaN
9/06/2018 8:51:47 PM	3611386307	1013.00	28.07	27.78	93.5	28.68	27.78	88.3	27.78	27.78	96.0	NaN	27.78	NaN
9/06/2018 8:51:48 PM	3611386308	1013.00	28.07	27.78	93.5	28.67	27.78	88.4	27.79	27.78	95.9	NaN	27.78	NaN
9/06/2018 8:51:49 PM	3611386309	1013.00	28.09	27.79	93.3	28.72	27.79	88.0	27.80	27.79	95.8	NaN	27.79	NaN
9/06/2018 8:51:50 PM	3611386310	1013.00	28.09	27.79	93.3	28.70	27.79	88.2	27.80	27.79	95.8	NaN	27.79	NaN
9/06/2018 8:51:51 PM	3611386311	1013.00	28.11	27.79	93.1	28.68	27.79	88.3	27.79	27.79	95.9	NaN	27.79	NaN
9/06/2018 8:51:52 PM	3611386312	1013.00	28.10	27.79	93.2	28.73	27.79	87.9	27.81	27.79	95.7	NaN	27.79	NaN
9/06/2018 8:51:53 PM	3611386313	1013.00	28.10	27.78	93.2	28.73	27.78	87.9	27.79	27.78	95.9	NaN	27.78	NaN
9/06/2018 8:51:54 PM	3611386314	1013.00	28.11	27.78	93.1	28.71	27.78	88.1	27.82	27.78	95.7	NaN	27.78	NaN
9/06/2018 8:51:55 PM	3611386315	1013.00	28.08	27.78	93.4	28.73	27.78	87.9	27.80	27.78	95.8	NaN	27.78	NaN
9/06/2018 8:51:56 PM	3611386316	1013.00	28.12	27.78	93.1	28.73	27.78	87.9	27.78	27.78	96.0	NaN	27.78	NaN
9/06/2018 8:51:57 PM	3611386317	1013.00	28.12	27.78	93.1	28.74	27.78	87.9	27.83	27.78	95.6	NaN	27.78	NaN
9/06/2018 8:51:58 PM	3611386318	1013.00	28.14	27.77	92.9	28.75	27.77	87.8	27.80	27.77	95.9	NaN	27.77	NaN
9/06/2018 8:51:59 PM	3611386319	1013.00	28.16	27.77	92.7	28.73	27.77	88.0	27.83	27.77	95.6	NaN	27.77	NaN
9/06/2018 8:52:00 PM	3611386320	1013.00	28.15	27.78	92.8	28.75	27.78	87.8	27.86	27.78	95.3	NaN	27.78	NaN
9/06/2018 8:52:01 PM	3611386321	1013.00	28.16	27.77	92.7	28.73	27.77	88.0	27.83	27.77	95.6	NaN	27.77	NaN
9/06/2018 8:52:02 PM	3611386322	1013.00	28.16	27.77	92.7	28.74	27.77	87.9	27.81	27.77	95.8	NaN	27.77	NaN
9/06/2018 8:52:03 PM	3611386323	1013.00	28.19	27.77	92.5	28.74	27.77	87.9	27.84	27.77	95.5	NaN	27.77	NaN
9/06/2018 8:52:04 PM	3611386324	1013.00	28.17	27.77	92.6	28.74	27.77	87.9	27.85	27.77	95.4	NaN	27.77	NaN
9/06/2018 8:52:05 PM	3611386325	1013.00	28.17	27.76	92.7	28.76	27.76	87.7	27.86	27.76	95.3	NaN	27.76	NaN
9/06/2018 8:52:06 PM	3611386326	1013.00	28.18	27.76	92.6	28.76	27.76	87.7	27.88	27.76	95.2	NaN	27.76	NaN
9/06/2018 8:52:07 PM	3611386327	1013.00	28.16	27.77	92.7	28.75	27.77	87.8	27.86	27.77	95.3	NaN	27.77	NaN
9/06/2018 8:52:08 PM	3611386328	1013.00	28.18	27.78	92.5	28.76	27.78	87.7	27.86	27.78	95.3	NaN	27.78	NaN
9/06/2018 8:52:09 PM	3611386329	1013.00	28.18	27.77	92.6	28.75	27.77	87.8	27.85	27.77	95.4	NaN	27.77	NaN
9/06/2018 8:52:10 PM	3611386330	1013.00	28.20	27.76	92.4	28.77	27.76	87.6	27.86	27.76	95.3	NaN	27.76	NaN
9/06/2018 8:52:11 PM	3611386331	1013.00	28.21	27.77	92.3	28.77	27.77	87.6	27.90	27.77	95.0	NaN	27.77	NaN
9/06/2018 8:52:12 PM	3611386332	1013.00	28.20	27.76	92.4	28.76	27.76	87.7	27.89	27.76	95.1	NaN	27.76	NaN
9/06/2018 8:52:13 PM	3611386333	1013.00	28.24	27.77	92.0	28.80	27.77	87.4	27.87	27.77	95.2	NaN	27.77	NaN
9/06/2018 8:52:14 PM	3611386334	1013.00	28.21	27.77	92.3	28.77	27.77	87.6	27.85	27.77	95.4	NaN	27.77	NaN
9/06/2018 8:52:15 PM	3611386335	1013.00	28.22	27.77	92.2	28.77	27.77	87.6	27.89	27.77	95.0	NaN	27.77	NaN
9/06/2018 8:52:16 PM	3611386336	1013.00	28.23	27.78	92.1	28.79	27.78	87.5	27.89	27.78	95.0	NaN	27.78	NaN
9/06/2018 8:52:17 PM	3611386337	1013.00	28.24	27.77	92.0	28.76	27.77	87.7	27.88	27.77	95.1	NaN	27.77	NaN
9/06/2018 8:52:18 PM	3611386338	1013.00	28.22	27.76	92.2	28.75	27.76	87.8	27.89	27.76	95.1	NaN	27.76	NaN
9/06/2018 8:52:19 PM	3611386339	1013.00	28.25	27.76	92.0	28.74	27.76	87.9	27.91	27.76	94.9	NaN	27.76	NaN
9/06/2018 8:52:20 PM	3611386340	1013.00	28.25	27.76	92.0	28.80	27.76	87.4	27.91	27.76	94.9	NaN	27.76	NaN
9/06/2018 8:52:21 PM	3611386341	1013.00	28.25	27.75	92.0	28.81	27.75	87.3	27.89	27.75	95.1	NaN	27.75	NaN
9/06/2018 8:52:22 PM	3611386342	1013.00	28.26	27.75	91.9	28.77	27.75	87.7	27.88	27.75	95.2	NaN	27.75	NaN
9/06/2018 8:52:23 PM	3611386343	1013.00	28.27	27.75	91.8	28.77	27.75	87.7	27.87	27.75	95.3	NaN	27.75	NaN
9/06/2018 8:52:24 PM	3611386344	1013.00	28.27	27.75	91.8	28.80	27.75	87.4	27.91	27.75	94.9	NaN	27.75	NaN
9/06/2018 8:52:25 PM	3611386345	1013.00	28.27	27.75	91.8	28.78	27.75	87.6	27.92	27.75	94.8	NaN	27.75	NaN
9/06/2018 8:52:26 PM	3611386346	1013.00	28.27	27.74	91.8	28.78	27.74	87.6	27.91	27.74	94.9	NaN	27.74	NaN
9/06/2018 8:52:27 PM	3611386347	1013.00	28.29	27.75	91.6	28.76	27.75	87.7	27.91	27.75	94.9	NaN	27.75	NaN
9/06/2018 8:52:28 PM	3611386348	1013.00	28.28	27.74	91.7	28.79	27.74	87.5	27.90	27.74	95.0	NaN	27.74	NaN
9/06/2018 8:52:29 PM	3611386349	1013.00	28.28	27.75	91.7	28.78	27.75	87.6	27.89	27.75	95.1	NaN	27.75	NaN
9/06/2018 8:52:30 PM	3611386350	1013.00	28.28	27.77	91.7	28.78	27.77	87.6	27.91	27.77	94.9	NaN	27.77	NaN
9/06/2018 8:52:31 PM	3611386351	1013.00	28.32	27.76	91.4	28.75	27.76	87.8	27.94	27.76	94.6	NaN	27.76	NaN
9/06/2018 8:52:32 PM	3611386352	1013.00	28.31	27.76	91.5	28.79	27.76	87.5	27.94	27.76	94.6	NaN	27.76	NaN
9/06/2018 8:52:33 PM	3611386353	1013.00	28.32	27.77	91.4	28.81	27.77	87.3	27.97	27.77	94.3	NaN	27.77	NaN
9/06/2018 8:52:34 PM	3611386354	1013.00	28.33	27.76	91.3	28.79	27.76	87.5	27.93	27.76	94.7	NaN	27.76	NaN
9/06/2018 8:52:35 PM	3611386355	1013.00	28.33	27.75	91.3	28.79	27.75	87.5	27.93	27.75	94.7	NaN	27.75	NaN
9/06/2018 8:52:36 PM	3611386356	1013.00	28.31	27.76	91.5	28.78	27.76	87.6	27.94	27.76	94.6	NaN	27.76	NaN
9/06/2018 8:52:37 PM	3611386357	1013.00	28.34	27.76	91.2	28.80	27.76	87.4	27.95	27.76	94.5	NaN	27.76	NaN
9/06/2018 8:52:38 PM	3611386358	1013.00	28.36	27.77	91.0	28.83	27.77	87.2	27.90	27.77	95.0	NaN	27.77	NaN
9/06/2018 8:52:39 PM	3611386359	1013.00	28.35	27.76	91.1	28.80	27.76	87.4	27.95	27.76	94.5	NaN	27.76	NaN
9/06/2018 8:52:40 PM	3611386360	1013.00	28.38	27.77	90.9	28.80	27.77	87.4	27.93	27.77	94.7	NaN	27.77	NaN
9/06/2018 8:52:41 PM	3611386361	1013.00	28.35	27.77	91.1	28.78	27.77	87.6	27.95	27.77	94.5	NaN	27.77	NaN
9/06/2018 8:52:42 PM	3611386362	1013.00	28.37	27.76	91.0	28.80	27.76	87.4	27.95	27.76	94.5	NaN	27.76	NaN
9/06/2018 8:52:43 PM	3611386363	1013.00	28.36	27.77	91.0	28.78	27.77	87.6	27.96	27.77	94.4	NaN	27.77	NaN
9/06/2018 8:52:44 PM	3611386364	1013.00	28.37	27.77	90.9	28.81	27.77	87.3	27.98	27.77	94.3	NaN	27.77	NaN
9/06/2018 8:52:45 PM	3611386365	1013.00	28.38	27.77	90.9	28.82	27.77	87.2	27.96	27.77	94.4	NaN	27.77	NaN
9/06/2018 8:52:46 PM	3611386366	1013.00	28.39	27.77	90.8	28.78	27.77	87.6	27.96	27.77	94.4	NaN	27.77	NaN
9/06/2018 8:52:47 PM	3611386367	1013.00	28.37	27.77	90.9	28.77	27.77	87.6	27.95	27.77	94.5	NaN	27.77	NaN
9/06/2018 8:52:48 PM	3611386368	1013.00	28.39	27.77	90.8	28.79	27.77	87.5	27.96	27.77	94.4	NaN	27.77	NaN
9/06/2018 8:52:49 PM	3611386369	1013.00	28.40	27.78	90.7	28.79	27.78	87.5	27.97	27.78	94.3	NaN	27.78	NaN
9/06/2018 8:52:50 PM	3611386370	1013.00	28.39	27.77	90.8	28.83	27.77	87.2	27.99	27.77	94.2	NaN	27.77	NaN
9/06/2018 8:52:51 PM	3611386371	1013.00	28.38	27.78	90.8	28.81	27.78	87.3	28.01	27.78	94.0	NaN	27.78	NaN
9/06/2018 8:52:52 PM	3611386372	1013.00	28.41	27.78	90.6	28.83	27.78	87.1	28.00	27.78	94.1	NaN	27.78	NaN
9/06/2018 8:52:53 PM	3611386373	1013.00	28.39	27.78	90.8	28.83	27.78	87.1	27.98	27.78	94.2	NaN	27.78	NaN
9/06/2018 8:52:54 PM	3611386374	1013.00	28.40	27.78	90.7	28.81	27.78	87.3	28.03	27.78	93.8	NaN	27.78	NaN
9/06/2018 8:52:55 PM	3611386375	1013.00	28.42	27.79	90.5	28.80	27.79	87.4	27.98	27.79	94.2	NaN	27.79	NaN
9/06/2018 8:52:56 PM	3611386376	1013.00	28.42	27.79	90.5	28.83	27.79	87.1	28.01	27.79	94.0	NaN	27.79	NaN
9/06/2018 8:52:57 PM	3611386377	1013.00	28.42	27.80	90.5	28.82	27.80	87.2	28.03	27.80	93.8	NaN	27.80	NaN
9/06/2018 8:52:58 PM	3611386378	1013.00	28.40	27.80	90.6	28.82	27.80	87.2	27.99	27.80	94.1	NaN	27.80	NaN
9/06/2018 8:52:59 PM	3611386379	1013.00	28.41	27.81	90.5	28.82	27.81	87.2	27.99	27.81	94.1	NaN	27.81	NaN
9/06/2018 8:53:00 PM	3611386380	1013.00	28.43	27.81	90.4	28.83	27.81	87.1	28.02	27.81	93.8	NaN	27.81	NaN
9/06/2018 8:53:01 PM	3611386381	1013.00	28.44	27.80	90.3	28.81	27.80	87.3	28.03	27.80	93.8	NaN	27.80	NaN
9/06/2018 8:53:02 PM	3611386382	1013.00	28.42	27.79	90.5	28.81	27.79	87.3	28.00	27.79	94.0	NaN	27.79	NaN
9/06/2018 8:53:03 PM	3611386383	1013.00	28.44	27.80	90.3	28.83	27.80	87.1	28.00	27.80	94.0	NaN	27.80	NaN
9/06/2018 8:53:04 PM	3611386384	1013.00	28.44	27.80	90.3	28.82	27.80	87.2	27.98	27.80	94.2	NaN	27.80	NaN
9/06/2018 8:53:05 PM	3611386385	1013.00	28.46	27.80	90.1	28.81	27.80	87.3	28.04	27.80	93.7	NaN	27.80	NaN
9/06/2018 8:53:06 PM	3611386386	1013.00	28.48	27.80	90.0	28.82	27.80	87.2	28.08	27.80	93.3	NaN	27.80	NaN
9/06/2018 8:53:07 PM	3611386387	1013.00	28.45	27.79	90.2	28.81	27.79	87.3	28.03	27.79	93.8	NaN	27.79	NaN
9/06/2018 8:53:08 PM	3611386388	1013.00	28.45	27.79	90.2	28.83	27.79	87.1	28.04	27.79	93.7	NaN	27.79	NaN
9/06/2018 8:53:09 PM	3611386389	1013.00	28.48	27.79	90.0	28.85	27.79	87.0	28.03	27.79	93.8	NaN	27.79	NaN
9/06/2018 8:53:10 PM	3611386390	1013.00	28.46	27.79	90.2	28.84	27.79	87.0	28.04	27.79	93.7	NaN	27.79	NaN
9/06/2018 8:53:11 PM	3611386391	1013.00	28.47	27.80	90.1	28.81	27.80	87.3	28.05	27.80	93.6	NaN	27.80	NaN
9/06/2018 8:53:12 PM	3611386392	1013.00	28.45	27.80	90.2	28.86	27.80	86.9	28.06	27.80	93.5	NaN	27.80	NaN
9/06/2018 8:53:13 PM	3611386393	1013.00	28.50	27.80	89.8	28.86	27.80	86.9	28.05	27.80	93.6	NaN	27.80	NaN
9/06/2018 8:53:14 PM	3611386394	1013.00	28.48	27.80	90.0	28.84	27.80	87.0	28.08	27.80	93.3	NaN	27.80	NaN
9/06/2018 8:53:15 PM	3611386395	1013.00	28.48	27.79	90.0	28.81	27.79	87.3	28.06	27.79	93.5	NaN	27.79	NaN
9/06/2018 8:53:16 PM	3611386396	1013.00	28.49	27.79	89.9	28.86	27.79	86.9	28.06	27.79	93.5	NaN	27.79	NaN
9/06/2018 8:53:17 PM	3611386397	1013.00	28.49	27.80	89.9	28.86	27.80	86.9	28.06	27.80	93.5	NaN	27.80	NaN
9/06/2018 8:53:18 PM	3611386398	1013.00	28.51	27.79	89.7	28.86	27.79	86.9	28.08	27.79	93.4	NaN	27.79	NaN
9/06/2018 8:53:19 PM	3611386399	1013.00	28.51	27.78	89.8	28.82	27.78	87.2	28.11	27.78	93.1	NaN	27.78	NaN
9/06/2018 8:53:20 PM	3611386400	1013.00	28.51	27.78	89.8	28.87	27.78	86.8	28.05	27.78	93.6	NaN	27.78	NaN
9/06/2018 8:53:21 PM	3611386401	1013.00	28.51	27.78	89.8	28.84	27.78	87.1	28.10	27.78	93.2	NaN	27.78	NaN
9/06/2018 8:53:22 PM	3611386402	1013.00	28.52	27.78	89.7	28.89	27.78	86.7	28.05	27.78	93.6	NaN	27.78	NaN
9/06/2018 8:53:23 PM	3611386403	1013.00	28.50	27.78	89.8	28.85	27.78	87.0	28.07	27.78	93.5	NaN	27.78	NaN
9/06/2018 8:53:24 PM	3611386404	1013.00	28.55	27.79	89.4	28.88	27.79	86.7	28.10	27.79	93.2	NaN	27.79	NaN
9/06/2018 8:53:25 PM	3611386405	1013.00	28.52	27.81	89.6	28.89	27.81	86.6	28.11	27.81	93.1	NaN	27.81	NaN
9/06/2018 8:53:26 PM	3611386406	1013.00	28.54	27.81	89.5	28.89	27.81	86.6	28.11	27.81	93.1	NaN	27.81	NaN
9/06/2018 8:53:27 PM	3611386407	1013.00	28.52	27.81	89.6	28.89	27.81	86.6	28.09	27.81	93.2	NaN	27.81	NaN
9/06/2018 8:53:28 PM	3611386408	1013.00	28.54	27.80	89.5	28.91	27.80	86.5	28.12	27.80	93.0	NaN	27.80	NaN
9/06/2018 8:53:29 PM	3611386409	1013.00	28.56	27.79	89.3	28.86	27.79	86.9	28.14	27.79	92.8	NaN	27.79	NaN
9/06/2018 8:53:30 PM	3611386410	1013.00	28.55	27.78	89.4	28.89	27.78	86.7	28.11	27.78	93.1	NaN	27.78	NaN
9/06/2018 8:53:31 PM	3611386411	1013.00	28.56	27.78	89.3	28.87	27.78	86.8	28.12	27.78	93.0	NaN	27.78	NaN
9/06/2018 8:53:32 PM	3611386412	1013.00	28.56	27.78	89.3	28.90	27.78	86.6	28.13	27.78	92.9	NaN	27.78	NaN
9/06/2018 8:53:33 PM	3611386413	1013.00	28.56	27.78	89.3	28.90	27.78	86.6	28.11	27.78	93.1	NaN	27.78	NaN
9/06/2018 8:53:34 PM	3611386414	1013.00	28.55	27.79	89.4	28.88	27.79	86.7	28.13	27.79	92.9	NaN	27.79	NaN
9/06/2018 8:53:35 PM	3611386415	1013.00	28.54	27.79	89.5	28.89	27.79	86.6	28.17	27.79	92.6	NaN	27.79	NaN
9/06/2018 8:53:36 PM	3611386416	1013.00	28.58	27.79	89.2	28.93	27.79	86.3	28.16	27.79	92.7	NaN	27.79	NaN
