Date & time of file creation	9/06/2018 9:03 PM													
Data file path	C:\Users\ameli\Desktop\Luke Strasiotto\Old4.txt													
														
														
CALIBRATION DATA														
Parameter/Channel	N moving average	LO phase [r.U.]	HI phase [r.U.]	LO oxygen [%air saturation]	HI oxygen [%air saturation]	LO temperature [°C]	HI temperature [°C]	Salinity [‰]						
S WOT 0041 000001   , CH 1	1	60.29	29.03	0.00	100.00	19.34	19.13	0.000						
S WOT 0041 000001   , CH 2	1	60.29	29.03	0.00	100.00	19.35	19.11	0.000						
S WOT 0041 000001   , CH 3	1	60.29	29.03	0.00	100.00	19.34	19.11	0.000						
S WOT 0041 000001   , CH 4	1	60.29	29.03	0.00	100.00	19.33	19.09	0.000						
														
														
Date &Time [DD-MM-YYYY HH:MM:SS]	Time stamp code	Barometric pressure [hPa]	S WOT 0041 000001   , CH 1 phase [r.U.]	S WOT 0041 000001   , CH 1 temp [°C]	S WOT 0041 000001   , CH 1 O2 [% air saturation]	S WOT 0041 000001   , CH 2 phase [r.U.]	S WOT 0041 000001   , CH 2 temp [°C]	S WOT 0041 000001   , CH 2 O2 [% air saturation]	S WOT 0041 000001   , CH 3 phase [r.U.]	S WOT 0041 000001   , CH 3 temp [°C]	S WOT 0041 000001   , CH 3 O2 [% air saturation]	S WOT 0041 000001   , CH 4 phase [r.U.]	S WOT 0041 000001   , CH 4 temp [°C]	S WOT 0041 000001   , CH 4 O2 [% air saturation]
9/06/2018 9:04:05 PM	3611387045	1013.00	27.98	27.98	93.9	26.93	27.98	103.7	26.64	27.98	106.6	26.83	27.98	104.6
9/06/2018 9:04:06 PM	3611387046	1013.00	27.98	27.98	93.9	26.96	27.98	103.4	26.73	27.98	105.7	26.82	27.98	104.7
9/06/2018 9:04:07 PM	3611387047	1013.00	27.95	27.98	94.2	26.94	27.98	103.6	26.69	27.98	106.1	26.81	27.98	104.8
9/06/2018 9:04:08 PM	3611387048	1013.00	27.96	27.97	94.1	26.93	27.97	103.7	26.70	27.97	106.0	26.82	27.97	104.7
9/06/2018 9:04:09 PM	3611387049	1013.00	27.96	27.97	94.1	26.99	27.97	103.1	26.69	27.97	106.1	26.84	27.97	104.5
9/06/2018 9:04:10 PM	3611387050	1013.00	27.98	27.97	94.0	26.92	27.97	103.8	26.65	27.97	106.5	26.81	27.97	104.8
9/06/2018 9:04:11 PM	3611387051	1013.00	27.93	27.96	94.4	26.91	27.96	103.9	26.67	27.96	106.3	26.85	27.96	104.5
9/06/2018 9:04:12 PM	3611387052	1013.00	27.93	27.96	94.4	26.95	27.96	103.5	26.65	27.96	106.5	26.80	27.96	105.0
9/06/2018 9:04:13 PM	3611387053	1013.00	27.96	27.96	94.2	26.98	27.96	103.2	26.62	27.96	106.8	26.79	27.96	105.1
9/06/2018 9:04:14 PM	3611387054	1013.00	27.94	27.96	94.3	26.93	27.96	103.7	26.64	27.96	106.6	26.82	27.96	104.8
9/06/2018 9:04:15 PM	3611387055	1013.00	27.99	27.96	93.9	26.99	27.96	103.1	26.68	27.96	106.2	26.81	27.96	104.9
9/06/2018 9:04:16 PM	3611387056	1013.00	27.98	27.96	94.0	26.99	27.96	103.1	26.68	27.96	106.2	26.81	27.96	104.9
9/06/2018 9:04:17 PM	3611387057	1013.00	28.00	27.97	93.8	26.92	27.97	103.8	26.66	27.97	106.4	26.83	27.97	104.6
9/06/2018 9:04:18 PM	3611387058	1013.00	27.94	27.97	94.3	26.94	27.97	103.6	26.66	27.97	106.4	26.81	27.97	104.8
9/06/2018 9:04:19 PM	3611387059	1013.00	27.95	27.97	94.2	26.95	27.97	103.5	26.66	27.97	106.4	26.84	27.97	104.5
9/06/2018 9:04:20 PM	3611387060	1013.00	27.98	27.97	94.0	26.99	27.97	103.1	26.63	27.97	106.7	26.84	27.97	104.5
9/06/2018 9:04:21 PM	3611387061	1013.00	27.95	27.97	94.2	26.95	27.97	103.5	26.60	27.97	107.0	26.83	27.97	104.6
9/06/2018 9:04:22 PM	3611387062	1013.00	27.98	27.96	94.0	26.95	27.96	103.5	26.66	27.96	106.4	26.82	27.96	104.8
9/06/2018 9:04:23 PM	3611387063	1013.00	27.98	27.96	94.0	26.98	27.96	103.2	26.60	27.96	107.0	26.82	27.96	104.8
9/06/2018 9:04:24 PM	3611387064	1013.00	27.97	27.96	94.1	26.98	27.96	103.2	26.64	27.96	106.6	26.81	27.96	104.9
9/06/2018 9:04:25 PM	3611387065	1013.00	27.96	27.96	94.2	26.93	27.96	103.7	26.66	27.96	106.4	26.81	27.96	104.9
9/06/2018 9:04:26 PM	3611387066	1013.00	27.91	27.97	94.6	26.96	27.97	103.4	26.66	27.97	106.4	26.82	27.97	104.7
9/06/2018 9:04:27 PM	3611387067	1013.00	27.98	27.96	94.0	26.98	27.96	103.2	26.60	27.96	107.0	26.81	27.96	104.9
9/06/2018 9:04:28 PM	3611387068	1013.00	27.96	27.96	94.2	26.99	27.96	103.1	26.64	27.96	106.6	26.82	27.96	104.8
9/06/2018 9:04:29 PM	3611387069	1013.00	27.95	27.97	94.2	26.94	27.97	103.6	26.69	27.97	106.1	26.83	27.97	104.6
9/06/2018 9:04:30 PM	3611387070	1013.00	27.91	27.97	94.6	26.98	27.97	103.2	26.66	27.97	106.4	26.84	27.97	104.5
9/06/2018 9:04:31 PM	3611387071	1013.00	27.91	27.97	94.6	26.98	27.97	103.2	26.63	27.97	106.7	26.81	27.97	104.8
9/06/2018 9:04:32 PM	3611387072	1013.00	27.95	27.98	94.2	26.94	27.98	103.6	26.68	27.98	106.2	26.82	27.98	104.7
9/06/2018 9:04:33 PM	3611387073	1013.00	27.96	27.98	94.1	26.96	27.98	103.4	26.63	27.98	106.7	26.83	27.98	104.6
9/06/2018 9:04:34 PM	3611387074	1013.00	27.92	27.98	94.5	26.98	27.98	103.2	26.61	27.98	106.9	26.81	27.98	104.8
9/06/2018 9:04:35 PM	3611387075	1013.00	27.93	27.98	94.4	26.97	27.98	103.3	26.67	27.98	106.3	26.81	27.98	104.8
9/06/2018 9:04:36 PM	3611387076	1013.00	27.89	27.97	94.8	26.97	27.97	103.3	26.64	27.97	106.6	26.83	27.97	104.6
9/06/2018 9:04:37 PM	3611387077	1013.00	27.95	27.96	94.2	26.96	27.96	103.4	26.63	27.96	106.7	26.84	27.96	104.6
9/06/2018 9:04:38 PM	3611387078	1013.00	27.94	27.96	94.3	26.95	27.96	103.5	26.66	27.96	106.4	26.81	27.96	104.9
9/06/2018 9:04:39 PM	3611387079	1013.00	27.91	27.96	94.6	26.95	27.96	103.5	26.64	27.96	106.6	26.83	27.96	104.7
9/06/2018 9:04:40 PM	3611387080	1013.00	27.93	27.96	94.4	26.93	27.96	103.7	26.64	27.96	106.6	26.82	27.96	104.8
9/06/2018 9:04:41 PM	3611387081	1013.00	27.90	27.96	94.7	26.94	27.96	103.6	26.61	27.96	106.9	26.84	27.96	104.6
9/06/2018 9:04:42 PM	3611387082	1013.00	27.90	27.97	94.7	26.93	27.97	103.7	26.66	27.97	106.4	26.83	27.97	104.6
9/06/2018 9:04:43 PM	3611387083	1013.00	27.89	27.98	94.7	26.98	27.98	103.2	26.67	27.98	106.3	26.82	27.98	104.7
9/06/2018 9:04:44 PM	3611387084	1013.00	27.89	27.98	94.7	26.95	27.98	103.5	26.69	27.98	106.1	26.82	27.98	104.7
9/06/2018 9:04:45 PM	3611387085	1013.00	27.88	27.98	94.8	26.96	27.98	103.4	26.67	27.98	106.3	26.86	27.98	104.3
9/06/2018 9:04:46 PM	3611387086	1013.00	27.85	27.98	95.1	26.98	27.98	103.2	26.64	27.98	106.6	26.83	27.98	104.6
9/06/2018 9:04:47 PM	3611387087	1013.00	27.89	27.97	94.8	27.00	27.97	103.0	26.64	27.97	106.6	26.85	27.97	104.4
9/06/2018 9:04:48 PM	3611387088	1013.00	27.85	27.97	95.1	26.95	27.97	103.5	26.62	27.97	106.8	26.83	27.97	104.6
9/06/2018 9:04:49 PM	3611387089	1013.00	27.87	27.96	94.9	26.94	27.96	103.6	26.61	27.96	106.9	26.82	27.96	104.8
9/06/2018 9:04:50 PM	3611387090	1013.00	27.87	27.96	94.9	26.99	27.96	103.1	26.65	27.96	106.5	26.84	27.96	104.6
9/06/2018 9:04:51 PM	3611387091	1013.00	27.83	27.96	95.3	26.99	27.96	103.1	26.68	27.96	106.2	26.84	27.96	104.6
9/06/2018 9:04:52 PM	3611387092	1013.00	27.83	27.96	95.3	26.99	27.96	103.1	26.67	27.96	106.3	26.85	27.96	104.5
9/06/2018 9:04:53 PM	3611387093	1013.00	27.88	27.95	94.9	26.97	27.95	103.3	26.67	27.95	106.3	26.85	27.95	104.5
9/06/2018 9:04:54 PM	3611387094	1013.00	27.84	27.96	95.2	26.97	27.96	103.3	26.70	27.96	106.0	26.87	27.96	104.3
9/06/2018 9:04:55 PM	3611387095	1013.00	27.83	27.95	95.3	26.97	27.95	103.3	26.68	27.95	106.2	26.83	27.95	104.7
9/06/2018 9:04:56 PM	3611387096	1013.00	27.83	27.95	95.3	27.01	27.95	102.9	26.69	27.95	106.1	26.89	27.95	104.1
9/06/2018 9:04:57 PM	3611387097	1013.00	27.79	27.95	95.7	27.00	27.95	103.0	26.72	27.95	105.8	26.86	27.95	104.4
9/06/2018 9:04:58 PM	3611387098	1013.00	27.85	27.95	95.1	27.01	27.95	102.9	26.65	27.95	106.5	26.83	27.95	104.7
9/06/2018 9:04:59 PM	3611387099	1013.00	27.86	27.96	95.0	27.01	27.96	102.9	26.70	27.96	106.0	26.88	27.96	104.2
9/06/2018 9:05:00 PM	3611387100	1013.00	27.85	27.96	95.1	26.99	27.96	103.1	26.66	27.96	106.4	26.86	27.96	104.4
9/06/2018 9:05:01 PM	3611387101	1013.00	27.84	27.96	95.2	26.99	27.96	103.1	26.73	27.96	105.7	26.88	27.96	104.2
9/06/2018 9:05:02 PM	3611387102	1013.00	27.84	27.97	95.2	26.99	27.97	103.1	26.75	27.97	105.5	26.87	27.97	104.2
9/06/2018 9:05:03 PM	3611387103	1013.00	27.83	27.96	95.3	27.02	27.96	102.8	26.76	27.96	105.4	26.88	27.96	104.2
9/06/2018 9:05:04 PM	3611387104	1013.00	27.82	27.96	95.4	27.02	27.96	102.8	26.70	27.96	106.0	26.86	27.96	104.4
9/06/2018 9:05:05 PM	3611387105	1013.00	27.80	27.97	95.5	26.99	27.97	103.1	26.73	27.97	105.7	26.89	27.97	104.0
9/06/2018 9:05:06 PM	3611387106	1013.00	27.81	27.97	95.5	26.98	27.97	103.2	26.72	27.97	105.8	26.92	27.97	103.7
9/06/2018 9:05:07 PM	3611387107	1013.00	27.80	27.96	95.6	27.04	27.96	102.6	26.76	27.96	105.4	26.92	27.96	103.8
9/06/2018 9:05:08 PM	3611387108	1013.00	27.82	27.96	95.4	26.99	27.96	103.1	26.73	27.96	105.7	26.87	27.96	104.3
9/06/2018 9:05:09 PM	3611387109	1013.00	27.80	27.96	95.6	27.01	27.96	102.9	26.72	27.96	105.8	26.90	27.96	104.0
9/06/2018 9:05:10 PM	3611387110	1013.00	27.79	27.95	95.7	27.03	27.95	102.7	26.76	27.95	105.4	26.93	27.95	103.7
9/06/2018 9:05:11 PM	3611387111	1013.00	27.76	27.95	95.9	27.02	27.95	102.8	26.76	27.95	105.4	26.92	27.95	103.8
9/06/2018 9:05:12 PM	3611387112	1013.00	27.80	27.95	95.6	26.99	27.95	103.1	26.71	27.95	105.9	26.92	27.95	103.8
9/06/2018 9:05:13 PM	3611387113	1013.00	27.77	27.95	95.9	27.00	27.95	103.0	26.78	27.95	105.2	26.95	27.95	103.5
9/06/2018 9:05:14 PM	3611387114	1013.00	27.80	27.95	95.6	27.03	27.95	102.7	26.77	27.95	105.3	26.93	27.95	103.7
9/06/2018 9:05:15 PM	3611387115	1013.00	27.75	27.96	96.0	27.04	27.96	102.6	26.78	27.96	105.2	26.94	27.96	103.6
9/06/2018 9:05:16 PM	3611387116	1013.00	27.78	27.96	95.7	27.05	27.96	102.5	26.80	27.96	105.0	26.97	27.96	103.3
9/06/2018 9:05:17 PM	3611387117	1013.00	27.76	27.95	95.9	27.05	27.95	102.5	26.77	27.95	105.3	26.92	27.95	103.8
9/06/2018 9:05:18 PM	3611387118	1013.00	27.79	27.95	95.7	27.02	27.95	102.8	26.74	27.95	105.6	26.97	27.95	103.3
9/06/2018 9:05:19 PM	3611387119	1013.00	27.81	27.96	95.5	27.07	27.96	102.3	26.76	27.96	105.4	26.95	27.96	103.5
9/06/2018 9:05:20 PM	3611387120	1013.00	27.78	27.95	95.8	27.02	27.95	102.8	26.83	27.95	104.7	26.97	27.95	103.3
9/06/2018 9:05:21 PM	3611387121	1013.00	27.76	27.95	95.9	27.07	27.95	102.3	26.78	27.95	105.2	26.98	27.95	103.2
9/06/2018 9:05:22 PM	3611387122	1013.00	27.77	27.96	95.8	27.06	27.96	102.4	26.78	27.96	105.2	26.98	27.96	103.2
9/06/2018 9:05:23 PM	3611387123	1013.00	27.75	27.96	96.0	27.04	27.96	102.6	26.80	27.96	105.0	26.97	27.96	103.3
9/06/2018 9:05:24 PM	3611387124	1013.00	27.72	27.96	96.3	27.04	27.96	102.6	26.79	27.96	105.1	26.96	27.96	103.4
9/06/2018 9:05:25 PM	3611387125	1013.00	27.77	27.95	95.9	27.04	27.95	102.6	26.76	27.95	105.4	26.97	27.95	103.3
9/06/2018 9:05:26 PM	3611387126	1013.00	27.75	27.96	96.0	27.07	27.96	102.3	26.77	27.96	105.3	26.98	27.96	103.2
9/06/2018 9:05:27 PM	3611387127	1013.00	27.79	27.95	95.7	27.11	27.95	102.0	26.82	27.95	104.8	26.97	27.95	103.3
9/06/2018 9:05:28 PM	3611387128	1013.00	27.73	27.95	96.2	27.04	27.95	102.6	26.76	27.95	105.4	26.97	27.95	103.3
9/06/2018 9:05:29 PM	3611387129	1013.00	27.75	27.95	96.0	27.03	27.95	102.7	26.78	27.95	105.2	26.99	27.95	103.1
9/06/2018 9:05:30 PM	3611387130	1013.00	27.76	27.95	95.9	27.10	27.95	102.1	26.79	27.95	105.1	27.02	27.95	102.8
9/06/2018 9:05:31 PM	3611387131	1013.00	27.78	27.94	95.8	27.08	27.94	102.3	26.89	27.94	104.1	27.02	27.94	102.8
9/06/2018 9:05:32 PM	3611387132	1013.00	27.73	27.95	96.2	27.13	27.95	101.8	26.84	27.95	104.6	26.99	27.95	103.1
9/06/2018 9:05:33 PM	3611387133	1013.00	27.76	27.94	96.0	27.07	27.94	102.4	26.81	27.94	104.9	27.01	27.94	102.9
9/06/2018 9:05:34 PM	3611387134	1013.00	27.75	27.95	96.0	27.06	27.95	102.4	26.81	27.95	104.9	27.01	27.95	102.9
9/06/2018 9:05:35 PM	3611387135	1013.00	27.73	27.94	96.2	27.05	27.94	102.6	26.84	27.94	104.6	27.00	27.94	103.0
9/06/2018 9:05:36 PM	3611387136	1013.00	27.80	27.95	95.6	27.07	27.95	102.3	26.87	27.95	104.3	26.99	27.95	103.1
9/06/2018 9:05:37 PM	3611387137	1013.00	27.71	27.94	96.4	27.04	27.94	102.7	26.89	27.94	104.1	27.00	27.94	103.0
9/06/2018 9:05:38 PM	3611387138	1013.00	27.76	27.95	95.9	27.05	27.95	102.5	26.88	27.95	104.2	27.04	27.95	102.6
9/06/2018 9:05:39 PM	3611387139	1013.00	27.75	27.95	96.0	27.10	27.95	102.1	26.89	27.95	104.1	27.04	27.95	102.6
9/06/2018 9:05:40 PM	3611387140	1013.00	27.73	27.95	96.2	27.08	27.95	102.2	26.90	27.95	104.0	27.04	27.95	102.6
9/06/2018 9:05:41 PM	3611387141	1013.00	27.72	27.95	96.3	27.04	27.95	102.6	26.84	27.95	104.6	27.02	27.95	102.8
9/06/2018 9:05:42 PM	3611387142	1013.00	27.75	27.95	96.0	27.10	27.95	102.1	26.90	27.95	104.0	27.05	27.95	102.5
9/06/2018 9:05:43 PM	3611387143	1013.00	27.73	27.95	96.2	27.11	27.95	102.0	26.86	27.95	104.4	27.04	27.95	102.6
9/06/2018 9:05:44 PM	3611387144	1013.00	27.73	27.95	96.2	27.05	27.95	102.5	26.89	27.95	104.1	27.01	27.95	102.9
9/06/2018 9:05:45 PM	3611387145	1013.00	27.72	27.95	96.3	27.07	27.95	102.3	26.89	27.95	104.1	27.02	27.95	102.8
9/06/2018 9:05:46 PM	3611387146	1013.00	27.71	27.95	96.4	27.07	27.95	102.3	26.88	27.95	104.2	27.05	27.95	102.5
9/06/2018 9:05:47 PM	3611387147	1013.00	27.73	27.95	96.2	27.09	27.95	102.2	26.88	27.95	104.2	27.06	27.95	102.4
9/06/2018 9:05:48 PM	3611387148	1013.00	27.75	27.94	96.0	27.06	27.94	102.5	26.87	27.94	104.3	27.07	27.94	102.3
9/06/2018 9:05:49 PM	3611387149	1013.00	27.73	27.94	96.2	27.10	27.94	102.1	26.89	27.94	104.1	27.06	27.94	102.4
9/06/2018 9:05:50 PM	3611387150	1013.00	27.72	27.94	96.3	27.08	27.94	102.3	26.94	27.94	103.6	27.06	27.94	102.4
9/06/2018 9:05:51 PM	3611387151	1013.00	27.74	27.94	96.1	27.17	27.94	101.4	26.94	27.94	103.6	27.06	27.94	102.4
9/06/2018 9:05:52 PM	3611387152	1013.00	27.72	27.94	96.3	27.10	27.94	102.1	26.95	27.94	103.5	27.05	27.94	102.5
9/06/2018 9:05:53 PM	3611387153	1013.00	27.71	27.94	96.4	27.09	27.94	102.2	26.92	27.94	103.8	27.08	27.94	102.2
9/06/2018 9:05:54 PM	3611387154	1013.00	27.72	27.94	96.3	27.16	27.94	101.5	26.97	27.94	103.3	27.07	27.94	102.3
9/06/2018 9:05:55 PM	3611387155	1013.00	27.72	27.94	96.3	27.18	27.94	101.3	26.92	27.94	103.8	27.07	27.94	102.3
9/06/2018 9:05:56 PM	3611387156	1013.00	27.74	27.94	96.1	27.13	27.94	101.8	26.95	27.94	103.5	27.09	27.94	102.1
9/06/2018 9:05:57 PM	3611387157	1013.00	27.73	27.94	96.2	27.12	27.94	101.9	26.99	27.94	103.1	27.11	27.94	101.9
9/06/2018 9:05:58 PM	3611387158	1013.00	27.70	27.95	96.5	27.16	27.95	101.5	26.94	27.95	103.6	27.12	27.95	101.8
9/06/2018 9:05:59 PM	3611387159	1013.00	27.70	27.94	96.5	27.17	27.94	101.4	26.99	27.94	103.1	27.12	27.94	101.8
9/06/2018 9:06:00 PM	3611387160	1013.00	27.77	27.94	95.9	27.14	27.94	101.7	27.02	27.94	102.9	27.10	27.94	102.0
9/06/2018 9:06:01 PM	3611387161	1013.00	27.73	27.94	96.2	27.18	27.94	101.3	27.00	27.94	103.0	27.12	27.94	101.8
9/06/2018 9:06:02 PM	3611387162	1013.00	27.72	27.93	96.3	27.17	27.93	101.4	26.99	27.93	103.2	27.10	27.93	102.1
9/06/2018 9:06:03 PM	3611387163	1013.00	27.74	27.93	96.2	27.19	27.93	101.2	27.04	27.93	102.7	27.11	27.93	102.0
9/06/2018 9:06:04 PM	3611387164	1013.00	27.72	27.93	96.3	27.18	27.93	101.3	26.97	27.93	103.4	27.10	27.93	102.1
9/06/2018 9:06:05 PM	3611387165	1013.00	27.72	27.94	96.3	27.17	27.94	101.4	26.96	27.94	103.4	27.12	27.94	101.8
9/06/2018 9:06:06 PM	3611387166	1013.00	27.74	27.94	96.1	27.17	27.94	101.4	27.00	27.94	103.0	27.12	27.94	101.8
9/06/2018 9:06:07 PM	3611387167	1013.00	27.71	27.93	96.4	27.14	27.93	101.7	27.00	27.93	103.1	27.13	27.93	101.8
9/06/2018 9:06:08 PM	3611387168	1013.00	27.77	27.94	95.9	27.19	27.94	101.2	27.02	27.94	102.9	27.16	27.94	101.5
9/06/2018 9:06:09 PM	3611387169	1013.00	27.72	27.94	96.3	27.18	27.94	101.3	27.03	27.94	102.8	27.17	27.94	101.4
9/06/2018 9:06:10 PM	3611387170	1013.00	27.73	27.93	96.2	27.16	27.93	101.5	27.09	27.93	102.2	27.17	27.93	101.4
9/06/2018 9:06:11 PM	3611387171	1013.00	27.75	27.93	96.1	27.18	27.93	101.3	27.08	27.93	102.3	27.19	27.93	101.2
9/06/2018 9:06:12 PM	3611387172	1013.00	27.73	27.93	96.2	27.18	27.93	101.3	27.08	27.93	102.3	27.17	27.93	101.4
9/06/2018 9:06:13 PM	3611387173	1013.00	27.72	27.93	96.3	27.20	27.93	101.1	27.09	27.93	102.2	27.16	27.93	101.5
9/06/2018 9:06:14 PM	3611387174	1013.00	27.73	27.93	96.2	27.18	27.93	101.3	27.09	27.93	102.2	27.20	27.93	101.1
9/06/2018 9:06:15 PM	3611387175	1013.00	27.78	27.93	95.8	27.23	27.93	100.8	27.05	27.93	102.6	27.20	27.93	101.1
9/06/2018 9:06:16 PM	3611387176	1013.00	27.73	27.93	96.2	27.21	27.93	101.0	27.10	27.93	102.1	27.22	27.93	100.9
9/06/2018 9:06:17 PM	3611387177	1013.00	27.70	27.93	96.5	27.21	27.93	101.0	27.11	27.93	102.0	27.21	27.93	101.0
9/06/2018 9:06:18 PM	3611387178	1013.00	27.73	27.93	96.2	27.18	27.93	101.3	27.13	27.93	101.8	27.22	27.93	100.9
9/06/2018 9:06:19 PM	3611387179	1013.00	27.73	27.93	96.2	27.24	27.93	100.7	27.12	27.93	101.9	27.24	27.93	100.7
9/06/2018 9:06:20 PM	3611387180	1013.00	27.72	27.93	96.3	27.22	27.93	100.9	27.12	27.93	101.9	27.21	27.93	101.0
9/06/2018 9:06:21 PM	3611387181	1013.00	27.69	27.94	96.6	27.20	27.94	101.1	27.12	27.94	101.9	27.26	27.94	100.5
9/06/2018 9:06:22 PM	3611387182	1013.00	27.74	27.94	96.1	27.22	27.94	100.9	27.11	27.94	102.0	27.28	27.94	100.3
9/06/2018 9:06:23 PM	3611387183	1013.00	27.74	27.93	96.2	27.27	27.93	100.5	27.10	27.93	102.1	27.27	27.93	100.4
9/06/2018 9:06:24 PM	3611387184	1013.00	27.72	27.92	96.4	27.25	27.92	100.7	27.14	27.92	101.7	27.26	27.92	100.5
9/06/2018 9:06:25 PM	3611387185	1013.00	27.73	27.92	96.3	27.26	27.92	100.6	27.19	27.92	101.2	27.29	27.92	100.3
9/06/2018 9:06:26 PM	3611387186	1013.00	27.76	27.92	96.0	27.25	27.92	100.7	27.17	27.92	101.4	27.29	27.92	100.3
9/06/2018 9:06:27 PM	3611387187	1013.00	27.71	27.92	96.4	27.27	27.92	100.5	27.12	27.92	101.9	27.29	27.92	100.3
9/06/2018 9:06:28 PM	3611387188	1013.00	27.72	27.92	96.4	27.24	27.92	100.8	27.16	27.92	101.5	27.32	27.92	100.0
9/06/2018 9:06:29 PM	3611387189	1013.00	27.74	27.92	96.2	27.24	27.92	100.8	27.15	27.92	101.6	27.28	27.92	100.3
9/06/2018 9:06:30 PM	3611387190	1013.00	27.68	27.93	96.7	27.28	27.93	100.4	27.14	27.93	101.7	27.29	27.93	100.2
9/06/2018 9:06:31 PM	3611387191	1013.00	27.71	27.93	96.4	27.30	27.93	100.2	27.16	27.93	101.5	27.31	27.93	100.0
9/06/2018 9:06:32 PM	3611387192	1013.00	27.71	27.92	96.4	27.29	27.92	100.3	27.17	27.92	101.4	27.27	27.92	100.4
9/06/2018 9:06:33 PM	3611387193	1013.00	27.73	27.93	96.2	27.29	27.93	100.3	27.19	27.93	101.2	27.32	27.93	100.0
9/06/2018 9:06:34 PM	3611387194	1013.00	27.71	27.93	96.4	27.30	27.93	100.2	27.16	27.93	101.5	27.32	27.93	100.0
9/06/2018 9:06:35 PM	3611387195	1013.00	27.71	27.93	96.4	27.32	27.93	100.0	27.17	27.93	101.4	27.35	27.93	99.7
9/06/2018 9:06:36 PM	3611387196	1013.00	27.72	27.92	96.4	27.32	27.92	100.0	27.18	27.92	101.3	27.38	27.92	99.4
9/06/2018 9:06:37 PM	3611387197	1013.00	27.70	27.92	96.5	27.30	27.92	100.2	27.14	27.92	101.7	27.35	27.92	99.7
9/06/2018 9:06:38 PM	3611387198	1013.00	27.71	27.92	96.4	27.30	27.92	100.2	27.19	27.92	101.2	27.35	27.92	99.7
9/06/2018 9:06:39 PM	3611387199	1013.00	27.67	27.92	96.8	27.37	27.92	99.5	27.18	27.92	101.3	27.35	27.92	99.7
9/06/2018 9:06:40 PM	3611387200	1013.00	27.70	27.92	96.5	27.33	27.92	99.9	27.16	27.92	101.5	27.39	27.92	99.3
9/06/2018 9:06:41 PM	3611387201	1013.00	27.69	27.92	96.6	27.33	27.92	99.9	27.20	27.92	101.1	27.39	27.92	99.3
9/06/2018 9:06:42 PM	3611387202	1013.00	27.72	27.92	96.4	27.33	27.92	99.9	27.22	27.92	101.0	27.43	27.92	98.9
9/06/2018 9:06:43 PM	3611387203	1013.00	27.73	27.92	96.3	27.37	27.92	99.5	27.15	27.92	101.6	27.41	27.92	99.1
9/06/2018 9:06:44 PM	3611387204	1013.00	27.71	27.92	96.4	27.35	27.92	99.7	27.17	27.92	101.4	27.44	27.92	98.8
9/06/2018 9:06:45 PM	3611387205	1013.00	27.73	27.92	96.3	27.33	27.92	99.9	27.12	27.92	101.9	27.49	27.92	98.4
9/06/2018 9:06:46 PM	3611387206	1013.00	27.73	27.92	96.3	27.34	27.92	99.8	27.19	27.92	101.2	27.44	27.92	98.8
9/06/2018 9:06:47 PM	3611387207	1013.00	27.69	27.93	96.6	27.33	27.93	99.9	27.23	27.93	100.8	27.45	27.93	98.7
9/06/2018 9:06:48 PM	3611387208	1013.00	27.72	27.91	96.4	27.33	27.91	99.9	27.17	27.91	101.5	27.47	27.91	98.6
9/06/2018 9:06:49 PM	3611387209	1013.00	27.69	27.91	96.6	27.31	27.91	100.1	27.16	27.91	101.5	27.48	27.91	98.5
9/06/2018 9:06:50 PM	3611387210	1013.00	27.70	27.91	96.5	27.36	27.91	99.6	27.17	27.91	101.5	27.49	27.91	98.4
9/06/2018 9:06:51 PM	3611387211	1013.00	27.70	27.91	96.5	27.32	27.91	100.0	27.20	27.91	101.2	27.49	27.91	98.4
9/06/2018 9:06:52 PM	3611387212	1013.00	27.76	27.91	96.0	27.36	27.91	99.6	27.17	27.91	101.5	27.48	27.91	98.5
9/06/2018 9:06:53 PM	3611387213	1013.00	27.72	27.92	96.4	27.33	27.92	99.9	27.19	27.92	101.2	27.46	27.92	98.7
9/06/2018 9:06:54 PM	3611387214	1013.00	27.73	27.92	96.3	27.36	27.92	99.6	27.20	27.92	101.1	27.46	27.92	98.7
9/06/2018 9:06:55 PM	3611387215	1013.00	27.72	27.92	96.4	27.41	27.92	99.2	27.20	27.92	101.1	27.48	27.92	98.5
9/06/2018 9:06:56 PM	3611387216	1013.00	27.73	27.92	96.3	27.40	27.92	99.3	27.24	27.92	100.8	27.48	27.92	98.5
9/06/2018 9:06:57 PM	3611387217	1013.00	27.72	27.92	96.4	27.40	27.92	99.3	27.20	27.92	101.1	27.49	27.92	98.4
9/06/2018 9:06:58 PM	3611387218	1013.00	27.70	27.92	96.5	27.35	27.92	99.7	27.23	27.92	100.9	27.52	27.92	98.1
9/06/2018 9:06:59 PM	3611387219	1013.00	27.70	27.91	96.5	27.34	27.91	99.8	27.19	27.91	101.3	27.52	27.91	98.1
9/06/2018 9:07:00 PM	3611387220	1013.00	27.70	27.91	96.5	27.35	27.91	99.7	27.23	27.91	100.9	27.49	27.91	98.4
9/06/2018 9:07:01 PM	3611387221	1013.00	27.74	27.90	96.2	27.40	27.90	99.3	27.22	27.90	101.0	27.48	27.90	98.5
9/06/2018 9:07:02 PM	3611387222	1013.00	27.74	27.90	96.2	27.39	27.90	99.4	27.19	27.90	101.3	27.48	27.90	98.5
9/06/2018 9:07:03 PM	3611387223	1013.00	27.73	27.90	96.3	27.46	27.90	98.7	27.25	27.90	100.7	27.48	27.90	98.5
9/06/2018 9:07:04 PM	3611387224	1013.00	27.74	27.90	96.2	27.41	27.90	99.2	27.23	27.90	100.9	27.49	27.90	98.4
9/06/2018 9:07:05 PM	3611387225	1013.00	27.70	27.91	96.5	27.40	27.91	99.3	27.24	27.91	100.8	27.53	27.91	98.0
9/06/2018 9:07:06 PM	3611387226	1013.00	27.72	27.91	96.4	27.38	27.91	99.5	27.22	27.91	101.0	27.51	27.91	98.2
9/06/2018 9:07:07 PM	3611387227	1013.00	27.77	27.91	95.9	27.41	27.91	99.2	27.19	27.91	101.3	27.51	27.91	98.2
9/06/2018 9:07:08 PM	3611387228	1013.00	27.71	27.90	96.5	27.42	27.90	99.1	27.28	27.90	100.4	27.54	27.90	98.0
9/06/2018 9:07:09 PM	3611387229	1013.00	27.69	27.91	96.6	27.44	27.91	98.9	27.26	27.91	100.6	27.51	27.91	98.2
9/06/2018 9:07:10 PM	3611387230	1013.00	27.74	27.90	96.2	27.38	27.90	99.5	27.25	27.90	100.7	27.53	27.90	98.0
9/06/2018 9:07:11 PM	3611387231	1013.00	27.70	27.90	96.6	27.46	27.90	98.7	27.25	27.90	100.7	27.54	27.90	98.0
9/06/2018 9:07:12 PM	3611387232	1013.00	27.72	27.90	96.4	27.41	27.90	99.2	27.28	27.90	100.4	27.54	27.90	98.0
9/06/2018 9:07:13 PM	3611387233	1013.00	27.69	27.90	96.7	27.40	27.90	99.3	27.23	27.90	100.9	27.57	27.90	97.7
9/06/2018 9:07:14 PM	3611387234	1013.00	27.72	27.90	96.4	27.43	27.90	99.0	27.25	27.90	100.7	27.54	27.90	98.0
9/06/2018 9:07:15 PM	3611387235	1013.00	27.68	27.89	96.8	27.50	27.89	98.4	27.28	27.89	100.4	27.54	27.89	98.0
9/06/2018 9:07:16 PM	3611387236	1013.00	27.72	27.89	96.4	27.43	27.89	99.0	27.26	27.89	100.6	27.56	27.89	97.8
9/06/2018 9:07:17 PM	3611387237	1013.00	27.74	27.88	96.2	27.42	27.88	99.1	27.31	27.88	100.2	27.55	27.88	97.9
9/06/2018 9:07:18 PM	3611387238	1013.00	27.74	27.90	96.2	27.45	27.90	98.8	27.31	27.90	100.1	27.55	27.90	97.9
9/06/2018 9:07:19 PM	3611387239	1013.00	27.74	27.89	96.2	27.50	27.89	98.4	27.36	27.89	99.7	27.57	27.89	97.7
9/06/2018 9:07:20 PM	3611387240	1013.00	27.71	27.90	96.5	27.44	27.90	98.9	27.31	27.90	100.1	27.55	27.90	97.9
9/06/2018 9:07:21 PM	3611387241	1013.00	27.78	27.90	95.8	27.42	27.90	99.1	27.30	27.90	100.2	27.58	27.90	97.6
9/06/2018 9:07:22 PM	3611387242	1013.00	27.74	27.90	96.2	27.45	27.90	98.8	27.32	27.90	100.0	27.57	27.90	97.7
9/06/2018 9:07:23 PM	3611387243	1013.00	27.72	27.90	96.4	27.49	27.90	98.5	27.28	27.90	100.4	27.57	27.90	97.7
9/06/2018 9:07:24 PM	3611387244	1013.00	27.72	27.90	96.4	27.44	27.90	98.9	27.31	27.90	100.1	27.54	27.90	98.0
9/06/2018 9:07:25 PM	3611387245	1013.00	27.69	27.90	96.7	27.49	27.90	98.5	27.33	27.90	99.9	27.58	27.90	97.6
9/06/2018 9:07:26 PM	3611387246	1013.00	27.72	27.90	96.4	27.49	27.90	98.5	27.33	27.90	99.9	27.59	27.90	97.5
9/06/2018 9:07:27 PM	3611387247	1013.00	27.71	27.90	96.5	27.47	27.90	98.6	27.33	27.90	99.9	27.56	27.90	97.8
9/06/2018 9:07:28 PM	3611387248	1013.00	27.74	27.90	96.2	27.47	27.90	98.6	27.35	27.90	99.8	27.62	27.90	97.2
9/06/2018 9:07:29 PM	3611387249	1013.00	27.73	27.89	96.3	27.48	27.89	98.6	27.38	27.89	99.5	27.59	27.89	97.5
9/06/2018 9:07:30 PM	3611387250	1013.00	27.74	27.90	96.2	27.47	27.90	98.6	27.34	27.90	99.9	27.62	27.90	97.2
9/06/2018 9:07:31 PM	3611387251	1013.00	27.73	27.90	96.3	27.48	27.90	98.5	27.38	27.90	99.5	27.62	27.90	97.2
9/06/2018 9:07:32 PM	3611387252	1013.00	27.71	27.90	96.5	27.49	27.90	98.5	27.36	27.90	99.7	27.66	27.90	96.9
9/06/2018 9:07:33 PM	3611387253	1013.00	27.72	27.90	96.4	27.48	27.90	98.5	27.30	27.90	100.2	27.64	27.90	97.0
9/06/2018 9:07:34 PM	3611387254	1013.00	27.71	27.90	96.5	27.47	27.90	98.6	27.33	27.90	99.9	27.64	27.90	97.0
9/06/2018 9:07:35 PM	3611387255	1013.00	27.71	27.89	96.5	27.48	27.89	98.6	27.37	27.89	99.6	27.64	27.89	97.1
9/06/2018 9:07:36 PM	3611387256	1013.00	27.73	27.88	96.3	27.48	27.88	98.6	27.34	27.88	99.9	27.66	27.88	96.9
9/06/2018 9:07:37 PM	3611387257	1013.00	27.75	27.89	96.1	27.48	27.89	98.6	27.41	27.89	99.2	27.65	27.89	97.0
9/06/2018 9:07:38 PM	3611387258	1013.00	27.74	27.88	96.2	27.50	27.88	98.4	27.32	27.88	100.1	27.68	27.88	96.7
9/06/2018 9:07:39 PM	3611387259	1013.00	27.70	27.88	96.6	27.54	27.88	98.0	27.37	27.88	99.6	27.65	27.88	97.0
9/06/2018 9:07:40 PM	3611387260	1013.00	27.76	27.89	96.0	27.50	27.89	98.4	27.34	27.89	99.9	27.69	27.89	96.6
9/06/2018 9:07:41 PM	3611387261	1013.00	27.71	27.90	96.5	27.52	27.90	98.2	27.41	27.90	99.2	27.71	27.90	96.4
9/06/2018 9:07:42 PM	3611387262	1013.00	27.74	27.90	96.2	27.49	27.90	98.5	27.39	27.90	99.4	27.69	27.90	96.6
9/06/2018 9:07:43 PM	3611387263	1013.00	27.71	27.90	96.5	27.53	27.90	98.1	27.37	27.90	99.6	27.69	27.90	96.6
9/06/2018 9:07:44 PM	3611387264	1013.00	27.74	27.91	96.2	27.54	27.91	98.0	27.40	27.91	99.3	27.67	27.91	96.8
9/06/2018 9:07:45 PM	3611387265	1013.00	27.74	27.91	96.2	27.52	27.91	98.2	27.39	27.91	99.4	27.70	27.91	96.5
9/06/2018 9:07:46 PM	3611387266	1013.00	27.72	27.90	96.4	27.50	27.90	98.4	27.44	27.90	98.9	27.74	27.90	96.1
9/06/2018 9:07:47 PM	3611387267	1013.00	27.73	27.90	96.3	27.56	27.90	97.8	27.42	27.90	99.1	27.73	27.90	96.2
9/06/2018 9:07:48 PM	3611387268	1013.00	27.74	27.90	96.2	27.56	27.90	97.8	27.38	27.90	99.5	27.72	27.90	96.3
9/06/2018 9:07:49 PM	3611387269	1013.00	27.68	27.89	96.8	27.54	27.89	98.0	27.36	27.89	99.7	27.72	27.89	96.3
9/06/2018 9:07:50 PM	3611387270	1013.00	27.70	27.88	96.6	27.49	27.88	98.5	27.38	27.88	99.5	27.72	27.88	96.4
9/06/2018 9:07:51 PM	3611387271	1013.00	27.73	27.88	96.3	27.56	27.88	97.8	27.41	27.88	99.2	27.75	27.88	96.1
9/06/2018 9:07:52 PM	3611387272	1013.00	27.72	27.87	96.4	27.56	27.87	97.9	27.40	27.87	99.3	27.79	27.87	95.7
9/06/2018 9:07:53 PM	3611387273	1013.00	27.76	27.88	96.1	27.52	27.88	98.2	27.38	27.88	99.5	27.74	27.88	96.2
9/06/2018 9:07:54 PM	3611387274	1013.00	27.77	27.88	96.0	27.51	27.88	98.3	27.44	27.88	99.0	27.73	27.88	96.3
9/06/2018 9:07:55 PM	3611387275	1013.00	27.72	27.90	96.4	27.55	27.90	97.9	27.38	27.90	99.5	27.77	27.90	95.9
9/06/2018 9:07:56 PM	3611387276	1013.00	27.76	27.90	96.0	27.56	27.90	97.8	27.38	27.90	99.5	27.79	27.90	95.7
9/06/2018 9:07:57 PM	3611387277	1013.00	27.74	27.90	96.2	27.58	27.90	97.6	27.43	27.90	99.0	27.82	27.90	95.4
9/06/2018 9:07:58 PM	3611387278	1013.00	27.76	27.90	96.0	27.58	27.90	97.6	27.43	27.90	99.0	27.80	27.90	95.6
9/06/2018 9:07:59 PM	3611387279	1013.00	27.74	27.90	96.2	27.60	27.90	97.4	27.43	27.90	99.0	27.79	27.90	95.7
9/06/2018 9:08:00 PM	3611387280	1013.00	27.74	27.89	96.2	27.54	27.89	98.0	27.36	27.89	99.7	27.79	27.89	95.7
9/06/2018 9:08:01 PM	3611387281	1013.00	27.73	27.89	96.3	27.56	27.89	97.8	27.43	27.89	99.0	27.77	27.89	95.9
9/06/2018 9:08:02 PM	3611387282	1013.00	27.75	27.88	96.1	27.56	27.88	97.8	27.41	27.88	99.2	27.82	27.88	95.5
9/06/2018 9:08:03 PM	3611387283	1013.00	27.77	27.88	96.0	27.64	27.88	97.1	27.44	27.88	99.0	27.83	27.88	95.4
9/06/2018 9:08:04 PM	3611387284	1013.00	27.76	27.88	96.1	27.58	27.88	97.7	27.44	27.88	99.0	27.82	27.88	95.5
9/06/2018 9:08:05 PM	3611387285	1013.00	27.77	27.88	96.0	27.62	27.88	97.3	27.41	27.88	99.2	27.82	27.88	95.5
9/06/2018 9:08:06 PM	3611387286	1013.00	27.76	27.88	96.1	27.58	27.88	97.7	27.44	27.88	99.0	27.83	27.88	95.4
9/06/2018 9:08:07 PM	3611387287	1013.00	27.72	27.89	96.4	27.59	27.89	97.5	27.43	27.89	99.0	27.82	27.89	95.4
9/06/2018 9:08:08 PM	3611387288	1013.00	27.75	27.89	96.1	27.61	27.89	97.4	27.40	27.89	99.3	27.81	27.89	95.5
9/06/2018 9:08:09 PM	3611387289	1013.00	27.77	27.88	96.0	27.57	27.88	97.7	27.45	27.88	98.9	27.83	27.88	95.4
9/06/2018 9:08:10 PM	3611387290	1013.00	27.71	27.88	96.5	27.56	27.88	97.8	27.45	27.88	98.9	27.82	27.88	95.5
9/06/2018 9:08:11 PM	3611387291	1013.00	27.76	27.88	96.1	27.58	27.88	97.7	27.45	27.88	98.9	27.87	27.88	95.0
9/06/2018 9:08:12 PM	3611387292	1013.00	27.75	27.88	96.1	27.60	27.88	97.5	27.43	27.88	99.0	27.87	27.88	95.0
9/06/2018 9:08:13 PM	3611387293	1013.00	27.78	27.88	95.9	27.61	27.88	97.4	27.43	27.88	99.0	27.89	27.88	94.8
9/06/2018 9:08:14 PM	3611387294	1013.00	27.76	27.88	96.1	27.63	27.88	97.2	27.42	27.88	99.1	27.91	27.88	94.7
9/06/2018 9:08:15 PM	3611387295	1013.00	27.71	27.88	96.5	27.64	27.88	97.1	27.46	27.88	98.8	27.91	27.88	94.7
9/06/2018 9:08:16 PM	3611387296	1013.00	27.80	27.88	95.7	27.63	27.88	97.2	27.47	27.88	98.7	27.92	27.88	94.6
9/06/2018 9:08:17 PM	3611387297	1013.00	27.76	27.88	96.1	27.64	27.88	97.1	27.41	27.88	99.2	27.93	27.88	94.5
9/06/2018 9:08:18 PM	3611387298	1013.00	27.78	27.88	95.9	27.60	27.88	97.5	27.45	27.88	98.9	27.92	27.88	94.6
9/06/2018 9:08:19 PM	3611387299	1013.00	27.75	27.87	96.2	27.67	27.87	96.9	27.42	27.87	99.2	27.94	27.87	94.4
9/06/2018 9:08:20 PM	3611387300	1013.00	27.74	27.87	96.3	27.64	27.87	97.1	27.44	27.87	99.0	27.97	27.87	94.1
9/06/2018 9:08:21 PM	3611387301	1013.00	27.75	27.88	96.1	27.66	27.88	96.9	27.48	27.88	98.6	27.96	27.88	94.2
9/06/2018 9:08:22 PM	3611387302	1013.00	27.73	27.87	96.3	27.67	27.87	96.9	27.41	27.87	99.2	27.96	27.87	94.2
9/06/2018 9:08:23 PM	3611387303	1013.00	27.74	27.87	96.3	27.66	27.87	96.9	27.42	27.87	99.2	27.97	27.87	94.1
9/06/2018 9:08:24 PM	3611387304	1013.00	27.76	27.87	96.1	27.66	27.87	96.9	27.49	27.87	98.5	27.97	27.87	94.1
9/06/2018 9:08:25 PM	3611387305	1013.00	27.82	27.88	95.5	27.67	27.88	96.8	27.51	27.88	98.3	28.01	27.88	93.8
9/06/2018 9:08:26 PM	3611387306	1013.00	27.74	27.87	96.3	27.69	27.87	96.7	27.43	27.87	99.1	28.00	27.87	93.9
9/06/2018 9:08:27 PM	3611387307	1013.00	27.77	27.87	96.0	27.70	27.87	96.6	27.43	27.87	99.1	27.98	27.87	94.1
9/06/2018 9:08:28 PM	3611387308	1013.00	27.76	27.87	96.1	27.68	27.87	96.8	27.40	27.87	99.3	27.99	27.87	94.0
9/06/2018 9:08:29 PM	3611387309	1013.00	27.80	27.87	95.7	27.68	27.87	96.8	27.44	27.87	99.0	27.98	27.87	94.1
9/06/2018 9:08:30 PM	3611387310	1013.00	27.78	27.86	95.9	27.72	27.86	96.4	27.43	27.86	99.1	27.97	27.86	94.2
9/06/2018 9:08:31 PM	3611387311	1013.00	27.82	27.86	95.6	27.72	27.86	96.4	27.42	27.86	99.2	28.00	27.86	93.9
9/06/2018 9:08:32 PM	3611387312	1013.00	27.77	27.87	96.0	27.69	27.87	96.7	27.44	27.87	99.0	28.01	27.87	93.8
9/06/2018 9:08:33 PM	3611387313	1013.00	27.79	27.86	95.8	27.63	27.86	97.2	27.49	27.86	98.5	28.01	27.86	93.8
9/06/2018 9:08:34 PM	3611387314	1013.00	27.77	27.87	96.0	27.71	27.87	96.5	27.50	27.87	98.4	28.02	27.87	93.7
9/06/2018 9:08:35 PM	3611387315	1013.00	27.82	27.87	95.5	27.72	27.87	96.4	27.43	27.87	99.1	28.02	27.87	93.7
9/06/2018 9:08:36 PM	3611387316	1013.00	27.83	27.87	95.4	27.70	27.87	96.6	27.46	27.87	98.8	28.03	27.87	93.6
9/06/2018 9:08:37 PM	3611387317	1013.00	27.81	27.87	95.6	27.69	27.87	96.7	27.45	27.87	98.9	28.02	27.87	93.7
9/06/2018 9:08:38 PM	3611387318	1013.00	27.79	27.87	95.8	27.70	27.87	96.6	27.48	27.87	98.6	28.04	27.87	93.5
9/06/2018 9:08:39 PM	3611387319	1013.00	27.82	27.86	95.6	27.74	27.86	96.2	27.49	27.86	98.5	28.03	27.86	93.6
9/06/2018 9:08:40 PM	3611387320	1013.00	27.82	27.87	95.5	27.69	27.87	96.7	27.48	27.87	98.6	28.00	27.87	93.9
9/06/2018 9:08:41 PM	3611387321	1013.00	27.84	27.87	95.4	27.74	27.87	96.2	27.49	27.87	98.5	28.07	27.87	93.3
9/06/2018 9:08:42 PM	3611387322	1013.00	27.83	27.87	95.4	27.66	27.87	96.9	27.44	27.87	99.0	28.09	27.87	93.1
9/06/2018 9:08:43 PM	3611387323	1013.00	27.80	27.87	95.7	27.76	27.87	96.0	27.55	27.87	97.9	28.09	27.87	93.1
9/06/2018 9:08:44 PM	3611387324	1013.00	27.84	27.87	95.4	27.75	27.87	96.1	27.51	27.87	98.3	28.11	27.87	92.9
9/06/2018 9:08:45 PM	3611387325	1013.00	27.80	27.87	95.7	27.72	27.87	96.4	27.51	27.87	98.3	28.11	27.87	92.9
9/06/2018 9:08:46 PM	3611387326	1013.00	27.86	27.87	95.2	27.73	27.87	96.3	27.50	27.87	98.4	28.14	27.87	92.7
9/06/2018 9:08:47 PM	3611387327	1013.00	27.81	27.88	95.6	27.77	27.88	95.9	27.55	27.88	97.9	28.13	27.88	92.7
9/06/2018 9:08:48 PM	3611387328	1013.00	27.82	27.87	95.5	27.71	27.87	96.5	27.52	27.87	98.2	28.11	27.87	92.9
9/06/2018 9:08:49 PM	3611387329	1013.00	27.83	27.87	95.4	27.75	27.87	96.1	27.52	27.87	98.2	28.16	27.87	92.5
9/06/2018 9:08:50 PM	3611387330	1013.00	27.83	27.86	95.5	27.79	27.86	95.8	27.54	27.86	98.1	28.11	27.86	92.9
9/06/2018 9:08:51 PM	3611387331	1013.00	27.85	27.86	95.3	27.78	27.86	95.9	27.54	27.86	98.1	28.11	27.86	92.9
9/06/2018 9:08:52 PM	3611387332	1013.00	27.82	27.85	95.6	27.76	27.85	96.1	27.47	27.85	98.7	28.14	27.85	92.7
9/06/2018 9:08:53 PM	3611387333	1013.00	27.80	27.85	95.7	27.78	27.85	95.9	27.48	27.85	98.6	28.16	27.85	92.5
9/06/2018 9:08:54 PM	3611387334	1013.00	27.85	27.86	95.3	27.77	27.86	96.0	27.49	27.86	98.5	28.15	27.86	92.6
9/06/2018 9:08:55 PM	3611387335	1013.00	27.86	27.86	95.2	27.81	27.86	95.6	27.54	27.86	98.1	28.19	27.86	92.3
9/06/2018 9:08:56 PM	3611387336	1013.00	27.84	27.86	95.4	27.83	27.86	95.4	27.55	27.86	98.0	28.20	27.86	92.2
9/06/2018 9:08:57 PM	3611387337	1013.00	27.85	27.86	95.3	27.87	27.86	95.1	27.54	27.86	98.1	28.20	27.86	92.2
9/06/2018 9:08:58 PM	3611387338	1013.00	27.84	27.86	95.4	27.89	27.86	94.9	27.54	27.86	98.1	28.20	27.86	92.2
9/06/2018 9:08:59 PM	3611387339	1013.00	27.81	27.86	95.6	27.93	27.86	94.5	27.54	27.86	98.1	28.20	27.86	92.2
9/06/2018 9:09:00 PM	3611387340	1013.00	27.82	27.86	95.6	27.91	27.86	94.7	27.56	27.86	97.9	28.22	27.86	92.0
9/06/2018 9:09:01 PM	3611387341	1013.00	27.87	27.86	95.1	27.89	27.86	94.9	27.59	27.86	97.6	28.21	27.86	92.1
9/06/2018 9:09:02 PM	3611387342	1013.00	27.84	27.86	95.4	27.92	27.86	94.6	27.56	27.86	97.9	28.23	27.86	91.9
9/06/2018 9:09:03 PM	3611387343	1013.00	27.86	27.84	95.2	28.00	27.84	94.0	27.53	27.84	98.2	28.22	27.84	92.0
9/06/2018 9:09:04 PM	3611387344	1013.00	27.84	27.84	95.4	27.97	27.84	94.2	27.56	27.84	97.9	28.20	27.84	92.2
9/06/2018 9:09:05 PM	3611387345	1013.00	27.88	27.85	95.0	28.00	27.85	94.0	27.53	27.85	98.2	28.21	27.85	92.1
9/06/2018 9:09:06 PM	3611387346	1013.00	27.86	27.85	95.2	27.99	27.85	94.0	27.54	27.85	98.1	28.21	27.85	92.1
9/06/2018 9:09:07 PM	3611387347	1013.00	27.86	27.85	95.2	28.01	27.85	93.9	27.58	27.85	97.7	28.20	27.85	92.2
9/06/2018 9:09:08 PM	3611387348	1013.00	27.86	27.86	95.2	27.98	27.86	94.1	27.56	27.86	97.9	28.23	27.86	91.9
9/06/2018 9:09:09 PM	3611387349	1013.00	27.87	27.85	95.1	27.98	27.85	94.1	27.61	27.85	97.4	28.25	27.85	91.8
9/06/2018 9:09:10 PM	3611387350	1013.00	27.88	27.85	95.0	28.03	27.85	93.7	27.55	27.85	98.0	28.25	27.85	91.8
9/06/2018 9:09:11 PM	3611387351	1013.00	27.90	27.85	94.9	28.00	27.85	94.0	27.59	27.85	97.6	28.27	27.85	91.6
9/06/2018 9:09:12 PM	3611387352	1013.00	27.86	27.85	95.2	28.02	27.85	93.8	27.58	27.85	97.7	28.25	27.85	91.8
9/06/2018 9:09:13 PM	3611387353	1013.00	27.87	27.85	95.1	28.00	27.85	94.0	27.60	27.85	97.5	28.26	27.85	91.7
9/06/2018 9:09:14 PM	3611387354	1013.00	27.87	27.85	95.1	28.06	27.85	93.4	27.60	27.85	97.5	28.26	27.85	91.7
9/06/2018 9:09:15 PM	3611387355	1013.00	27.87	27.85	95.1	28.10	27.85	93.1	27.63	27.85	97.3	28.25	27.85	91.8
9/06/2018 9:09:16 PM	3611387356	1013.00	27.91	27.85	94.8	28.05	27.85	93.5	27.58	27.85	97.7	28.26	27.85	91.7
9/06/2018 9:09:17 PM	3611387357	1013.00	27.91	27.85	94.8	28.10	27.85	93.1	27.56	27.85	97.9	28.29	27.85	91.4
9/06/2018 9:09:18 PM	3611387358	1013.00	27.89	27.85	94.9	28.11	27.85	93.0	27.58	27.85	97.7	28.27	27.85	91.6
9/06/2018 9:09:19 PM	3611387359	1013.00	27.90	27.85	94.9	28.14	27.85	92.7	27.52	27.85	98.3	28.31	27.85	91.3
9/06/2018 9:09:20 PM	3611387360	1013.00	27.93	27.85	94.6	28.12	27.85	92.9	27.59	27.85	97.6	28.31	27.85	91.3
9/06/2018 9:09:21 PM	3611387361	1013.00	27.87	27.85	95.1	28.10	27.85	93.1	27.60	27.85	97.5	28.31	27.85	91.3
9/06/2018 9:09:22 PM	3611387362	1013.00	27.89	27.85	94.9	28.12	27.85	92.9	27.61	27.85	97.4	28.33	27.85	91.1
9/06/2018 9:09:23 PM	3611387363	1013.00	27.91	27.84	94.8	28.16	27.84	92.6	27.57	27.84	97.8	28.38	27.84	90.7
9/06/2018 9:09:24 PM	3611387364	1013.00	27.94	27.84	94.5	28.19	27.84	92.3	27.59	27.84	97.6	28.36	27.84	90.9
9/06/2018 9:09:25 PM	3611387365	1013.00	27.96	27.84	94.3	28.16	27.84	92.6	27.61	27.84	97.5	28.38	27.84	90.7
9/06/2018 9:09:26 PM	3611387366	1013.00	27.92	27.84	94.7	28.17	27.84	92.5	27.65	27.84	97.1	28.38	27.84	90.7
9/06/2018 9:09:27 PM	3611387367	1013.00	27.96	27.84	94.3	28.25	27.84	91.8	27.59	27.84	97.6	28.45	27.84	90.1
9/06/2018 9:09:28 PM	3611387368	1013.00	27.95	27.84	94.4	28.18	27.84	92.4	27.57	27.84	97.8	28.44	27.84	90.2
9/06/2018 9:09:29 PM	3611387369	1013.00	27.98	27.85	94.2	28.23	27.85	92.0	27.59	27.85	97.6	28.47	27.85	89.9
9/06/2018 9:09:30 PM	3611387370	1013.00	27.94	27.85	94.5	28.22	27.85	92.1	27.64	27.85	97.2	28.47	27.85	89.9
9/06/2018 9:09:31 PM	3611387371	1013.00	27.92	27.85	94.7	28.21	27.85	92.1	27.61	27.85	97.4	28.49	27.85	89.8
9/06/2018 9:09:32 PM	3611387372	1013.00	27.98	27.85	94.2	28.22	27.85	92.1	27.59	27.85	97.6	28.47	27.85	89.9
9/06/2018 9:09:33 PM	3611387373	1013.00	27.92	27.86	94.7	28.23	27.86	92.0	27.59	27.86	97.6	28.52	27.86	89.5
9/06/2018 9:09:34 PM	3611387374	1013.00	27.96	27.85	94.3	28.23	27.85	92.0	27.61	27.85	97.4	28.49	27.85	89.8
9/06/2018 9:09:35 PM	3611387375	1013.00	27.96	27.85	94.3	28.24	27.85	91.9	27.59	27.85	97.6	28.51	27.85	89.6
9/06/2018 9:09:36 PM	3611387376	1013.00	27.97	27.85	94.2	28.22	27.85	92.1	27.62	27.85	97.3	28.51	27.85	89.6
9/06/2018 9:09:37 PM	3611387377	1013.00	27.97	27.83	94.3	28.22	27.83	92.1	27.61	27.83	97.5	28.52	27.83	89.5
9/06/2018 9:09:38 PM	3611387378	1013.00	27.94	27.84	94.5	28.24	27.84	91.9	27.61	27.84	97.5	28.56	27.84	89.2
9/06/2018 9:09:39 PM	3611387379	1013.00	27.97	27.84	94.3	28.28	27.84	91.6	27.61	27.84	97.5	28.52	27.84	89.5
9/06/2018 9:09:40 PM	3611387380	1013.00	28.01	27.84	93.9	28.22	27.84	92.1	27.63	27.84	97.3	28.54	27.84	89.4
9/06/2018 9:09:41 PM	3611387381	1013.00	27.98	27.83	94.2	28.27	27.83	91.7	27.59	27.83	97.7	28.51	27.83	89.6
9/06/2018 9:09:42 PM	3611387382	1013.00	27.99	27.84	94.1	28.30	27.84	91.4	27.62	27.84	97.4	28.55	27.84	89.3
9/06/2018 9:09:43 PM	3611387383	1013.00	27.99	27.84	94.1	28.27	27.84	91.6	27.63	27.84	97.3	28.56	27.84	89.2
9/06/2018 9:09:44 PM	3611387384	1013.00	27.99	27.84	94.1	28.27	27.84	91.6	27.65	27.84	97.1	28.56	27.84	89.2
9/06/2018 9:09:45 PM	3611387385	1013.00	27.98	27.84	94.2	28.29	27.84	91.5	27.60	27.84	97.5	28.55	27.84	89.3
9/06/2018 9:09:46 PM	3611387386	1013.00	28.01	27.84	93.9	28.30	27.84	91.4	27.61	27.84	97.5	28.57	27.84	89.1
9/06/2018 9:09:47 PM	3611387387	1013.00	27.98	27.84	94.2	28.34	27.84	91.1	27.58	27.84	97.7	28.57	27.84	89.1
9/06/2018 9:09:48 PM	3611387388	1013.00	28.00	27.83	94.0	28.34	27.83	91.1	27.60	27.83	97.6	28.56	27.83	89.2
9/06/2018 9:09:49 PM	3611387389	1013.00	27.99	27.84	94.1	28.34	27.84	91.1	27.61	27.84	97.5	28.60	27.84	88.9
9/06/2018 9:09:50 PM	3611387390	1013.00	28.02	27.83	93.8	28.34	27.83	91.1	27.59	27.83	97.7	28.56	27.83	89.2
9/06/2018 9:09:51 PM	3611387391	1013.00	27.99	27.84	94.1	28.40	27.84	90.6	27.62	27.84	97.4	28.61	27.84	88.8
9/06/2018 9:09:52 PM	3611387392	1013.00	28.00	27.83	94.0	28.35	27.83	91.0	27.65	27.83	97.1	28.64	27.83	88.6
9/06/2018 9:09:53 PM	3611387393	1013.00	28.02	27.83	93.8	28.36	27.83	90.9	27.64	27.83	97.2	28.61	27.83	88.8
9/06/2018 9:09:54 PM	3611387394	1013.00	28.01	27.83	93.9	28.36	27.83	90.9	27.59	27.83	97.7	28.61	27.83	88.8
9/06/2018 9:09:55 PM	3611387395	1013.00	28.01	27.83	93.9	28.36	27.83	90.9	27.62	27.83	97.4	28.62	27.83	88.7
9/06/2018 9:09:56 PM	3611387396	1013.00	28.08	27.83	93.3	28.37	27.83	90.8	27.59	27.83	97.7	28.66	27.83	88.4
9/06/2018 9:09:57 PM	3611387397	1013.00	28.04	27.83	93.7	28.36	27.83	90.9	27.62	27.83	97.4	28.66	27.83	88.4
9/06/2018 9:09:58 PM	3611387398	1013.00	28.03	27.82	93.8	28.37	27.82	90.8	27.62	27.82	97.4	28.68	27.82	88.2
9/06/2018 9:09:59 PM	3611387399	1013.00	28.04	27.81	93.7	28.36	27.81	90.9	27.63	27.81	97.3	28.67	27.81	88.3
9/06/2018 9:10:00 PM	3611387400	1013.00	28.06	27.82	93.5	28.34	27.82	91.1	27.66	27.82	97.0	28.66	27.82	88.4
9/06/2018 9:10:01 PM	3611387401	1013.00	28.03	27.81	93.8	28.39	27.81	90.7	27.62	27.81	97.4	28.69	27.81	88.2
9/06/2018 9:10:02 PM	3611387402	1013.00	28.06	27.82	93.5	28.40	27.82	90.6	27.61	27.82	97.5	28.70	27.82	88.1
9/06/2018 9:10:03 PM	3611387403	1013.00	28.04	27.83	93.7	28.41	27.83	90.5	27.63	27.83	97.3	28.72	27.83	87.9
9/06/2018 9:10:04 PM	3611387404	1013.00	28.05	27.83	93.6	28.39	27.83	90.6	27.65	27.83	97.1	28.71	27.83	88.0
9/06/2018 9:10:05 PM	3611387405	1013.00	28.07	27.83	93.4	28.40	27.83	90.6	27.60	27.83	97.6	28.71	27.83	88.0
9/06/2018 9:10:06 PM	3611387406	1013.00	28.08	27.83	93.3	28.37	27.83	90.8	27.64	27.83	97.2	28.69	27.83	88.2
9/06/2018 9:10:07 PM	3611387407	1013.00	28.09	27.83	93.2	28.42	27.83	90.4	27.63	27.83	97.3	28.73	27.83	87.8
9/06/2018 9:10:08 PM	3611387408	1013.00	28.07	27.83	93.4	28.44	27.83	90.2	27.62	27.83	97.4	28.73	27.83	87.8
9/06/2018 9:10:09 PM	3611387409	1013.00	28.11	27.82	93.1	28.39	27.82	90.7	27.60	27.82	97.6	28.73	27.82	87.8
9/06/2018 9:10:10 PM	3611387410	1013.00	28.10	27.82	93.2	28.42	27.82	90.4	27.62	27.82	97.4	28.76	27.82	87.6
9/06/2018 9:10:11 PM	3611387411	1013.00	28.13	27.82	92.9	28.43	27.82	90.3	27.64	27.82	97.2	28.75	27.82	87.7
9/06/2018 9:10:12 PM	3611387412	1013.00	28.17	27.81	92.6	28.44	27.81	90.3	27.68	27.81	96.9	28.82	27.81	87.1
9/06/2018 9:10:13 PM	3611387413	1013.00	28.13	27.81	92.9	28.46	27.81	90.1	27.61	27.81	97.5	28.80	27.81	87.3
9/06/2018 9:10:14 PM	3611387414	1013.00	28.13	27.82	92.9	28.44	27.82	90.2	27.63	27.82	97.3	28.86	27.82	86.8
9/06/2018 9:10:15 PM	3611387415	1013.00	28.17	27.81	92.6	28.49	27.81	89.8	27.56	27.81	98.0	28.88	27.81	86.7
9/06/2018 9:10:16 PM	3611387416	1013.00	28.14	27.82	92.8	28.48	27.82	89.9	27.63	27.82	97.3	28.86	27.82	86.8
9/06/2018 9:10:17 PM	3611387417	1013.00	28.16	27.83	92.6	28.49	27.83	89.8	27.59	27.83	97.7	28.86	27.83	86.8
9/06/2018 9:10:18 PM	3611387418	1013.00	28.16	27.82	92.6	28.49	27.82	89.8	27.66	27.82	97.0	28.90	27.82	86.5
9/06/2018 9:10:19 PM	3611387419	1013.00	28.18	27.82	92.5	28.50	27.82	89.8	27.61	27.82	97.5	28.91	27.82	86.4
9/06/2018 9:10:20 PM	3611387420	1013.00	28.14	27.82	92.8	28.49	27.82	89.8	27.63	27.82	97.3	28.90	27.82	86.5
9/06/2018 9:10:21 PM	3611387421	1013.00	28.15	27.82	92.7	28.51	27.82	89.7	27.62	27.82	97.4	28.89	27.82	86.6
9/06/2018 9:10:22 PM	3611387422	1013.00	28.22	27.82	92.1	28.46	27.82	90.1	27.65	27.82	97.1	28.88	27.82	86.6
9/06/2018 9:10:23 PM	3611387423	1013.00	28.21	27.82	92.2	28.53	27.82	89.5	27.63	27.82	97.3	28.90	27.82	86.5
9/06/2018 9:10:24 PM	3611387424	1013.00	28.21	27.82	92.2	28.54	27.82	89.4	27.63	27.82	97.3	28.94	27.82	86.2
9/06/2018 9:10:25 PM	3611387425	1013.00	28.19	27.82	92.4	28.51	27.82	89.7	27.60	27.82	97.6	28.94	27.82	86.2
9/06/2018 9:10:26 PM	3611387426	1013.00	28.23	27.82	92.0	28.52	27.82	89.6	27.61	27.82	97.5	28.93	27.82	86.3
9/06/2018 9:10:27 PM	3611387427	1013.00	28.23	27.81	92.1	28.53	27.81	89.5	27.62	27.81	97.4	28.95	27.81	86.1
9/06/2018 9:10:28 PM	3611387428	1013.00	28.26	27.82	91.8	28.50	27.82	89.8	27.59	27.82	97.7	28.99	27.82	85.8
9/06/2018 9:10:29 PM	3611387429	1013.00	28.26	27.82	91.8	28.54	27.82	89.4	27.64	27.82	97.2	28.99	27.82	85.8
9/06/2018 9:10:30 PM	3611387430	1013.00	28.27	27.82	91.7	28.54	27.82	89.4	27.64	27.82	97.2	28.96	27.82	86.0
9/06/2018 9:10:31 PM	3611387431	1013.00	28.28	27.81	91.6	28.56	27.81	89.3	27.62	27.81	97.4	28.97	27.81	86.0
9/06/2018 9:10:32 PM	3611387432	1013.00	28.29	27.82	91.5	28.53	27.82	89.5	27.65	27.82	97.1	29.01	27.82	85.6
9/06/2018 9:10:33 PM	3611387433	1013.00	28.31	27.81	91.4	28.54	27.81	89.4	27.62	27.81	97.4	28.98	27.81	85.9
9/06/2018 9:10:34 PM	3611387434	1013.00	28.33	27.81	91.2	28.53	27.81	89.5	27.68	27.81	96.9	29.02	27.81	85.6
9/06/2018 9:10:35 PM	3611387435	1013.00	28.31	27.81	91.4	28.61	27.81	88.9	27.65	27.81	97.1	29.02	27.81	85.6
9/06/2018 9:10:36 PM	3611387436	1013.00	28.33	27.82	91.2	28.55	27.82	89.3	27.62	27.82	97.4	28.99	27.82	85.8
9/06/2018 9:10:37 PM	3611387437	1013.00	28.35	27.82	91.0	28.57	27.82	89.2	27.65	27.82	97.1	29.05	27.82	85.3
9/06/2018 9:10:38 PM	3611387438	1013.00	28.34	27.82	91.1	28.55	27.82	89.3	27.63	27.82	97.3	29.05	27.82	85.3
9/06/2018 9:10:39 PM	3611387439	1013.00	28.35	27.82	91.0	28.54	27.82	89.4	27.63	27.82	97.3	29.03	27.82	85.5
9/06/2018 9:10:40 PM	3611387440	1013.00	28.37	27.83	90.8	28.57	27.83	89.2	27.65	27.83	97.1	29.05	27.83	85.3
9/06/2018 9:10:41 PM	3611387441	1013.00	28.36	27.83	90.9	28.57	27.83	89.2	27.60	27.83	97.6	29.02	27.83	85.5
9/06/2018 9:10:42 PM	3611387442	1013.00	28.35	27.83	91.0	28.56	27.83	89.2	27.62	27.83	97.4	29.06	27.83	85.2
9/06/2018 9:10:43 PM	3611387443	1013.00	28.37	27.82	90.9	28.58	27.82	89.1	27.63	27.82	97.3	29.06	27.82	85.2
9/06/2018 9:10:44 PM	3611387444	1013.00	28.37	27.82	90.9	28.54	27.82	89.4	27.62	27.82	97.4	29.06	27.82	85.2
9/06/2018 9:10:45 PM	3611387445	1013.00	28.37	27.81	90.9	28.55	27.81	89.4	27.62	27.81	97.4	29.10	27.81	84.9
9/06/2018 9:10:46 PM	3611387446	1013.00	28.40	27.81	90.6	28.58	27.81	89.1	27.62	27.81	97.4	29.10	27.81	84.9
9/06/2018 9:10:47 PM	3611387447	1013.00	28.38	27.82	90.8	28.59	27.82	89.0	27.63	27.82	97.3	29.09	27.82	85.0
9/06/2018 9:10:48 PM	3611387448	1013.00	28.39	27.81	90.7	28.59	27.81	89.0	27.59	27.81	97.7	29.06	27.81	85.3
9/06/2018 9:10:49 PM	3611387449	1013.00	28.42	27.81	90.5	28.60	27.81	88.9	27.64	27.81	97.2	29.11	27.81	84.9
9/06/2018 9:10:50 PM	3611387450	1013.00	28.40	27.80	90.6	28.55	27.80	89.4	27.65	27.80	97.2	29.09	27.80	85.0
9/06/2018 9:10:51 PM	3611387451	1013.00	28.41	27.80	90.6	28.56	27.80	89.3	27.63	27.80	97.3	29.10	27.80	85.0
9/06/2018 9:10:52 PM	3611387452	1013.00	28.40	27.80	90.6	28.59	27.80	89.0	27.59	27.80	97.7	29.11	27.80	84.9
9/06/2018 9:10:53 PM	3611387453	1013.00	28.42	27.80	90.5	28.56	27.80	89.3	27.65	27.80	97.2	29.11	27.80	84.9
9/06/2018 9:10:54 PM	3611387454	1013.00	28.42	27.80	90.5	28.57	27.80	89.2	27.62	27.80	97.4	29.12	27.80	84.8
9/06/2018 9:10:55 PM	3611387455	1013.00	28.44	27.81	90.3	28.61	27.81	88.9	27.64	27.81	97.2	29.10	27.81	84.9
9/06/2018 9:10:56 PM	3611387456	1013.00	28.43	27.80	90.4	28.64	27.80	88.6	27.66	27.80	97.1	29.11	27.80	84.9
9/06/2018 9:10:57 PM	3611387457	1013.00	28.47	27.79	90.1	28.63	27.79	88.7	27.64	27.79	97.3	29.12	27.79	84.8
9/06/2018 9:10:58 PM	3611387458	1013.00	28.48	27.79	90.0	28.65	27.79	88.6	27.58	27.79	97.8	29.16	27.79	84.5
9/06/2018 9:10:59 PM	3611387459	1013.00	28.47	27.78	90.1	28.69	27.78	88.3	27.56	27.78	98.0	29.14	27.78	84.7
9/06/2018 9:11:00 PM	3611387460	1013.00	28.49	27.79	89.9	28.64	27.79	88.7	27.64	27.79	97.3	29.08	27.79	85.1
9/06/2018 9:11:01 PM	3611387461	1013.00	28.48	27.80	90.0	28.67	27.80	88.4	27.62	27.80	97.4	29.12	27.80	84.8
9/06/2018 9:11:02 PM	3611387462	1013.00	28.48	27.81	90.0	28.64	27.81	88.6	27.65	27.81	97.1	29.11	27.81	84.9
9/06/2018 9:11:03 PM	3611387463	1013.00	28.51	27.81	89.7	28.70	27.81	88.1	27.59	27.81	97.7	29.12	27.81	84.8
9/06/2018 9:11:04 PM	3611387464	1013.00	28.50	27.81	89.8	28.66	27.81	88.5	27.63	27.81	97.3	29.13	27.81	84.7
9/06/2018 9:11:05 PM	3611387465	1013.00	28.51	27.80	89.7	28.72	27.80	88.0	27.60	27.80	97.6	29.09	27.80	85.0
9/06/2018 9:11:06 PM	3611387466	1013.00	28.49	27.79	89.9	28.73	27.79	87.9	27.62	27.79	97.4	29.11	27.79	84.9
9/06/2018 9:11:07 PM	3611387467	1013.00	28.48	27.79	90.0	28.72	27.79	88.0	27.64	27.79	97.3	29.14	27.79	84.7
9/06/2018 9:11:08 PM	3611387468	1013.00	28.48	27.79	90.0	28.69	27.79	88.2	27.57	27.79	97.9	29.13	27.79	84.7
9/06/2018 9:11:09 PM	3611387469	1013.00	28.49	27.79	89.9	28.72	27.79	88.0	27.62	27.79	97.4	29.13	27.79	84.7
9/06/2018 9:11:10 PM	3611387470	1013.00	28.45	27.79	90.2	28.70	27.79	88.2	27.60	27.79	97.6	29.11	27.79	84.9
9/06/2018 9:11:11 PM	3611387471	1013.00	28.48	27.78	90.0	28.78	27.78	87.5	27.61	27.78	97.6	29.13	27.78	84.8
9/06/2018 9:11:12 PM	3611387472	1013.00	28.48	27.78	90.0	28.73	27.78	87.9	27.65	27.78	97.2	29.14	27.78	84.7
9/06/2018 9:11:13 PM	3611387473	1013.00	28.48	27.79	90.0	28.77	27.79	87.6	27.61	27.79	97.5	29.13	27.79	84.7
9/06/2018 9:11:14 PM	3611387474	1013.00	28.49	27.79	89.9	28.73	27.79	87.9	27.62	27.79	97.4	29.14	27.79	84.7
9/06/2018 9:11:15 PM	3611387475	1013.00	28.48	27.79	90.0	28.79	27.79	87.4	27.66	27.79	97.1	29.13	27.79	84.7
9/06/2018 9:11:16 PM	3611387476	1013.00	28.52	27.80	89.6	28.75	27.80	87.7	27.62	27.80	97.4	29.18	27.80	84.3
9/06/2018 9:11:17 PM	3611387477	1013.00	28.52	27.80	89.6	28.76	27.80	87.7	27.64	27.80	97.2	29.13	27.80	84.7
9/06/2018 9:11:18 PM	3611387478	1013.00	28.50	27.80	89.8	28.75	27.80	87.7	27.64	27.80	97.2	29.16	27.80	84.5
9/06/2018 9:11:19 PM	3611387479	1013.00	28.50	27.80	89.8	28.78	27.80	87.5	27.60	27.80	97.6	29.17	27.80	84.4
9/06/2018 9:11:20 PM	3611387480	1013.00	28.53	27.80	89.6	28.79	27.80	87.4	27.56	27.80	98.0	29.15	27.80	84.6
9/06/2018 9:11:21 PM	3611387481	1013.00	28.53	27.80	89.6	28.83	27.80	87.1	27.65	27.80	97.2	29.19	27.80	84.3
9/06/2018 9:11:22 PM	3611387482	1013.00	28.52	27.79	89.7	28.82	27.79	87.2	27.63	27.79	97.4	29.17	27.79	84.4
9/06/2018 9:11:23 PM	3611387483	1013.00	28.54	27.79	89.5	28.82	27.79	87.2	27.63	27.79	97.4	29.18	27.79	84.4
9/06/2018 9:11:24 PM	3611387484	1013.00	28.54	27.79	89.5	28.82	27.79	87.2	27.65	27.79	97.2	29.19	27.79	84.3
9/06/2018 9:11:25 PM	3611387485	1013.00	28.57	27.78	89.3	28.85	27.78	87.0	27.65	27.78	97.2	29.16	27.78	84.5
9/06/2018 9:11:26 PM	3611387486	1013.00	28.56	27.77	89.4	28.79	27.77	87.5	27.59	27.77	97.8	29.19	27.77	84.3
9/06/2018 9:11:27 PM	3611387487	1013.00	28.58	27.78	89.2	28.89	27.78	86.7	27.63	27.78	97.4	29.19	27.78	84.3
9/06/2018 9:11:28 PM	3611387488	1013.00	28.55	27.78	89.4	28.82	27.78	87.2	27.61	27.78	97.6	29.17	27.78	84.4
9/06/2018 9:11:29 PM	3611387489	1013.00	28.59	27.77	89.1	28.88	27.77	86.8	27.61	27.77	97.6	29.17	27.77	84.5
9/06/2018 9:11:30 PM	3611387490	1013.00	28.57	27.78	89.3	28.87	27.78	86.8	27.63	27.78	97.4	29.18	27.78	84.4
9/06/2018 9:11:31 PM	3611387491	1013.00	28.53	27.78	89.6	28.91	27.78	86.5	27.58	27.78	97.8	29.19	27.78	84.3
9/06/2018 9:11:32 PM	3611387492	1013.00	28.61	27.78	88.9	28.90	27.78	86.6	27.66	27.78	97.1	29.22	27.78	84.1
9/06/2018 9:11:33 PM	3611387493	1013.00	28.56	27.78	89.3	28.89	27.78	86.7	27.57	27.78	97.9	29.18	27.78	84.4
9/06/2018 9:11:34 PM	3611387494	1013.00	28.56	27.79	89.3	28.95	27.79	86.2	27.58	27.79	97.8	29.21	27.79	84.1
9/06/2018 9:11:35 PM	3611387495	1013.00	28.56	27.79	89.3	28.96	27.79	86.1	27.64	27.79	97.3	29.22	27.79	84.1
9/06/2018 9:11:36 PM	3611387496	1013.00	28.54	27.79	89.5	28.98	27.79	85.9	27.63	27.79	97.4	29.20	27.79	84.2
9/06/2018 9:11:37 PM	3611387497	1013.00	28.52	27.79	89.7	28.97	27.79	86.0	27.59	27.79	97.7	29.20	27.79	84.2
9/06/2018 9:11:38 PM	3611387498	1013.00	28.56	27.79	89.3	28.95	27.79	86.2	27.64	27.79	97.3	29.19	27.79	84.3
9/06/2018 9:11:39 PM	3611387499	1013.00	28.58	27.79	89.2	28.99	27.79	85.9	27.61	27.79	97.5	29.22	27.79	84.1
9/06/2018 9:11:40 PM	3611387500	1013.00	28.58	27.78	89.2	28.95	27.78	86.2	27.64	27.78	97.3	29.19	27.78	84.3
9/06/2018 9:11:41 PM	3611387501	1013.00	28.60	27.78	89.0	28.96	27.78	86.1	27.62	27.78	97.5	29.22	27.78	84.1
9/06/2018 9:11:42 PM	3611387502	1013.00	28.61	27.79	88.9	28.98	27.79	85.9	27.63	27.79	97.4	29.22	27.79	84.1
9/06/2018 9:11:43 PM	3611387503	1013.00	28.61	27.78	88.9	29.01	27.78	85.7	27.61	27.78	97.6	29.21	27.78	84.1
9/06/2018 9:11:44 PM	3611387504	1013.00	28.64	27.78	88.7	29.00	27.78	85.8	27.65	27.78	97.2	29.23	27.78	84.0
9/06/2018 9:11:45 PM	3611387505	1013.00	28.61	27.79	88.9	29.03	27.79	85.5	27.60	27.79	97.6	29.21	27.79	84.1
9/06/2018 9:11:46 PM	3611387506	1013.00	28.60	27.79	89.0	29.06	27.79	85.3	27.66	27.79	97.1	29.25	27.79	83.8
9/06/2018 9:11:47 PM	3611387507	1013.00	28.61	27.78	88.9	29.07	27.78	85.2	27.61	27.78	97.6	29.25	27.78	83.8
9/06/2018 9:11:48 PM	3611387508	1013.00	28.62	27.78	88.9	29.09	27.78	85.1	27.57	27.78	97.9	29.24	27.78	83.9
9/06/2018 9:11:49 PM	3611387509	1013.00	28.61	27.78	88.9	29.04	27.78	85.5	27.61	27.78	97.6	29.23	27.78	84.0
9/06/2018 9:11:50 PM	3611387510	1013.00	28.64	27.78	88.7	29.09	27.78	85.1	27.59	27.78	97.7	29.25	27.78	83.8
9/06/2018 9:11:51 PM	3611387511	1013.00	28.63	27.77	88.8	29.06	27.77	85.3	27.62	27.77	97.5	29.27	27.77	83.7
9/06/2018 9:11:52 PM	3611387512	1013.00	28.61	27.78	88.9	29.05	27.78	85.4	27.61	27.78	97.6	29.25	27.78	83.8
9/06/2018 9:11:53 PM	3611387513	1013.00	28.59	27.78	89.1	29.10	27.78	85.0	27.61	27.78	97.6	29.25	27.78	83.8
9/06/2018 9:11:54 PM	3611387514	1013.00	28.63	27.76	88.8	29.11	27.76	85.0	27.66	27.76	97.1	29.27	27.76	83.7
9/06/2018 9:11:55 PM	3611387515	1013.00	28.65	27.76	88.6	29.11	27.76	85.0	27.62	27.76	97.5	29.25	27.76	83.9
9/06/2018 9:11:56 PM	3611387516	1013.00	28.64	27.76	88.7	29.17	27.76	84.5	27.59	27.76	97.8	29.27	27.76	83.7
9/06/2018 9:11:57 PM	3611387517	1013.00	28.65	27.75	88.7	29.12	27.75	84.9	27.64	27.75	97.3	29.28	27.75	83.7
9/06/2018 9:11:58 PM	3611387518	1013.00	28.65	27.76	88.6	29.14	27.76	84.7	27.62	27.76	97.5	29.27	27.76	83.7
9/06/2018 9:11:59 PM	3611387519	1013.00	28.63	27.77	88.8	29.18	27.77	84.4	27.60	27.77	97.7	29.28	27.77	83.6
9/06/2018 9:12:00 PM	3611387520	1013.00	28.62	27.77	88.9	29.19	27.77	84.3	27.61	27.77	97.6	29.29	27.77	83.5
9/06/2018 9:12:01 PM	3611387521	1013.00	28.63	27.77	88.8	29.21	27.77	84.2	27.63	27.77	97.4	29.27	27.77	83.7
9/06/2018 9:12:02 PM	3611387522	1013.00	28.68	27.77	88.4	29.18	27.77	84.4	27.55	27.77	98.1	29.26	27.77	83.8
9/06/2018 9:12:03 PM	3611387523	1013.00	28.59	27.77	89.1	29.23	27.77	84.0	27.66	27.77	97.1	29.31	27.77	83.4
9/06/2018 9:12:04 PM	3611387524	1013.00	28.65	27.77	88.6	29.23	27.77	84.0	27.63	27.77	97.4	29.30	27.77	83.5
9/06/2018 9:12:05 PM	3611387525	1013.00	28.63	27.76	88.8	29.19	27.76	84.4	27.61	27.76	97.6	29.34	27.76	83.2
9/06/2018 9:12:06 PM	3611387526	1013.00	28.61	27.76	89.0	29.18	27.76	84.4	27.60	27.76	97.7	29.32	27.76	83.3
9/06/2018 9:12:07 PM	3611387527	1013.00	28.63	27.77	88.8	29.22	27.77	84.1	27.64	27.77	97.3	29.35	27.77	83.1
9/06/2018 9:12:08 PM	3611387528	1013.00	28.60	27.77	89.0	29.25	27.77	83.9	27.64	27.77	97.3	29.32	27.77	83.3
9/06/2018 9:12:09 PM	3611387529	1013.00	28.64	27.77	88.7	29.23	27.77	84.0	27.64	27.77	97.3	29.35	27.77	83.1
9/06/2018 9:12:10 PM	3611387530	1013.00	28.61	27.77	89.0	29.27	27.77	83.7	27.62	27.77	97.5	29.35	27.77	83.1
9/06/2018 9:12:11 PM	3611387531	1013.00	28.63	27.78	88.8	29.31	27.78	83.4	27.62	27.78	97.5	29.35	27.78	83.1
9/06/2018 9:12:12 PM	3611387532	1013.00	28.65	27.78	88.6	29.29	27.78	83.6	27.61	27.78	97.6	29.35	27.78	83.1
9/06/2018 9:12:13 PM	3611387533	1013.00	28.65	27.77	88.6	29.29	27.77	83.6	27.67	27.77	97.0	29.35	27.77	83.1
9/06/2018 9:12:14 PM	3611387534	1013.00	28.59	27.77	89.1	29.29	27.77	83.6	27.62	27.77	97.5	29.38	27.77	82.9
9/06/2018 9:12:15 PM	3611387535	1013.00	28.64	27.77	88.7	29.33	27.77	83.3	27.67	27.77	97.0	29.39	27.77	82.8
9/06/2018 9:12:16 PM	3611387536	1013.00	28.61	27.76	89.0	29.35	27.76	83.1	27.61	27.76	97.6	29.42	27.76	82.6
9/06/2018 9:12:17 PM	3611387537	1013.00	28.60	27.75	89.1	29.32	27.75	83.4	27.64	27.75	97.3	29.39	27.75	82.8
9/06/2018 9:12:18 PM	3611387538	1013.00	28.62	27.76	88.9	29.34	27.76	83.2	27.66	27.76	97.1	29.35	27.76	83.1
9/06/2018 9:12:19 PM	3611387539	1013.00	28.64	27.76	88.7	29.33	27.76	83.3	27.64	27.76	97.3	29.39	27.76	82.8
9/06/2018 9:12:20 PM	3611387540	1013.00	28.60	27.76	89.1	29.36	27.76	83.1	27.62	27.76	97.5	29.38	27.76	82.9
9/06/2018 9:12:21 PM	3611387541	1013.00	28.60	27.77	89.0	29.34	27.77	83.2	27.65	27.77	97.2	29.39	27.77	82.8
9/06/2018 9:12:22 PM	3611387542	1013.00	28.61	27.77	89.0	29.39	27.77	82.8	27.64	27.77	97.3	29.42	27.77	82.6
9/06/2018 9:12:23 PM	3611387543	1013.00	28.60	27.77	89.0	29.38	27.77	82.9	27.67	27.77	97.0	29.43	27.77	82.5
9/06/2018 9:12:24 PM	3611387544	1013.00	28.62	27.77	88.9	29.36	27.77	83.0	27.65	27.77	97.2	29.47	27.77	82.2
9/06/2018 9:12:25 PM	3611387545	1013.00	28.61	27.77	89.0	29.37	27.77	83.0	27.65	27.77	97.2	29.45	27.77	82.3
9/06/2018 9:12:26 PM	3611387546	1013.00	28.61	27.77	89.0	29.34	27.77	83.2	27.67	27.77	97.0	29.50	27.77	82.0
9/06/2018 9:12:27 PM	3611387547	1013.00	28.60	27.76	89.1	29.35	27.76	83.1	27.64	27.76	97.3	29.51	27.76	81.9
9/06/2018 9:12:28 PM	3611387548	1013.00	28.64	27.76	88.7	29.37	27.76	83.0	27.63	27.76	97.4	29.47	27.76	82.2
9/06/2018 9:12:29 PM	3611387549	1013.00	28.63	27.77	88.8	29.37	27.77	83.0	27.66	27.77	97.1	29.48	27.77	82.1
9/06/2018 9:12:30 PM	3611387550	1013.00	28.59	27.76	89.1	29.37	27.76	83.0	27.60	27.76	97.7	29.49	27.76	82.1
9/06/2018 9:12:31 PM	3611387551	1013.00	28.62	27.76	88.9	29.36	27.76	83.1	27.60	27.76	97.7	29.47	27.76	82.2
9/06/2018 9:12:32 PM	3611387552	1013.00	28.63	27.76	88.8	29.37	27.76	83.0	27.62	27.76	97.5	29.49	27.76	82.1
9/06/2018 9:12:33 PM	3611387553	1013.00	28.61	27.76	89.0	29.40	27.76	82.8	27.56	27.76	98.0	29.50	27.76	82.0
9/06/2018 9:12:34 PM	3611387554	1013.00	28.66	27.75	88.6	29.39	27.75	82.9	27.64	27.75	97.3	29.51	27.75	81.9
9/06/2018 9:12:35 PM	3611387555	1013.00	28.62	27.76	88.9	29.37	27.76	83.0	27.61	27.76	97.6	29.52	27.76	81.8
9/06/2018 9:12:36 PM	3611387556	1013.00	28.64	27.76	88.7	29.37	27.76	83.0	27.67	27.76	97.0	29.55	27.76	81.6
9/06/2018 9:12:37 PM	3611387557	1013.00	28.59	27.75	89.1	29.41	27.75	82.7	27.64	27.75	97.3	29.52	27.75	81.9
9/06/2018 9:12:38 PM	3611387558	1013.00	28.61	27.75	89.0	29.38	27.75	82.9	27.64	27.75	97.3	29.54	27.75	81.7
9/06/2018 9:12:39 PM	3611387559	1013.00	28.61	27.76	89.0	29.41	27.76	82.7	27.60	27.76	97.7	29.54	27.76	81.7
9/06/2018 9:12:40 PM	3611387560	1013.00	28.60	27.76	89.1	29.43	27.76	82.5	27.67	27.76	97.0	29.55	27.76	81.6
9/06/2018 9:12:41 PM	3611387561	1013.00	28.63	27.76	88.8	29.40	27.76	82.8	27.71	27.76	96.7	29.57	27.76	81.5
9/06/2018 9:12:42 PM	3611387562	1013.00	28.64	27.77	88.7	29.43	27.77	82.5	27.66	27.77	97.1	29.58	27.77	81.4
9/06/2018 9:12:43 PM	3611387563	1013.00	28.69	27.77	88.3	29.43	27.77	82.5	27.62	27.77	97.5	29.60	27.77	81.2
9/06/2018 9:12:44 PM	3611387564	1013.00	28.64	27.77	88.7	29.42	27.77	82.6	27.61	27.77	97.6	29.61	27.77	81.2
9/06/2018 9:12:45 PM	3611387565	1013.00	28.65	27.78	88.6	29.40	27.78	82.7	27.65	27.78	97.2	29.62	27.78	81.1
9/06/2018 9:12:46 PM	3611387566	1013.00	28.64	27.77	88.7	29.42	27.77	82.6	27.65	27.77	97.2	29.64	27.77	80.9
9/06/2018 9:12:47 PM	3611387567	1013.00	28.66	27.77	88.5	29.42	27.77	82.6	27.64	27.77	97.3	29.63	27.77	81.0
9/06/2018 9:12:48 PM	3611387568	1013.00	28.65	27.76	88.6	29.40	27.76	82.8	27.62	27.76	97.5	29.65	27.76	80.9
9/06/2018 9:12:49 PM	3611387569	1013.00	28.63	27.75	88.8	29.41	27.75	82.7	27.63	27.75	97.4	29.62	27.75	81.1
9/06/2018 9:12:50 PM	3611387570	1013.00	28.62	27.74	88.9	29.41	27.74	82.7	27.61	27.74	97.6	29.65	27.74	80.9
9/06/2018 9:12:51 PM	3611387571	1013.00	28.65	27.75	88.7	29.43	27.75	82.6	27.67	27.75	97.1	29.67	27.75	80.8
9/06/2018 9:12:52 PM	3611387572	1013.00	28.63	27.74	88.8	29.43	27.74	82.6	27.63	27.74	97.4	29.67	27.74	80.8
9/06/2018 9:12:53 PM	3611387573	1013.00	28.64	27.74	88.8	29.43	27.74	82.6	27.64	27.74	97.3	29.68	27.74	80.7
9/06/2018 9:12:54 PM	3611387574	1013.00	28.65	27.75	88.7	29.39	27.75	82.9	27.71	27.75	96.7	29.71	27.75	80.5
9/06/2018 9:12:55 PM	3611387575	1013.00	28.66	27.74	88.6	29.44	27.74	82.5	27.68	27.74	97.0	29.69	27.74	80.6
9/06/2018 9:12:56 PM	3611387576	1013.00	28.64	27.74	88.8	29.44	27.74	82.5	27.66	27.74	97.2	29.74	27.74	80.3
9/06/2018 9:12:57 PM	3611387577	1013.00	28.74	27.74	87.9	29.49	27.74	82.1	27.62	27.74	97.5	29.71	27.74	80.5
9/06/2018 9:12:58 PM	3611387578	1013.00	28.65	27.75	88.7	29.46	27.75	82.3	27.62	27.75	97.5	29.70	27.75	80.5
9/06/2018 9:12:59 PM	3611387579	1013.00	28.68	27.75	88.4	29.50	27.75	82.0	27.65	27.75	97.2	29.72	27.75	80.4
9/06/2018 9:13:00 PM	3611387580	1013.00	28.65	27.75	88.7	29.47	27.75	82.3	27.65	27.75	97.2	29.73	27.75	80.3
9/06/2018 9:13:01 PM	3611387581	1013.00	28.68	27.75	88.4	29.49	27.75	82.1	27.63	27.75	97.4	29.72	27.75	80.4
9/06/2018 9:13:02 PM	3611387582	1013.00	28.64	27.75	88.7	29.48	27.75	82.2	27.63	27.75	97.4	29.73	27.75	80.3
9/06/2018 9:13:03 PM	3611387583	1013.00	28.66	27.75	88.6	29.50	27.75	82.0	27.63	27.75	97.4	29.77	27.75	80.0
9/06/2018 9:13:04 PM	3611387584	1013.00	28.64	27.75	88.7	29.53	27.75	81.8	27.62	27.75	97.5	29.77	27.75	80.0
9/06/2018 9:13:05 PM	3611387585	1013.00	28.68	27.75	88.4	29.55	27.75	81.7	27.65	27.75	97.2	29.76	27.75	80.1
9/06/2018 9:13:06 PM	3611387586	1013.00	28.66	27.75	88.6	29.50	27.75	82.0	27.65	27.75	97.2	29.77	27.75	80.0
9/06/2018 9:13:07 PM	3611387587	1013.00	28.68	27.75	88.4	29.54	27.75	81.7	27.63	27.75	97.4	29.79	27.75	79.9
9/06/2018 9:13:08 PM	3611387588	1013.00	28.67	27.75	88.5	29.54	27.75	81.7	27.65	27.75	97.2	29.80	27.75	79.8
9/06/2018 9:13:09 PM	3611387589	1013.00	28.65	27.75	88.7	29.54	27.75	81.7	27.62	27.75	97.5	29.81	27.75	79.7
9/06/2018 9:13:10 PM	3611387590	1013.00	28.69	27.75	88.3	29.54	27.75	81.7	27.59	27.75	97.8	29.81	27.75	79.7
9/06/2018 9:13:11 PM	3611387591	1013.00	28.71	27.74	88.2	29.59	27.74	81.4	27.59	27.74	97.8	29.82	27.74	79.7
9/06/2018 9:13:12 PM	3611387592	1013.00	28.65	27.74	88.7	29.53	27.74	81.8	27.63	27.74	97.4	29.81	27.74	79.8
9/06/2018 9:13:13 PM	3611387593	1013.00	28.69	27.74	88.4	29.59	27.74	81.4	27.62	27.74	97.5	29.82	27.74	79.7
9/06/2018 9:13:14 PM	3611387594	1013.00	28.70	27.74	88.3	29.57	27.74	81.5	27.60	27.74	97.7	29.82	27.74	79.7
9/06/2018 9:13:15 PM	3611387595	1013.00	28.69	27.74	88.4	29.57	27.74	81.5	27.64	27.74	97.3	29.79	27.74	79.9
9/06/2018 9:13:16 PM	3611387596	1013.00	28.70	27.75	88.3	29.61	27.75	81.2	27.66	27.75	97.1	29.84	27.75	79.5
9/06/2018 9:13:17 PM	3611387597	1013.00	28.68	27.75	88.4	29.58	27.75	81.4	27.63	27.75	97.4	29.82	27.75	79.7
9/06/2018 9:13:18 PM	3611387598	1013.00	28.70	27.76	88.2	29.60	27.76	81.3	27.66	27.76	97.1	29.82	27.76	79.7
9/06/2018 9:13:19 PM	3611387599	1013.00	28.69	27.75	88.3	29.63	27.75	81.1	27.63	27.75	97.4	29.81	27.75	79.7
9/06/2018 9:13:20 PM	3611387600	1013.00	28.71	27.75	88.2	29.60	27.75	81.3	27.63	27.75	97.4	29.83	27.75	79.6
9/06/2018 9:13:21 PM	3611387601	1013.00	28.71	27.74	88.2	29.61	27.74	81.2	27.66	27.74	97.2	29.83	27.74	79.6
9/06/2018 9:13:22 PM	3611387602	1013.00	28.72	27.74	88.1	29.59	27.74	81.4	27.63	27.74	97.4	29.85	27.74	79.5
9/06/2018 9:13:23 PM	3611387603	1013.00	28.69	27.74	88.4	29.64	27.74	81.0	27.67	27.74	97.1	29.86	27.74	79.4
9/06/2018 9:13:24 PM	3611387604	1013.00	28.71	27.75	88.2	29.63	27.75	81.1	27.63	27.75	97.4	29.83	27.75	79.6
9/06/2018 9:13:25 PM	3611387605	1013.00	28.74	27.75	87.9	29.63	27.75	81.1	27.65	27.75	97.2	29.84	27.75	79.5
9/06/2018 9:13:26 PM	3611387606	1013.00	28.74	27.76	87.9	29.62	27.76	81.1	27.64	27.76	97.3	29.86	27.76	79.4
9/06/2018 9:13:27 PM	3611387607	1013.00	28.72	27.76	88.1	29.64	27.76	81.0	27.61	27.76	97.6	29.85	27.76	79.4
9/06/2018 9:13:28 PM	3611387608	1013.00	28.72	27.75	88.1	29.64	27.75	81.0	27.63	27.75	97.4	29.83	27.75	79.6
9/06/2018 9:13:29 PM	3611387609	1013.00	28.71	27.74	88.2	29.63	27.74	81.1	27.67	27.74	97.1	29.86	27.74	79.4
9/06/2018 9:13:30 PM	3611387610	1013.00	28.73	27.74	88.0	29.65	27.74	80.9	27.66	27.74	97.2	29.90	27.74	79.1
9/06/2018 9:13:31 PM	3611387611	1013.00	28.77	27.74	87.7	29.67	27.74	80.8	27.67	27.74	97.1	29.85	27.74	79.5
9/06/2018 9:13:32 PM	3611387612	1013.00	28.73	27.74	88.0	29.70	27.74	80.6	27.67	27.74	97.1	29.87	27.74	79.3
9/06/2018 9:13:33 PM	3611387613	1013.00	28.76	27.74	87.8	29.67	27.74	80.8	27.66	27.74	97.2	29.87	27.74	79.3
9/06/2018 9:13:34 PM	3611387614	1013.00	28.75	27.73	87.9	29.67	27.73	80.8	27.64	27.73	97.4	29.91	27.73	79.1
9/06/2018 9:13:35 PM	3611387615	1013.00	28.78	27.72	87.7	29.68	27.72	80.8	27.64	27.72	97.4	29.90	27.72	79.1
9/06/2018 9:13:36 PM	3611387616	1013.00	28.78	27.71	87.7	29.66	27.71	80.9	27.64	27.71	97.4	29.90	27.71	79.2
9/06/2018 9:13:37 PM	3611387617	1013.00	28.75	27.70	87.9	29.67	27.70	80.9	27.66	27.70	97.2	29.91	27.70	79.1
9/06/2018 9:13:38 PM	3611387618	1013.00	28.79	27.71	87.6	29.70	27.71	80.6	27.65	27.71	97.3	29.93	27.71	78.9
9/06/2018 9:13:39 PM	3611387619	1013.00	28.81	27.71	87.4	29.73	27.71	80.4	27.66	27.71	97.2	29.90	27.71	79.2
9/06/2018 9:13:40 PM	3611387620	1013.00	28.78	27.73	87.6	29.68	27.73	80.7	27.67	27.73	97.1	29.96	27.73	78.7
9/06/2018 9:13:41 PM	3611387621	1013.00	28.82	27.74	87.3	29.69	27.74	80.7	27.66	27.74	97.2	29.93	27.74	78.9
9/06/2018 9:13:42 PM	3611387622	1013.00	28.79	27.74	87.5	29.70	27.74	80.6	27.63	27.74	97.4	29.92	27.74	79.0
9/06/2018 9:13:43 PM	3611387623	1013.00	28.82	27.73	87.3	29.70	27.73	80.6	27.65	27.73	97.3	29.97	27.73	78.6
9/06/2018 9:13:44 PM	3611387624	1013.00	28.80	27.73	87.5	29.73	27.73	80.4	27.61	27.73	97.6	29.96	27.73	78.7
9/06/2018 9:13:45 PM	3611387625	1013.00	28.82	27.73	87.3	29.69	27.73	80.7	27.69	27.73	96.9	29.98	27.73	78.6
9/06/2018 9:13:46 PM	3611387626	1013.00	28.79	27.73	87.6	29.73	27.73	80.4	27.66	27.73	97.2	30.00	27.73	78.4
9/06/2018 9:13:47 PM	3611387627	1013.00	28.82	27.74	87.3	29.77	27.74	80.1	27.67	27.74	97.1	29.96	27.74	78.7
9/06/2018 9:13:48 PM	3611387628	1013.00	28.83	27.74	87.2	29.75	27.74	80.2	27.68	27.74	97.0	29.98	27.74	78.6
9/06/2018 9:13:49 PM	3611387629	1013.00	28.82	27.74	87.3	29.75	27.74	80.2	27.66	27.74	97.2	29.98	27.74	78.6
9/06/2018 9:13:50 PM	3611387630	1013.00	28.85	27.73	87.1	29.76	27.73	80.2	27.68	27.73	97.0	29.97	27.73	78.6
9/06/2018 9:13:51 PM	3611387631	1013.00	28.88	27.72	86.9	29.77	27.72	80.1	27.69	27.72	96.9	30.02	27.72	78.3
9/06/2018 9:13:52 PM	3611387632	1013.00	28.84	27.72	87.2	29.70	27.72	80.6	27.67	27.72	97.1	29.98	27.72	78.6
9/06/2018 9:13:53 PM	3611387633	1013.00	28.87	27.72	86.9	29.75	27.72	80.2	27.63	27.72	97.5	30.02	27.72	78.3
9/06/2018 9:13:54 PM	3611387634	1013.00	28.88	27.72	86.9	29.75	27.72	80.2	27.63	27.72	97.5	30.05	27.72	78.1
9/06/2018 9:13:55 PM	3611387635	1013.00	28.83	27.73	87.2	29.77	27.73	80.1	27.64	27.73	97.4	30.04	27.73	78.1
9/06/2018 9:13:56 PM	3611387636	1013.00	28.84	27.73	87.2	29.74	27.73	80.3	27.67	27.73	97.1	30.06	27.73	78.0
9/06/2018 9:13:57 PM	3611387637	1013.00	28.85	27.73	87.1	29.73	27.73	80.4	27.71	27.73	96.7	30.06	27.73	78.0
9/06/2018 9:13:58 PM	3611387638	1013.00	28.87	27.73	86.9	29.75	27.73	80.2	27.64	27.73	97.4	30.07	27.73	77.9
9/06/2018 9:13:59 PM	3611387639	1013.00	28.85	27.72	87.1	29.76	27.72	80.2	27.68	27.72	97.0	30.08	27.72	77.9
9/06/2018 9:14:00 PM	3611387640	1013.00	28.86	27.72	87.0	29.79	27.72	80.0	27.68	27.72	97.0	30.09	27.72	77.8
9/06/2018 9:14:01 PM	3611387641	1013.00	28.86	27.71	87.0	29.76	27.71	80.2	27.69	27.71	96.9	30.10	27.71	77.8
9/06/2018 9:14:02 PM	3611387642	1013.00	28.86	27.71	87.0	29.78	27.71	80.0	27.71	27.71	96.8	30.10	27.71	77.8
9/06/2018 9:14:03 PM	3611387643	1013.00	28.88	27.72	86.9	29.81	27.72	79.8	27.69	27.72	96.9	30.13	27.72	77.5
9/06/2018 9:14:04 PM	3611387644	1013.00	28.87	27.72	86.9	29.77	27.72	80.1	27.70	27.72	96.8	30.14	27.72	77.5
9/06/2018 9:14:05 PM	3611387645	1013.00	28.88	27.73	86.8	29.85	27.73	79.5	27.64	27.73	97.4	30.13	27.73	77.5
9/06/2018 9:14:06 PM	3611387646	1013.00	28.87	27.73	86.9	29.82	27.73	79.7	27.68	27.73	97.0	30.17	27.73	77.2
9/06/2018 9:14:07 PM	3611387647	1013.00	28.89	27.73	86.8	29.81	27.73	79.8	27.71	27.73	96.7	30.17	27.73	77.2
9/06/2018 9:14:08 PM	3611387648	1013.00	28.91	27.72	86.6	29.80	27.72	79.9	27.66	27.72	97.2	30.19	27.72	77.1
9/06/2018 9:14:09 PM	3611387649	1013.00	28.91	27.72	86.6	29.84	27.72	79.6	27.68	27.72	97.0	30.19	27.72	77.1
9/06/2018 9:14:10 PM	3611387650	1013.00	28.94	27.72	86.4	29.82	27.72	79.7	27.65	27.72	97.3	30.18	27.72	77.2
9/06/2018 9:14:11 PM	3611387651	1013.00	28.94	27.72	86.4	29.87	27.72	79.4	27.68	27.72	97.0	30.18	27.72	77.2
9/06/2018 9:14:12 PM	3611387652	1013.00	28.90	27.72	86.7	29.85	27.72	79.5	27.70	27.72	96.8	30.22	27.72	76.9
9/06/2018 9:14:13 PM	3611387653	1013.00	28.87	27.72	86.9	29.84	27.72	79.6	27.75	27.72	96.4	30.21	27.72	77.0
9/06/2018 9:14:14 PM	3611387654	1013.00	28.93	27.73	86.4	29.89	27.73	79.2	27.72	27.73	96.6	30.22	27.73	76.9
9/06/2018 9:14:15 PM	3611387655	1013.00	28.91	27.74	86.6	29.85	27.74	79.5	27.73	27.74	96.5	30.23	27.74	76.8
9/06/2018 9:14:16 PM	3611387656	1013.00	28.91	27.73	86.6	29.89	27.73	79.2	27.72	27.73	96.6	30.23	27.73	76.8
9/06/2018 9:14:17 PM	3611387657	1013.00	28.95	27.73	86.3	29.88	27.73	79.3	27.70	27.73	96.8	30.25	27.73	76.7
9/06/2018 9:14:18 PM	3611387658	1013.00	28.92	27.73	86.5	29.91	27.73	79.1	27.70	27.73	96.8	30.23	27.73	76.8
9/06/2018 9:14:19 PM	3611387659	1013.00	28.93	27.72	86.5	29.90	27.72	79.2	27.72	27.72	96.7	30.27	27.72	76.6
9/06/2018 9:14:20 PM	3611387660	1013.00	28.95	27.71	86.3	29.91	27.71	79.1	27.71	27.71	96.8	30.24	27.71	76.8
9/06/2018 9:14:21 PM	3611387661	1013.00	28.92	27.70	86.6	29.90	27.70	79.2	27.70	27.70	96.9	30.27	27.70	76.6
9/06/2018 9:14:22 PM	3611387662	1013.00	28.94	27.71	86.4	29.91	27.71	79.1	27.79	27.71	96.0	30.27	27.71	76.6
9/06/2018 9:14:23 PM	3611387663	1013.00	28.97	27.71	86.2	29.88	27.71	79.3	27.70	27.71	96.9	30.28	27.71	76.5
9/06/2018 9:14:24 PM	3611387664	1013.00	28.93	27.71	86.5	29.89	27.71	79.3	27.68	27.71	97.0	30.30	27.71	76.4
9/06/2018 9:14:25 PM	3611387665	1013.00	28.94	27.72	86.4	29.88	27.72	79.3	27.73	27.72	96.6	30.29	27.72	76.4
9/06/2018 9:14:26 PM	3611387666	1013.00	28.95	27.72	86.3	29.89	27.72	79.2	27.76	27.72	96.3	30.31	27.72	76.3
9/06/2018 9:14:27 PM	3611387667	1013.00	28.98	27.72	86.1	29.88	27.72	79.3	27.79	27.72	96.0	30.33	27.72	76.2
9/06/2018 9:14:28 PM	3611387668	1013.00	28.99	27.72	86.0	29.89	27.72	79.2	27.75	27.72	96.4	30.31	27.72	76.3
9/06/2018 9:14:29 PM	3611387669	1013.00	28.98	27.73	86.1	29.91	27.73	79.1	27.73	27.73	96.5	30.34	27.73	76.1
9/06/2018 9:14:30 PM	3611387670	1013.00	28.98	27.72	86.1	29.88	27.72	79.3	27.72	27.72	96.7	30.33	27.72	76.2
9/06/2018 9:14:31 PM	3611387671	1013.00	28.98	27.72	86.1	29.91	27.72	79.1	27.79	27.72	96.0	30.34	27.72	76.1
9/06/2018 9:14:32 PM	3611387672	1013.00	29.01	27.72	85.8	29.91	27.72	79.1	27.76	27.72	96.3	30.39	27.72	75.8
9/06/2018 9:14:33 PM	3611387673	1013.00	28.97	27.71	86.2	29.89	27.71	79.3	27.75	27.71	96.4	30.35	27.71	76.0
9/06/2018 9:14:34 PM	3611387674	1013.00	28.99	27.70	86.0	29.90	27.70	79.2	27.75	27.70	96.4	30.36	27.70	76.0
9/06/2018 9:14:35 PM	3611387675	1013.00	28.99	27.70	86.0	29.92	27.70	79.1	27.73	27.70	96.6	30.37	27.70	75.9
9/06/2018 9:14:36 PM	3611387676	1013.00	29.03	27.70	85.7	29.93	27.70	79.0	27.75	27.70	96.4	30.38	27.70	75.9
9/06/2018 9:14:37 PM	3611387677	1013.00	28.99	27.71	86.0	29.94	27.71	78.9	27.73	27.71	96.6	30.37	27.71	75.9
9/06/2018 9:14:38 PM	3611387678	1013.00	29.00	27.71	85.9	29.93	27.71	79.0	27.76	27.71	96.3	30.38	27.71	75.8
9/06/2018 9:14:39 PM	3611387679	1013.00	29.01	27.71	85.8	29.96	27.71	78.8	27.77	27.71	96.2	30.43	27.71	75.5
9/06/2018 9:14:40 PM	3611387680	1013.00	28.98	27.72	86.1	29.93	27.72	79.0	27.75	27.72	96.4	30.39	27.72	75.8
9/06/2018 9:14:41 PM	3611387681	1013.00	28.99	27.71	86.0	29.93	27.71	79.0	27.77	27.71	96.2	30.44	27.71	75.4
9/06/2018 9:14:42 PM	3611387682	1013.00	29.02	27.71	85.8	29.93	27.71	79.0	27.81	27.71	95.9	30.47	27.71	75.2
9/06/2018 9:14:43 PM	3611387683	1013.00	29.03	27.71	85.7	29.95	27.71	78.8	27.84	27.71	95.6	30.47	27.71	75.2
9/06/2018 9:14:44 PM	3611387684	1013.00	29.02	27.71	85.8	29.93	27.71	79.0	27.77	27.71	96.2	30.51	27.71	75.0
9/06/2018 9:14:45 PM	3611387685	1013.00	29.02	27.70	85.8	29.96	27.70	78.8	27.74	27.70	96.5	30.49	27.70	75.1
9/06/2018 9:14:46 PM	3611387686	1013.00	29.03	27.71	85.7	29.98	27.71	78.6	27.77	27.71	96.2	30.50	27.71	75.0
9/06/2018 9:14:47 PM	3611387687	1013.00	29.04	27.70	85.6	30.03	27.70	78.3	27.74	27.70	96.5	30.53	27.70	74.8
