Date & time of file creation	16/06/2018 7:19 PM													
Data file path	C:\Users\ameli\Desktop\Luke Strasiotto\160618\Old_12.txt													
														
														
CALIBRATION DATA														
Parameter/Channel	N moving average	LO phase [r.U.]	HI phase [r.U.]	LO oxygen [%air saturation]	HI oxygen [%air saturation]	LO temperature [°C]	HI temperature [°C]	Salinity [‰]						
S WOT 0041 000001   , CH 1	1	59.31	27.39	0.00	100.00	28.02	28.10	0.000						
S WOT 0041 000001   , CH 2	1	59.31	27.39	0.00	100.00	28.02	28.10	0.000						
S WOT 0041 000001   , CH 3	1	59.31	27.39	0.00	100.00	28.02	28.10	0.000						
S WOT 0041 000001   , CH 4	1	59.31	27.39	0.00	100.00	28.02	28.10	0.000						
														
														
Date &Time [DD-MM-YYYY HH:MM:SS]	Time stamp code	Barometric pressure [hPa]	S WOT 0041 000001   , CH 1 phase [r.U.]	S WOT 0041 000001   , CH 1 temp [°C]	S WOT 0041 000001   , CH 1 O2 [% air saturation]	S WOT 0041 000001   , CH 2 phase [r.U.]	S WOT 0041 000001   , CH 2 temp [°C]	S WOT 0041 000001   , CH 2 O2 [% air saturation]	S WOT 0041 000001   , CH 3 phase [r.U.]	S WOT 0041 000001   , CH 3 temp [°C]	S WOT 0041 000001   , CH 3 O2 [% air saturation]	S WOT 0041 000001   , CH 4 phase [r.U.]	S WOT 0041 000001   , CH 4 temp [°C]	S WOT 0041 000001   , CH 4 O2 [% air saturation]
16/06/2018 7:20:50 PM	3611985650	1013.00	27.42	27.95	100.0	27.10	27.95	103.1	27.37	27.95	100.5	27.13	27.95	102.8
16/06/2018 7:20:51 PM	3611985651	1013.00	27.42	27.95	100.0	27.10	27.95	103.1	27.37	27.95	100.5	27.11	27.95	103.0
16/06/2018 7:20:52 PM	3611985652	1013.00	27.43	27.96	99.9	27.05	27.96	103.5	27.35	27.96	100.6	27.12	27.96	102.8
16/06/2018 7:20:53 PM	3611985653	1013.00	27.43	27.96	99.9	27.09	27.96	103.1	27.39	27.96	100.2	27.10	27.96	103.0
16/06/2018 7:20:54 PM	3611985654	1013.00	27.42	27.96	100.0	27.10	27.96	103.0	27.38	27.96	100.3	27.10	27.96	103.0
16/06/2018 7:20:55 PM	3611985655	1013.00	27.44	27.97	99.8	27.12	27.97	102.8	27.37	27.97	100.4	27.13	27.97	102.7
16/06/2018 7:20:56 PM	3611985656	1013.00	27.44	27.97	99.8	27.08	27.97	103.2	27.37	27.97	100.4	27.13	27.97	102.7
16/06/2018 7:20:57 PM	3611985657	1013.00	27.42	27.97	99.9	27.11	27.97	102.9	27.35	27.97	100.6	27.16	27.97	102.4
16/06/2018 7:20:58 PM	3611985658	1013.00	27.44	27.96	99.8	27.10	27.96	103.0	27.36	27.96	100.5	27.12	27.96	102.8
16/06/2018 7:20:59 PM	3611985659	1013.00	27.45	27.96	99.7	27.05	27.96	103.5	27.38	27.96	100.3	27.15	27.96	102.5
16/06/2018 7:21:00 PM	3611985660	1013.00	27.43	27.95	99.9	27.07	27.95	103.3	27.39	27.95	100.3	27.13	27.95	102.8
16/06/2018 7:21:01 PM	3611985661	1013.00	27.45	27.95	99.7	27.08	27.95	103.2	27.38	27.95	100.4	27.11	27.95	103.0
16/06/2018 7:21:02 PM	3611985662	1013.00	27.40	27.95	100.2	27.04	27.95	103.6	27.33	27.95	100.8	27.10	27.95	103.1
16/06/2018 7:21:03 PM	3611985663	1013.00	27.44	27.96	99.8	27.08	27.96	103.2	27.36	27.96	100.5	27.11	27.96	102.9
16/06/2018 7:21:04 PM	3611985664	1013.00	27.40	27.95	100.2	27.03	27.95	103.7	27.39	27.95	100.3	27.10	27.95	103.1
16/06/2018 7:21:05 PM	3611985665	1013.00	27.45	27.95	99.7	27.05	27.95	103.5	27.36	27.95	100.6	27.13	27.95	102.8
16/06/2018 7:21:06 PM	3611985666	1013.00	27.43	27.95	99.9	27.05	27.95	103.5	27.39	27.95	100.3	27.11	27.95	103.0
16/06/2018 7:21:07 PM	3611985667	1013.00	27.41	27.95	100.1	27.05	27.95	103.5	27.35	27.95	100.6	27.12	27.95	102.9
16/06/2018 7:21:08 PM	3611985668	1013.00	27.46	27.95	99.6	27.04	27.95	103.6	27.37	27.95	100.5	27.12	27.95	102.9
16/06/2018 7:21:09 PM	3611985669	1013.00	27.43	27.95	99.9	27.03	27.95	103.7	27.36	27.95	100.6	27.11	27.95	103.0
16/06/2018 7:21:10 PM	3611985670	1013.00	27.42	27.95	100.0	27.04	27.95	103.6	27.33	27.95	100.8	27.11	27.95	103.0
16/06/2018 7:21:11 PM	3611985671	1013.00	27.46	27.96	99.6	27.05	27.96	103.5	27.35	27.96	100.6	27.12	27.96	102.8
16/06/2018 7:21:12 PM	3611985672	1013.00	27.44	27.95	99.8	27.10	27.95	103.1	27.36	27.95	100.6	27.13	27.95	102.8
16/06/2018 7:21:13 PM	3611985673	1013.00	27.45	27.95	99.7	27.05	27.95	103.5	27.37	27.95	100.5	27.12	27.95	102.9
16/06/2018 7:21:14 PM	3611985674	1013.00	27.43	27.96	99.9	27.11	27.96	102.9	27.35	27.96	100.6	27.11	27.96	102.9
16/06/2018 7:21:15 PM	3611985675	1013.00	27.43	27.96	99.9	27.09	27.96	103.1	27.36	27.96	100.5	27.11	27.96	102.9
16/06/2018 7:21:16 PM	3611985676	1013.00	27.41	27.96	100.1	27.06	27.96	103.4	27.32	27.96	100.9	27.13	27.96	102.7
16/06/2018 7:21:17 PM	3611985677	1013.00	27.43	27.96	99.9	27.04	27.96	103.6	27.35	27.96	100.6	27.13	27.96	102.7
16/06/2018 7:21:18 PM	3611985678	1013.00	27.44	27.95	99.8	27.05	27.95	103.5	27.38	27.95	100.4	27.14	27.95	102.7
16/06/2018 7:21:19 PM	3611985679	1013.00	27.45	27.95	99.7	27.06	27.95	103.4	27.35	27.95	100.6	27.14	27.95	102.7
16/06/2018 7:21:20 PM	3611985680	1013.00	27.44	27.95	99.8	27.05	27.95	103.5	27.36	27.95	100.6	27.14	27.95	102.7
16/06/2018 7:21:21 PM	3611985681	1013.00	27.45	27.95	99.7	27.02	27.95	103.8	27.36	27.95	100.6	27.08	27.95	103.2
16/06/2018 7:21:22 PM	3611985682	1013.00	27.42	27.96	100.0	27.07	27.96	103.3	27.41	27.96	100.1	27.09	27.96	103.1
16/06/2018 7:21:23 PM	3611985683	1013.00	27.43	27.95	99.9	27.02	27.95	103.8	27.36	27.95	100.6	27.13	27.95	102.8
16/06/2018 7:21:24 PM	3611985684	1013.00	27.43	27.95	99.9	27.07	27.95	103.3	27.41	27.95	100.1	27.13	27.95	102.8
16/06/2018 7:21:25 PM	3611985685	1013.00	27.43	27.95	99.9	27.02	27.95	103.8	27.33	27.95	100.8	27.11	27.95	103.0
16/06/2018 7:21:26 PM	3611985686	1013.00	27.46	27.94	99.6	27.05	27.94	103.6	27.36	27.94	100.6	27.09	27.94	103.2
16/06/2018 7:21:27 PM	3611985687	1013.00	27.44	27.94	99.8	27.06	27.94	103.5	27.37	27.94	100.5	27.11	27.94	103.0
16/06/2018 7:21:28 PM	3611985688	1013.00	27.44	27.95	99.8	27.03	27.95	103.7	27.37	27.95	100.5	27.10	27.95	103.1
16/06/2018 7:21:29 PM	3611985689	1013.00	27.45	27.95	99.7	27.02	27.95	103.8	27.35	27.95	100.6	27.12	27.95	102.9
16/06/2018 7:21:30 PM	3611985690	1013.00	27.43	27.96	99.9	27.03	27.96	103.7	27.36	27.96	100.5	27.09	27.96	103.1
16/06/2018 7:21:31 PM	3611985691	1013.00	27.46	27.95	99.6	27.09	27.95	103.2	27.36	27.95	100.6	27.11	27.95	103.0
16/06/2018 7:21:32 PM	3611985692	1013.00	27.46	27.95	99.6	27.04	27.95	103.6	27.40	27.95	100.2	27.14	27.95	102.7
16/06/2018 7:21:33 PM	3611985693	1013.00	27.48	27.95	99.4	27.04	27.95	103.6	27.41	27.95	100.1	27.11	27.95	103.0
16/06/2018 7:21:34 PM	3611985694	1013.00	27.47	27.95	99.5	27.04	27.95	103.6	27.41	27.95	100.1	27.11	27.95	103.0
16/06/2018 7:21:35 PM	3611985695	1013.00	27.45	27.94	99.7	27.05	27.94	103.6	27.38	27.94	100.4	27.11	27.94	103.0
16/06/2018 7:21:36 PM	3611985696	1013.00	27.47	27.95	99.5	27.08	27.95	103.2	27.40	27.95	100.2	27.08	27.95	103.2
16/06/2018 7:21:37 PM	3611985697	1013.00	27.49	27.94	99.3	27.07	27.94	103.4	27.38	27.94	100.4	27.13	27.94	102.8
16/06/2018 7:21:38 PM	3611985698	1013.00	27.46	27.94	99.6	27.06	27.94	103.5	27.37	27.94	100.5	27.17	27.94	102.4
16/06/2018 7:21:39 PM	3611985699	1013.00	27.47	27.94	99.5	27.02	27.94	103.9	27.33	27.94	100.9	27.15	27.94	102.6
16/06/2018 7:21:40 PM	3611985700	1013.00	27.47	27.94	99.5	27.08	27.94	103.3	27.36	27.94	100.6	27.15	27.94	102.6
16/06/2018 7:21:41 PM	3611985701	1013.00	27.49	27.94	99.3	27.05	27.94	103.6	27.38	27.94	100.4	27.08	27.94	103.3
16/06/2018 7:21:42 PM	3611985702	1013.00	27.48	27.94	99.4	27.04	27.94	103.7	27.35	27.94	100.7	27.10	27.94	103.1
16/06/2018 7:21:43 PM	3611985703	1013.00	27.47	27.94	99.5	27.08	27.94	103.3	27.37	27.94	100.5	27.12	27.94	102.9
16/06/2018 7:21:44 PM	3611985704	1013.00	27.48	27.95	99.4	27.04	27.95	103.6	27.40	27.95	100.2	27.10	27.95	103.1
16/06/2018 7:21:45 PM	3611985705	1013.00	27.51	27.95	99.1	27.08	27.95	103.2	27.39	27.95	100.3	27.08	27.95	103.2
16/06/2018 7:21:46 PM	3611985706	1013.00	27.46	27.95	99.6	27.09	27.95	103.2	27.38	27.95	100.4	27.10	27.95	103.1
16/06/2018 7:21:47 PM	3611985707	1013.00	27.47	27.95	99.5	27.04	27.95	103.6	27.38	27.95	100.4	27.11	27.95	103.0
16/06/2018 7:21:48 PM	3611985708	1013.00	27.46	27.94	99.6	27.08	27.94	103.3	27.37	27.94	100.5	27.10	27.94	103.1
16/06/2018 7:21:49 PM	3611985709	1013.00	27.48	27.94	99.4	27.11	27.94	103.0	27.35	27.94	100.7	27.09	27.94	103.2
16/06/2018 7:21:50 PM	3611985710	1013.00	27.46	27.94	99.6	27.07	27.94	103.4	27.34	27.94	100.8	27.13	27.94	102.8
16/06/2018 7:21:51 PM	3611985711	1013.00	27.46	27.94	99.6	27.06	27.94	103.5	27.35	27.94	100.7	27.14	27.94	102.7
16/06/2018 7:21:52 PM	3611985712	1013.00	27.50	27.94	99.3	27.05	27.94	103.6	27.34	27.94	100.8	27.11	27.94	103.0
16/06/2018 7:21:53 PM	3611985713	1013.00	27.49	27.95	99.3	27.07	27.95	103.3	27.39	27.95	100.3	27.12	27.95	102.9
16/06/2018 7:21:54 PM	3611985714	1013.00	27.49	27.94	99.3	27.08	27.94	103.3	27.31	27.94	101.0	27.12	27.94	102.9
16/06/2018 7:21:55 PM	3611985715	1013.00	27.48	27.94	99.4	27.10	27.94	103.1	27.41	27.94	100.1	27.12	27.94	102.9
16/06/2018 7:21:56 PM	3611985716	1013.00	27.49	27.94	99.3	27.09	27.94	103.2	27.39	27.94	100.3	27.13	27.94	102.8
16/06/2018 7:21:57 PM	3611985717	1013.00	27.50	27.94	99.3	27.09	27.94	103.2	27.36	27.94	100.6	27.13	27.94	102.8
16/06/2018 7:21:58 PM	3611985718	1013.00	27.52	27.95	99.0	27.10	27.95	103.1	27.42	27.95	100.0	27.10	27.95	103.1
16/06/2018 7:21:59 PM	3611985719	1013.00	27.49	27.94	99.3	27.13	27.94	102.8	27.35	27.94	100.7	27.14	27.94	102.7
16/06/2018 7:22:00 PM	3611985720	1013.00	27.52	27.94	99.1	27.07	27.94	103.4	27.39	27.94	100.3	27.12	27.94	102.9
16/06/2018 7:22:01 PM	3611985721	1013.00	27.53	27.94	99.0	27.04	27.94	103.7	27.40	27.94	100.2	27.13	27.94	102.8
16/06/2018 7:22:02 PM	3611985722	1013.00	27.50	27.93	99.3	27.14	27.93	102.7	27.33	27.93	100.9	27.11	27.93	103.0
16/06/2018 7:22:03 PM	3611985723	1013.00	27.51	27.94	99.2	27.10	27.94	103.1	27.41	27.94	100.1	27.11	27.94	103.0
16/06/2018 7:22:04 PM	3611985724	1013.00	27.51	27.94	99.2	27.15	27.94	102.6	27.39	27.94	100.3	27.15	27.94	102.6
16/06/2018 7:22:05 PM	3611985725	1013.00	27.52	27.94	99.1	27.13	27.94	102.8	27.38	27.94	100.4	27.13	27.94	102.8
16/06/2018 7:22:06 PM	3611985726	1013.00	27.52	27.94	99.1	27.12	27.94	102.9	27.40	27.94	100.2	27.14	27.94	102.7
16/06/2018 7:22:07 PM	3611985727	1013.00	27.53	27.94	99.0	27.11	27.94	103.0	27.40	27.94	100.2	27.14	27.94	102.7
16/06/2018 7:22:08 PM	3611985728	1013.00	27.51	27.94	99.2	27.11	27.94	103.0	27.38	27.94	100.4	27.13	27.94	102.8
16/06/2018 7:22:09 PM	3611985729	1013.00	27.53	27.95	99.0	27.09	27.95	103.2	27.38	27.95	100.4	27.14	27.95	102.7
16/06/2018 7:22:10 PM	3611985730	1013.00	27.55	27.95	98.8	27.06	27.95	103.4	27.39	27.95	100.3	27.13	27.95	102.8
16/06/2018 7:22:11 PM	3611985731	1013.00	27.53	27.95	99.0	27.10	27.95	103.1	27.43	27.95	99.9	27.14	27.95	102.7
16/06/2018 7:22:12 PM	3611985732	1013.00	27.55	27.95	98.8	27.12	27.95	102.9	27.41	27.95	100.1	27.13	27.95	102.8
16/06/2018 7:22:13 PM	3611985733	1013.00	27.54	27.94	98.9	27.16	27.94	102.5	27.44	27.94	99.8	27.15	27.94	102.6
16/06/2018 7:22:14 PM	3611985734	1013.00	27.54	27.94	98.9	27.11	27.94	103.0	27.41	27.94	100.1	27.15	27.94	102.6
16/06/2018 7:22:15 PM	3611985735	1013.00	27.55	27.94	98.8	27.12	27.94	102.9	27.45	27.94	99.7	27.13	27.94	102.8
16/06/2018 7:22:16 PM	3611985736	1013.00	27.56	27.93	98.7	27.11	27.93	103.0	27.43	27.93	99.9	27.14	27.93	102.7
16/06/2018 7:22:17 PM	3611985737	1013.00	27.56	27.94	98.7	27.13	27.94	102.8	27.42	27.94	100.0	27.14	27.94	102.7
16/06/2018 7:22:18 PM	3611985738	1013.00	27.54	27.94	98.9	27.12	27.94	102.9	27.45	27.94	99.7	27.14	27.94	102.7
16/06/2018 7:22:19 PM	3611985739	1013.00	27.55	27.94	98.8	27.13	27.94	102.8	27.47	27.94	99.5	27.13	27.94	102.8
16/06/2018 7:22:20 PM	3611985740	1013.00	27.57	27.94	98.6	27.14	27.94	102.7	27.43	27.94	99.9	27.16	27.94	102.5
16/06/2018 7:22:21 PM	3611985741	1013.00	27.57	27.94	98.6	27.12	27.94	102.9	27.46	27.94	99.6	27.15	27.94	102.6
16/06/2018 7:22:22 PM	3611985742	1013.00	27.59	27.93	98.4	27.15	27.93	102.6	27.43	27.93	99.9	27.16	27.93	102.5
16/06/2018 7:22:23 PM	3611985743	1013.00	27.56	27.94	98.7	27.17	27.94	102.4	27.49	27.94	99.3	27.15	27.94	102.6
16/06/2018 7:22:24 PM	3611985744	1013.00	27.59	27.94	98.4	27.11	27.94	103.0	27.40	27.94	100.2	27.14	27.94	102.7
16/06/2018 7:22:25 PM	3611985745	1013.00	27.57	27.94	98.6	27.13	27.94	102.8	27.41	27.94	100.1	27.17	27.94	102.4
16/06/2018 7:22:26 PM	3611985746	1013.00	27.61	27.95	98.2	27.14	27.95	102.7	27.42	27.95	100.0	27.15	27.95	102.6
16/06/2018 7:22:27 PM	3611985747	1013.00	27.60	27.95	98.3	27.12	27.95	102.9	27.48	27.95	99.4	27.16	27.95	102.5
16/06/2018 7:22:28 PM	3611985748	1013.00	27.61	27.95	98.2	27.13	27.95	102.8	27.45	27.95	99.7	27.16	27.95	102.5
16/06/2018 7:22:29 PM	3611985749	1013.00	27.59	27.94	98.4	27.14	27.94	102.7	27.46	27.94	99.6	27.16	27.94	102.5
16/06/2018 7:22:30 PM	3611985750	1013.00	27.65	27.94	97.9	27.14	27.94	102.7	27.47	27.94	99.5	27.16	27.94	102.5
16/06/2018 7:22:31 PM	3611985751	1013.00	27.64	27.94	98.0	27.19	27.94	102.2	27.44	27.94	99.8	27.17	27.94	102.4
16/06/2018 7:22:32 PM	3611985752	1013.00	27.63	27.93	98.1	27.15	27.93	102.6	27.45	27.93	99.7	27.16	27.93	102.5
16/06/2018 7:22:33 PM	3611985753	1013.00	27.66	27.94	97.8	27.17	27.94	102.4	27.46	27.94	99.6	27.17	27.94	102.4
16/06/2018 7:22:34 PM	3611985754	1013.00	27.69	27.94	97.5	27.18	27.94	102.3	27.47	27.94	99.5	27.17	27.94	102.4
16/06/2018 7:22:35 PM	3611985755	1013.00	27.67	27.94	97.7	27.19	27.94	102.2	27.53	27.94	99.0	27.18	27.94	102.3
16/06/2018 7:22:36 PM	3611985756	1013.00	27.67	27.93	97.7	27.15	27.93	102.6	27.49	27.93	99.4	27.16	27.93	102.5
16/06/2018 7:22:37 PM	3611985757	1013.00	27.71	27.94	97.3	27.11	27.94	103.0	27.45	27.94	99.7	27.17	27.94	102.4
16/06/2018 7:22:38 PM	3611985758	1013.00	27.69	27.94	97.5	27.18	27.94	102.3	27.46	27.94	99.6	27.17	27.94	102.4
16/06/2018 7:22:39 PM	3611985759	1013.00	27.71	27.93	97.3	27.17	27.93	102.4	27.49	27.93	99.4	27.18	27.93	102.3
16/06/2018 7:22:40 PM	3611985760	1013.00	27.72	27.93	97.2	27.18	27.93	102.3	27.46	27.93	99.6	27.19	27.93	102.2
16/06/2018 7:22:41 PM	3611985761	1013.00	27.73	27.94	97.1	27.23	27.94	101.8	27.49	27.94	99.3	27.17	27.94	102.4
16/06/2018 7:22:42 PM	3611985762	1013.00	27.73	27.93	97.1	27.21	27.93	102.0	27.47	27.93	99.5	27.16	27.93	102.5
16/06/2018 7:22:43 PM	3611985763	1013.00	27.72	27.92	97.3	27.23	27.92	101.8	27.47	27.92	99.6	27.16	27.92	102.5
16/06/2018 7:22:44 PM	3611985764	1013.00	27.72	27.93	97.2	27.24	27.93	101.7	27.47	27.93	99.5	27.16	27.93	102.5
16/06/2018 7:22:45 PM	3611985765	1013.00	27.75	27.93	97.0	27.21	27.93	102.0	27.47	27.93	99.5	27.21	27.93	102.0
16/06/2018 7:22:46 PM	3611985766	1013.00	27.75	27.93	97.0	27.25	27.93	101.6	27.49	27.93	99.4	27.16	27.93	102.5
16/06/2018 7:22:47 PM	3611985767	1013.00	27.78	27.93	96.7	27.25	27.93	101.6	27.51	27.93	99.2	27.14	27.93	102.7
16/06/2018 7:22:48 PM	3611985768	1013.00	27.76	27.93	96.9	27.22	27.93	101.9	27.51	27.93	99.2	27.14	27.93	102.7
16/06/2018 7:22:49 PM	3611985769	1013.00	27.77	27.93	96.8	27.21	27.93	102.0	27.49	27.93	99.4	27.16	27.93	102.5
16/06/2018 7:22:50 PM	3611985770	1013.00	27.79	27.93	96.6	27.29	27.93	101.3	27.47	27.93	99.5	27.15	27.93	102.6
16/06/2018 7:22:51 PM	3611985771	1013.00	27.79	27.93	96.6	27.30	27.93	101.2	27.47	27.93	99.5	27.19	27.93	102.2
16/06/2018 7:22:52 PM	3611985772	1013.00	27.79	27.93	96.6	27.26	27.93	101.5	27.47	27.93	99.5	27.18	27.93	102.3
16/06/2018 7:22:53 PM	3611985773	1013.00	27.79	27.93	96.6	27.26	27.93	101.5	27.48	27.93	99.5	27.20	27.93	102.1
16/06/2018 7:22:54 PM	3611985774	1013.00	27.80	27.92	96.5	27.24	27.92	101.8	27.48	27.92	99.5	27.16	27.92	102.5
16/06/2018 7:22:55 PM	3611985775	1013.00	27.83	27.92	96.3	27.28	27.92	101.4	27.51	27.92	99.2	27.20	27.92	102.1
16/06/2018 7:22:56 PM	3611985776	1013.00	27.81	27.92	96.4	27.29	27.92	101.3	27.45	27.92	99.8	27.21	27.92	102.0
16/06/2018 7:22:57 PM	3611985777	1013.00	27.84	27.92	96.2	27.27	27.92	101.5	27.48	27.92	99.5	27.22	27.92	101.9
16/06/2018 7:22:58 PM	3611985778	1013.00	27.84	27.92	96.2	27.26	27.92	101.6	27.52	27.92	99.1	27.19	27.92	102.2
16/06/2018 7:22:59 PM	3611985779	1013.00	27.84	27.92	96.2	27.27	27.92	101.5	27.44	27.92	99.8	27.19	27.92	102.2
16/06/2018 7:23:00 PM	3611985780	1013.00	27.83	27.92	96.3	27.27	27.92	101.5	27.53	27.92	99.0	27.18	27.92	102.3
16/06/2018 7:23:01 PM	3611985781	1013.00	27.84	27.93	96.2	27.28	27.93	101.3	27.48	27.93	99.5	27.21	27.93	102.0
16/06/2018 7:23:02 PM	3611985782	1013.00	27.85	27.92	96.1	27.29	27.92	101.3	27.53	27.92	99.0	27.20	27.92	102.1
16/06/2018 7:23:03 PM	3611985783	1013.00	27.85	27.93	96.1	27.26	27.93	101.5	27.54	27.93	98.9	27.16	27.93	102.5
16/06/2018 7:23:04 PM	3611985784	1013.00	27.86	27.93	96.0	27.31	27.93	101.1	27.47	27.93	99.5	27.20	27.93	102.1
16/06/2018 7:23:05 PM	3611985785	1013.00	27.85	27.93	96.1	27.30	27.93	101.2	27.48	27.93	99.5	27.21	27.93	102.0
16/06/2018 7:23:06 PM	3611985786	1013.00	27.88	27.93	95.8	27.33	27.93	100.9	27.52	27.93	99.1	27.17	27.93	102.4
16/06/2018 7:23:07 PM	3611985787	1013.00	27.88	27.94	95.8	27.32	27.94	100.9	27.53	27.94	99.0	27.22	27.94	101.9
16/06/2018 7:23:08 PM	3611985788	1013.00	27.87	27.94	95.9	27.25	27.94	101.6	27.48	27.94	99.4	27.19	27.94	102.2
16/06/2018 7:23:09 PM	3611985789	1013.00	27.88	27.94	95.8	27.31	27.94	101.0	27.51	27.94	99.2	27.21	27.94	102.0
16/06/2018 7:23:10 PM	3611985790	1013.00	27.88	27.94	95.8	27.30	27.94	101.1	27.50	27.94	99.3	27.23	27.94	101.8
16/06/2018 7:23:11 PM	3611985791	1013.00	27.91	27.94	95.5	27.35	27.94	100.7	27.54	27.94	98.9	27.22	27.94	101.9
16/06/2018 7:23:12 PM	3611985792	1013.00	27.90	27.93	95.6	27.30	27.93	101.2	27.54	27.93	98.9	27.21	27.93	102.0
16/06/2018 7:23:13 PM	3611985793	1013.00	27.93	27.93	95.4	27.29	27.93	101.3	27.57	27.93	98.6	27.23	27.93	101.8
16/06/2018 7:23:14 PM	3611985794	1013.00	27.94	27.93	95.3	27.35	27.93	100.7	27.54	27.93	98.9	27.24	27.93	101.7
16/06/2018 7:23:15 PM	3611985795	1013.00	27.94	27.93	95.3	27.31	27.93	101.1	27.54	27.93	98.9	27.23	27.93	101.8
16/06/2018 7:23:16 PM	3611985796	1013.00	27.93	27.92	95.4	27.36	27.92	100.6	27.54	27.92	98.9	27.24	27.92	101.8
16/06/2018 7:23:17 PM	3611985797	1013.00	27.96	27.92	95.1	27.37	27.92	100.5	27.53	27.92	99.0	27.26	27.92	101.6
16/06/2018 7:23:18 PM	3611985798	1013.00	27.95	27.93	95.2	27.36	27.93	100.6	27.50	27.93	99.3	27.25	27.93	101.6
16/06/2018 7:23:19 PM	3611985799	1013.00	28.02	27.92	94.6	27.34	27.92	100.8	27.52	27.92	99.1	27.23	27.92	101.8
16/06/2018 7:23:20 PM	3611985800	1013.00	28.01	27.93	94.6	27.39	27.93	100.3	27.55	27.93	98.8	27.22	27.93	101.9
16/06/2018 7:23:21 PM	3611985801	1013.00	28.02	27.93	94.6	27.33	27.93	100.9	27.56	27.93	98.7	27.22	27.93	101.9
16/06/2018 7:23:22 PM	3611985802	1013.00	28.02	27.93	94.6	27.37	27.93	100.5	27.57	27.93	98.6	27.24	27.93	101.7
16/06/2018 7:23:23 PM	3611985803	1013.00	28.02	27.93	94.6	27.39	27.93	100.3	27.57	27.93	98.6	27.23	27.93	101.8
16/06/2018 7:23:24 PM	3611985804	1013.00	28.02	27.93	94.6	27.39	27.93	100.3	27.56	27.93	98.7	27.23	27.93	101.8
16/06/2018 7:23:25 PM	3611985805	1013.00	28.05	27.93	94.3	27.39	27.93	100.3	27.58	27.93	98.5	27.26	27.93	101.5
16/06/2018 7:23:26 PM	3611985806	1013.00	28.03	27.93	94.5	27.41	27.93	100.1	27.58	27.93	98.5	27.24	27.93	101.7
16/06/2018 7:23:27 PM	3611985807	1013.00	28.06	27.93	94.2	27.38	27.93	100.4	27.55	27.93	98.8	27.25	27.93	101.6
16/06/2018 7:23:28 PM	3611985808	1013.00	28.07	27.93	94.1	27.37	27.93	100.5	27.57	27.93	98.6	27.24	27.93	101.7
16/06/2018 7:23:29 PM	3611985809	1013.00	28.06	27.93	94.2	27.35	27.93	100.7	27.59	27.93	98.4	27.24	27.93	101.7
16/06/2018 7:23:30 PM	3611985810	1013.00	28.07	27.92	94.1	27.42	27.92	100.0	27.56	27.92	98.7	27.25	27.92	101.7
16/06/2018 7:23:31 PM	3611985811	1013.00	28.08	27.92	94.0	27.41	27.92	100.1	27.62	27.92	98.2	27.26	27.92	101.6
16/06/2018 7:23:32 PM	3611985812	1013.00	28.10	27.92	93.9	27.42	27.92	100.0	27.58	27.92	98.5	27.27	27.92	101.5
16/06/2018 7:23:33 PM	3611985813	1013.00	28.11	27.92	93.8	27.38	27.92	100.4	27.60	27.92	98.4	27.27	27.92	101.5
16/06/2018 7:23:34 PM	3611985814	1013.00	28.11	27.92	93.8	27.43	27.92	99.9	27.63	27.92	98.1	27.28	27.92	101.4
16/06/2018 7:23:35 PM	3611985815	1013.00	28.13	27.93	93.6	27.39	27.93	100.3	27.59	27.93	98.4	27.27	27.93	101.4
16/06/2018 7:23:36 PM	3611985816	1013.00	28.15	27.93	93.4	27.44	27.93	99.8	27.61	27.93	98.2	27.28	27.93	101.3
16/06/2018 7:23:37 PM	3611985817	1013.00	28.13	27.93	93.6	27.41	27.93	100.1	27.60	27.93	98.3	27.24	27.93	101.7
16/06/2018 7:23:38 PM	3611985818	1013.00	28.16	27.93	93.3	27.43	27.93	99.9	27.65	27.93	97.9	27.29	27.93	101.3
16/06/2018 7:23:39 PM	3611985819	1013.00	28.17	27.93	93.2	27.42	27.93	100.0	27.60	27.93	98.3	27.31	27.93	101.1
16/06/2018 7:23:40 PM	3611985820	1013.00	28.19	27.93	93.1	27.46	27.93	99.6	27.59	27.93	98.4	27.30	27.93	101.2
16/06/2018 7:23:41 PM	3611985821	1013.00	28.18	27.93	93.2	27.41	27.93	100.1	27.63	27.93	98.1	27.32	27.93	101.0
16/06/2018 7:23:42 PM	3611985822	1013.00	28.18	27.93	93.2	27.41	27.93	100.1	27.62	27.93	98.2	27.31	27.93	101.1
16/06/2018 7:23:43 PM	3611985823	1013.00	28.21	27.93	92.9	27.44	27.93	99.8	27.62	27.93	98.2	27.29	27.93	101.3
16/06/2018 7:23:44 PM	3611985824	1013.00	28.23	27.93	92.7	27.46	27.93	99.6	27.65	27.93	97.9	27.33	27.93	100.9
16/06/2018 7:23:45 PM	3611985825	1013.00	28.24	27.94	92.6	27.45	27.94	99.7	27.64	27.94	98.0	27.33	27.94	100.9
16/06/2018 7:23:46 PM	3611985826	1013.00	28.24	27.93	92.6	27.46	27.93	99.6	27.63	27.93	98.1	27.32	27.93	101.0
16/06/2018 7:23:47 PM	3611985827	1013.00	28.23	27.94	92.7	27.45	27.94	99.7	27.62	27.94	98.1	27.31	27.94	101.0
16/06/2018 7:23:48 PM	3611985828	1013.00	28.24	27.93	92.6	27.45	27.93	99.7	27.65	27.93	97.9	27.32	27.93	101.0
16/06/2018 7:23:49 PM	3611985829	1013.00	28.25	27.93	92.6	27.48	27.93	99.5	27.67	27.93	97.7	27.35	27.93	100.7
16/06/2018 7:23:50 PM	3611985830	1013.00	28.24	27.93	92.6	27.51	27.93	99.2	27.63	27.93	98.1	27.33	27.93	100.9
16/06/2018 7:23:51 PM	3611985831	1013.00	28.26	27.94	92.5	27.45	27.94	99.7	27.67	27.94	97.7	27.35	27.94	100.7
16/06/2018 7:23:52 PM	3611985832	1013.00	28.27	27.93	92.4	27.46	27.93	99.6	27.69	27.93	97.5	27.35	27.93	100.7
16/06/2018 7:23:53 PM	3611985833	1013.00	28.27	27.93	92.4	27.45	27.93	99.7	27.68	27.93	97.6	27.33	27.93	100.9
16/06/2018 7:23:54 PM	3611985834	1013.00	28.26	27.93	92.5	27.52	27.93	99.1	27.69	27.93	97.5	27.32	27.93	101.0
16/06/2018 7:23:55 PM	3611985835	1013.00	28.29	27.93	92.2	27.54	27.93	98.9	27.67	27.93	97.7	27.32	27.93	101.0
16/06/2018 7:23:56 PM	3611985836	1013.00	28.27	27.92	92.4	27.53	27.92	99.0	27.73	27.92	97.2	27.34	27.92	100.8
16/06/2018 7:23:57 PM	3611985837	1013.00	28.33	27.93	91.9	27.48	27.93	99.5	27.69	27.93	97.5	27.35	27.93	100.7
16/06/2018 7:23:58 PM	3611985838	1013.00	28.30	27.92	92.1	27.53	27.92	99.0	27.71	27.92	97.3	27.33	27.92	100.9
16/06/2018 7:23:59 PM	3611985839	1013.00	28.31	27.93	92.0	27.55	27.93	98.8	27.69	27.93	97.5	27.36	27.93	100.6
16/06/2018 7:24:00 PM	3611985840	1013.00	28.31	27.93	92.0	27.52	27.93	99.1	27.69	27.93	97.5	27.33	27.93	100.9
16/06/2018 7:24:01 PM	3611985841	1013.00	28.36	27.93	91.6	27.54	27.93	98.9	27.74	27.93	97.1	27.35	27.93	100.7
16/06/2018 7:24:02 PM	3611985842	1013.00	28.34	27.92	91.8	27.55	27.92	98.8	27.79	27.92	96.6	27.35	27.92	100.7
16/06/2018 7:24:03 PM	3611985843	1013.00	28.39	27.92	91.4	27.57	27.92	98.6	27.73	27.92	97.2	27.37	27.92	100.5
16/06/2018 7:24:04 PM	3611985844	1013.00	28.36	27.92	91.6	27.55	27.92	98.8	27.78	27.92	96.7	27.35	27.92	100.7
16/06/2018 7:24:05 PM	3611985845	1013.00	28.38	27.92	91.5	27.57	27.92	98.6	27.80	27.92	96.5	27.38	27.92	100.4
16/06/2018 7:24:06 PM	3611985846	1013.00	28.39	27.92	91.4	27.59	27.92	98.4	27.77	27.92	96.8	27.37	27.92	100.5
16/06/2018 7:24:07 PM	3611985847	1013.00	28.37	27.92	91.6	27.59	27.92	98.4	27.75	27.92	97.0	27.36	27.92	100.6
16/06/2018 7:24:08 PM	3611985848	1013.00	28.38	27.92	91.5	27.64	27.92	98.0	27.78	27.92	96.7	27.38	27.92	100.4
16/06/2018 7:24:09 PM	3611985849	1013.00	28.42	27.92	91.1	26.47	27.92	109.5	27.78	27.92	96.7	27.39	27.92	100.3
16/06/2018 7:24:10 PM	3611985850	1013.00	28.41	27.93	91.2	27.62	27.93	98.2	27.84	27.93	96.2	27.39	27.93	100.3
16/06/2018 7:24:11 PM	3611985851	1013.00	28.42	27.93	91.1	27.64	27.93	98.0	27.77	27.93	96.8	27.39	27.93	100.3
16/06/2018 7:24:12 PM	3611985852	1013.00	28.42	27.93	91.1	27.66	27.93	97.8	27.82	27.93	96.3	27.39	27.93	100.3
16/06/2018 7:24:13 PM	3611985853	1013.00	28.43	27.93	91.0	27.64	27.93	98.0	27.84	27.93	96.2	27.40	27.93	100.2
16/06/2018 7:24:14 PM	3611985854	1013.00	28.42	27.93	91.1	27.65	27.93	97.9	27.81	27.93	96.4	27.41	27.93	100.1
16/06/2018 7:24:15 PM	3611985855	1013.00	28.44	27.92	91.0	27.67	27.92	97.7	27.82	27.92	96.4	27.43	27.92	99.9
16/06/2018 7:24:16 PM	3611985856	1013.00	28.42	27.92	91.1	27.64	27.92	98.0	27.80	27.92	96.5	27.40	27.92	100.2
16/06/2018 7:24:17 PM	3611985857	1013.00	28.45	27.92	90.9	27.67	27.92	97.7	27.84	27.92	96.2	27.44	27.92	99.8
16/06/2018 7:24:18 PM	3611985858	1013.00	28.47	27.92	90.7	27.71	27.92	97.3	27.84	27.92	96.2	27.45	27.92	99.8
16/06/2018 7:24:19 PM	3611985859	1013.00	28.46	27.92	90.8	27.71	27.92	97.3	27.87	27.92	95.9	27.48	27.92	99.5
16/06/2018 7:24:20 PM	3611985860	1013.00	28.48	27.92	90.6	27.72	27.92	97.3	27.86	27.92	96.0	27.44	27.92	99.8
16/06/2018 7:24:21 PM	3611985861	1013.00	28.50	27.92	90.5	27.68	27.92	97.6	27.90	27.92	95.6	27.47	27.92	99.6
16/06/2018 7:24:22 PM	3611985862	1013.00	28.50	27.93	90.4	27.72	27.93	97.2	27.89	27.93	95.7	27.46	27.93	99.6
16/06/2018 7:24:23 PM	3611985863	1013.00	28.51	27.93	90.4	27.74	27.93	97.1	27.87	27.93	95.9	27.46	27.93	99.6
16/06/2018 7:24:24 PM	3611985864	1013.00	28.49	27.93	90.5	27.73	27.93	97.1	27.93	27.93	95.4	27.47	27.93	99.5
16/06/2018 7:24:25 PM	3611985865	1013.00	28.51	27.93	90.4	27.74	27.93	97.1	27.90	27.93	95.6	27.45	27.93	99.7
16/06/2018 7:24:26 PM	3611985866	1013.00	28.52	27.94	90.3	27.71	27.94	97.3	27.89	27.94	95.7	27.45	27.94	99.7
16/06/2018 7:24:27 PM	3611985867	1013.00	28.51	27.93	90.4	27.73	27.93	97.1	27.90	27.93	95.6	27.47	27.93	99.5
16/06/2018 7:24:28 PM	3611985868	1013.00	28.54	27.93	90.1	27.75	27.93	97.0	27.94	27.93	95.3	27.49	27.93	99.4
16/06/2018 7:24:29 PM	3611985869	1013.00	28.56	27.93	90.0	27.71	27.93	97.3	27.90	27.93	95.6	27.50	27.93	99.3
16/06/2018 7:24:30 PM	3611985870	1013.00	28.55	27.92	90.0	27.79	27.92	96.6	27.92	27.92	95.5	27.50	27.92	99.3
16/06/2018 7:24:31 PM	3611985871	1013.00	28.54	27.93	90.1	27.76	27.93	96.9	27.93	27.93	95.4	27.51	27.93	99.2
16/06/2018 7:24:32 PM	3611985872	1013.00	28.54	27.93	90.1	27.73	27.93	97.1	27.89	27.93	95.7	27.52	27.93	99.1
16/06/2018 7:24:33 PM	3611985873	1013.00	28.56	27.93	90.0	27.72	27.93	97.2	27.94	27.93	95.3	27.52	27.93	99.1
16/06/2018 7:24:34 PM	3611985874	1013.00	28.55	27.93	90.0	27.72	27.93	97.2	27.94	27.93	95.3	27.52	27.93	99.1
16/06/2018 7:24:35 PM	3611985875	1013.00	28.54	27.94	90.1	27.75	27.94	97.0	27.95	27.94	95.2	27.52	27.94	99.1
16/06/2018 7:24:36 PM	3611985876	1013.00	28.56	27.93	90.0	27.72	27.93	97.2	28.00	27.93	94.7	27.55	27.93	98.8
16/06/2018 7:24:37 PM	3611985877	1013.00	28.58	27.92	89.8	27.77	27.92	96.8	27.99	27.92	94.8	27.55	27.92	98.8
16/06/2018 7:24:38 PM	3611985878	1013.00	28.59	27.93	89.7	27.74	27.93	97.1	28.01	27.93	94.6	27.55	27.93	98.8
16/06/2018 7:24:39 PM	3611985879	1013.00	28.56	27.93	90.0	27.76	27.93	96.9	27.97	27.93	95.0	27.56	27.93	98.7
16/06/2018 7:24:40 PM	3611985880	1013.00	28.58	27.93	89.8	27.77	27.93	96.8	27.95	27.93	95.2	27.54	27.93	98.9
16/06/2018 7:24:41 PM	3611985881	1013.00	28.58	27.95	89.8	27.81	27.95	96.4	27.95	27.95	95.1	27.57	27.95	98.6
16/06/2018 7:24:42 PM	3611985882	1013.00	28.60	27.95	89.6	27.77	27.95	96.8	28.00	27.95	94.7	27.56	27.95	98.7
16/06/2018 7:24:43 PM	3611985883	1013.00	28.59	27.95	89.7	27.81	27.95	96.4	28.04	27.95	94.3	27.53	27.95	99.0
16/06/2018 7:24:44 PM	3611985884	1013.00	28.62	27.94	89.4	27.83	27.94	96.2	28.00	27.94	94.7	27.56	27.94	98.7
16/06/2018 7:24:45 PM	3611985885	1013.00	28.60	27.94	89.6	27.77	27.94	96.8	28.07	27.94	94.1	27.60	27.94	98.3
16/06/2018 7:24:46 PM	3611985886	1013.00	28.60	27.94	89.6	27.80	27.94	96.5	28.03	27.94	94.5	27.60	27.94	98.3
16/06/2018 7:24:47 PM	3611985887	1013.00	28.62	27.94	89.4	27.78	27.94	96.7	28.02	27.94	94.5	27.60	27.94	98.3
16/06/2018 7:24:48 PM	3611985888	1013.00	28.63	27.94	89.4	27.83	27.94	96.2	28.04	27.94	94.4	27.57	27.94	98.6
16/06/2018 7:24:49 PM	3611985889	1013.00	28.62	27.94	89.4	27.82	27.94	96.3	28.03	27.94	94.5	27.61	27.94	98.2
16/06/2018 7:24:50 PM	3611985890	1013.00	28.63	27.93	89.4	27.82	27.93	96.3	28.05	27.93	94.3	27.60	27.93	98.3
16/06/2018 7:24:51 PM	3611985891	1013.00	28.64	27.94	89.3	27.86	27.94	96.0	28.04	27.94	94.4	27.60	27.94	98.3
16/06/2018 7:24:52 PM	3611985892	1013.00	28.64	27.94	89.3	27.84	27.94	96.1	28.09	27.94	93.9	27.59	27.94	98.4
16/06/2018 7:24:53 PM	3611985893	1013.00	28.66	27.94	89.1	27.83	27.94	96.2	28.05	27.94	94.3	27.60	27.94	98.3
16/06/2018 7:24:54 PM	3611985894	1013.00	28.64	27.94	89.3	27.82	27.94	96.3	28.08	27.94	94.0	27.61	27.94	98.2
16/06/2018 7:24:55 PM	3611985895	1013.00	28.66	27.94	89.1	27.86	27.94	96.0	28.08	27.94	94.0	27.62	27.94	98.1
16/06/2018 7:24:56 PM	3611985896	1013.00	28.63	27.94	89.4	27.87	27.94	95.9	28.11	27.94	93.8	27.62	27.94	98.1
16/06/2018 7:24:57 PM	3611985897	1013.00	28.65	27.94	89.2	27.85	27.94	96.0	28.09	27.94	93.9	27.62	27.94	98.1
16/06/2018 7:24:58 PM	3611985898	1013.00	28.65	27.93	89.2	27.87	27.93	95.9	28.13	27.93	93.6	27.64	27.93	98.0
16/06/2018 7:24:59 PM	3611985899	1013.00	28.66	27.94	89.1	27.90	27.94	95.6	28.06	27.94	94.2	27.64	27.94	98.0
16/06/2018 7:25:00 PM	3611985900	1013.00	28.66	27.94	89.1	27.93	27.94	95.3	28.10	27.94	93.8	27.62	27.94	98.1
16/06/2018 7:25:01 PM	3611985901	1013.00	28.68	27.93	89.0	27.91	27.93	95.5	28.10	27.93	93.9	27.64	27.93	98.0
16/06/2018 7:25:02 PM	3611985902	1013.00	28.66	27.93	89.1	27.89	27.93	95.7	28.12	27.93	93.7	27.62	27.93	98.2
16/06/2018 7:25:03 PM	3611985903	1013.00	28.69	27.93	88.9	27.88	27.93	95.8	28.14	27.93	93.5	27.62	27.93	98.2
16/06/2018 7:25:04 PM	3611985904	1013.00	28.71	27.94	88.7	27.92	27.94	95.4	28.14	27.94	93.5	27.63	27.94	98.0
16/06/2018 7:25:05 PM	3611985905	1013.00	28.70	27.95	88.8	27.93	27.95	95.3	28.15	27.95	93.4	27.65	27.95	97.8
16/06/2018 7:25:06 PM	3611985906	1013.00	28.70	27.94	88.8	27.93	27.94	95.3	28.15	27.94	93.4	27.61	27.94	98.2
16/06/2018 7:25:07 PM	3611985907	1013.00	28.70	27.94	88.8	27.95	27.94	95.2	28.11	27.94	93.8	27.65	27.94	97.9
16/06/2018 7:25:08 PM	3611985908	1013.00	28.71	27.94	88.7	27.94	27.94	95.2	28.12	27.94	93.7	27.63	27.94	98.0
16/06/2018 7:25:09 PM	3611985909	1013.00	28.75	27.93	88.4	27.89	27.93	95.7	28.14	27.93	93.5	27.65	27.93	97.9
16/06/2018 7:25:10 PM	3611985910	1013.00	28.73	27.93	88.6	27.97	27.93	95.0	28.19	27.93	93.1	27.63	27.93	98.1
16/06/2018 7:25:11 PM	3611985911	1013.00	28.73	27.94	88.5	27.95	27.94	95.2	28.19	27.94	93.1	27.68	27.94	97.6
16/06/2018 7:25:12 PM	3611985912	1013.00	28.73	27.93	88.6	27.97	27.93	95.0	28.14	27.93	93.5	27.66	27.93	97.8
16/06/2018 7:25:13 PM	3611985913	1013.00	28.74	27.93	88.5	27.95	27.93	95.2	28.18	27.93	93.2	27.65	27.93	97.9
16/06/2018 7:25:14 PM	3611985914	1013.00	28.74	27.93	88.5	27.97	27.93	95.0	28.16	27.93	93.3	27.64	27.93	98.0
16/06/2018 7:25:15 PM	3611985915	1013.00	28.77	27.93	88.2	28.04	27.93	94.4	28.15	27.93	93.4	27.64	27.93	98.0
16/06/2018 7:25:16 PM	3611985916	1013.00	28.76	27.93	88.3	27.98	27.93	94.9	28.17	27.93	93.2	27.67	27.93	97.7
16/06/2018 7:25:17 PM	3611985917	1013.00	28.77	27.93	88.2	27.96	27.93	95.1	28.14	27.93	93.5	27.65	27.93	97.9
16/06/2018 7:25:18 PM	3611985918	1013.00	28.76	27.93	88.3	28.04	27.93	94.4	28.19	27.93	93.1	27.66	27.93	97.8
16/06/2018 7:25:19 PM	3611985919	1013.00	28.78	27.94	88.1	28.01	27.94	94.6	28.18	27.94	93.1	27.72	27.94	97.2
16/06/2018 7:25:20 PM	3611985920	1013.00	28.82	27.94	87.8	28.05	27.94	94.3	28.20	27.94	93.0	27.72	27.94	97.2
16/06/2018 7:25:21 PM	3611985921	1013.00	28.81	27.94	87.9	28.01	27.94	94.6	28.20	27.94	93.0	27.70	27.94	97.4
16/06/2018 7:25:22 PM	3611985922	1013.00	28.87	27.94	87.4	28.03	27.94	94.5	28.20	27.94	93.0	27.72	27.94	97.2
16/06/2018 7:25:23 PM	3611985923	1013.00	28.86	27.94	87.5	28.04	27.94	94.4	28.24	27.94	92.6	27.74	27.94	97.0
16/06/2018 7:25:24 PM	3611985924	1013.00	28.85	27.94	87.6	28.01	27.94	94.6	28.21	27.94	92.9	27.74	27.94	97.0
16/06/2018 7:25:25 PM	3611985925	1013.00	28.88	27.94	87.3	28.03	27.94	94.5	28.22	27.94	92.8	27.73	27.94	97.1
16/06/2018 7:25:26 PM	3611985926	1013.00	28.88	27.94	87.3	28.02	27.94	94.5	28.23	27.94	92.7	27.73	27.94	97.1
16/06/2018 7:25:27 PM	3611985927	1013.00	28.90	27.93	87.2	28.08	27.93	94.0	28.25	27.93	92.6	27.71	27.93	97.3
16/06/2018 7:25:28 PM	3611985928	1013.00	28.90	27.94	87.2	28.04	27.94	94.4	28.22	27.94	92.8	27.74	27.94	97.0
16/06/2018 7:25:29 PM	3611985929	1013.00	28.91	27.94	87.1	28.07	27.94	94.1	28.27	27.94	92.4	27.73	27.94	97.1
16/06/2018 7:25:30 PM	3611985930	1013.00	28.92	27.94	87.0	28.05	27.94	94.3	28.27	27.94	92.4	27.73	27.94	97.1
16/06/2018 7:25:31 PM	3611985931	1013.00	28.95	27.94	86.8	28.02	27.94	94.5	28.28	27.94	92.3	27.75	27.94	97.0
16/06/2018 7:25:32 PM	3611985932	1013.00	28.96	27.94	86.7	28.04	27.94	94.4	28.25	27.94	92.5	27.75	27.94	97.0
16/06/2018 7:25:33 PM	3611985933	1013.00	28.94	27.95	86.8	28.08	27.95	94.0	28.23	27.95	92.7	27.76	27.95	96.8
16/06/2018 7:25:34 PM	3611985934	1013.00	28.93	27.94	86.9	28.09	27.94	93.9	28.22	27.94	92.8	27.78	27.94	96.7
16/06/2018 7:25:35 PM	3611985935	1013.00	28.92	27.95	87.0	28.11	27.95	93.7	28.28	27.95	92.3	27.78	27.95	96.7
16/06/2018 7:25:36 PM	3611985936	1013.00	28.97	27.95	86.6	28.10	27.95	93.8	28.24	27.95	92.6	27.79	27.95	96.6
16/06/2018 7:25:37 PM	3611985937	1013.00	28.97	27.95	86.6	28.13	27.95	93.6	28.28	27.95	92.3	27.79	27.95	96.6
16/06/2018 7:25:38 PM	3611985938	1013.00	28.96	27.94	86.7	28.10	27.94	93.8	28.26	27.94	92.5	27.79	27.94	96.6
16/06/2018 7:25:39 PM	3611985939	1013.00	28.97	27.95	86.6	28.12	27.95	93.6	28.30	27.95	92.1	27.80	27.95	96.5
16/06/2018 7:25:40 PM	3611985940	1013.00	28.98	27.94	86.5	28.14	27.94	93.5	28.31	27.94	92.0	27.82	27.94	96.3
16/06/2018 7:25:41 PM	3611985941	1013.00	28.97	27.96	86.6	28.11	27.96	93.7	28.31	27.96	92.0	27.78	27.96	96.6
16/06/2018 7:25:42 PM	3611985942	1013.00	28.98	27.96	86.5	28.15	27.96	93.4	28.29	27.96	92.2	27.81	27.96	96.4
16/06/2018 7:25:43 PM	3611985943	1013.00	29.01	27.95	86.3	28.12	27.95	93.6	28.30	27.95	92.1	27.81	27.95	96.4
16/06/2018 7:25:44 PM	3611985944	1013.00	29.01	27.95	86.3	28.17	27.95	93.2	28.34	27.95	91.8	27.83	27.95	96.2
16/06/2018 7:25:45 PM	3611985945	1013.00	29.01	27.95	86.3	28.13	27.95	93.6	28.34	27.95	91.8	27.82	27.95	96.3
16/06/2018 7:25:46 PM	3611985946	1013.00	29.01	27.94	86.3	28.20	27.94	93.0	28.32	27.94	91.9	27.80	27.94	96.5
16/06/2018 7:25:47 PM	3611985947	1013.00	29.03	27.95	86.1	28.18	27.95	93.1	28.36	27.95	91.6	27.83	27.95	96.2
16/06/2018 7:25:48 PM	3611985948	1013.00	29.03	27.95	86.1	28.12	27.95	93.6	28.34	27.95	91.8	27.83	27.95	96.2
16/06/2018 7:25:49 PM	3611985949	1013.00	29.03	27.95	86.1	28.23	27.95	92.7	28.35	27.95	91.7	27.85	27.95	96.0
16/06/2018 7:25:50 PM	3611985950	1013.00	29.06	27.95	85.9	28.18	27.95	93.1	28.36	27.95	91.6	27.84	27.95	96.1
16/06/2018 7:25:51 PM	3611985951	1013.00	29.06	27.94	85.9	28.25	27.94	92.5	28.38	27.94	91.4	27.85	27.94	96.0
16/06/2018 7:25:52 PM	3611985952	1013.00	29.03	27.95	86.1	28.19	27.95	93.0	28.35	27.95	91.7	27.83	27.95	96.2
16/06/2018 7:25:53 PM	3611985953	1013.00	29.07	27.94	85.8	28.26	27.94	92.5	28.37	27.94	91.5	27.83	27.94	96.2
16/06/2018 7:25:54 PM	3611985954	1013.00	29.08	27.94	85.8	28.26	27.94	92.5	28.35	27.94	91.7	27.83	27.94	96.2
16/06/2018 7:25:55 PM	3611985955	1013.00	29.09	27.94	85.7	28.21	27.94	92.9	28.39	27.94	91.4	27.88	27.94	95.8
16/06/2018 7:25:56 PM	3611985956	1013.00	29.09	27.94	85.7	28.21	27.94	92.9	28.32	27.94	91.9	27.86	27.94	96.0
16/06/2018 7:25:57 PM	3611985957	1013.00	29.08	27.94	85.8	28.27	27.94	92.4	28.37	27.94	91.5	27.86	27.94	96.0
16/06/2018 7:25:58 PM	3611985958	1013.00	29.10	27.95	85.6	28.27	27.95	92.4	28.37	27.95	91.5	27.85	27.95	96.0
16/06/2018 7:25:59 PM	3611985959	1013.00	29.10	27.95	85.6	28.28	27.95	92.3	28.37	27.95	91.5	27.87	27.95	95.9
16/06/2018 7:26:00 PM	3611985960	1013.00	29.12	27.95	85.4	28.28	27.95	92.3	28.36	27.95	91.6	27.91	27.95	95.5
16/06/2018 7:26:01 PM	3611985961	1013.00	29.13	27.95	85.3	28.26	27.95	92.4	28.40	27.95	91.3	27.90	27.95	95.6
16/06/2018 7:26:02 PM	3611985962	1013.00	29.17	27.95	85.0	28.28	27.95	92.3	28.35	27.95	91.7	27.89	27.95	95.7
16/06/2018 7:26:03 PM	3611985963	1013.00	29.18	27.95	85.0	28.30	27.95	92.1	28.38	27.95	91.4	27.88	27.95	95.8
16/06/2018 7:26:04 PM	3611985964	1013.00	29.19	27.95	84.9	28.26	27.95	92.4	28.37	27.95	91.5	27.89	27.95	95.7
16/06/2018 7:26:05 PM	3611985965	1013.00	29.17	27.95	85.0	28.33	27.95	91.8	28.39	27.95	91.3	27.91	27.95	95.5
16/06/2018 7:26:06 PM	3611985966	1013.00	29.21	27.95	84.7	28.36	27.95	91.6	28.40	27.95	91.3	27.89	27.95	95.7
16/06/2018 7:26:07 PM	3611985967	1013.00	29.19	27.95	84.9	28.32	27.95	91.9	28.40	27.95	91.3	27.89	27.95	95.7
16/06/2018 7:26:08 PM	3611985968	1013.00	29.23	27.95	84.6	28.33	27.95	91.8	28.44	27.95	90.9	27.91	27.95	95.5
16/06/2018 7:26:09 PM	3611985969	1013.00	29.23	27.96	84.6	28.30	27.96	92.1	28.46	27.96	90.7	27.89	27.96	95.7
16/06/2018 7:26:10 PM	3611985970	1013.00	29.26	27.96	84.3	28.28	27.96	92.3	28.43	27.96	91.0	27.89	27.96	95.7
16/06/2018 7:26:11 PM	3611985971	1013.00	29.29	27.97	84.1	28.36	27.97	91.6	28.41	27.97	91.1	27.91	27.97	95.5
16/06/2018 7:26:12 PM	3611985972	1013.00	29.33	27.97	83.8	28.37	27.97	91.5	28.46	27.97	90.7	27.91	27.97	95.5
16/06/2018 7:26:13 PM	3611985973	1013.00	29.32	27.96	83.9	28.38	27.96	91.4	28.44	27.96	90.9	27.93	27.96	95.3
16/06/2018 7:26:14 PM	3611985974	1013.00	29.33	27.96	83.8	28.37	27.96	91.5	28.49	27.96	90.5	27.94	27.96	95.2
16/06/2018 7:26:15 PM	3611985975	1013.00	29.35	27.95	83.7	28.41	27.95	91.2	28.49	27.95	90.5	27.93	27.95	95.3
16/06/2018 7:26:16 PM	3611985976	1013.00	29.36	27.95	83.6	28.39	27.95	91.3	28.47	27.95	90.7	27.96	27.95	95.1
16/06/2018 7:26:17 PM	3611985977	1013.00	29.38	27.94	83.4	28.44	27.94	90.9	28.48	27.94	90.6	27.96	27.94	95.1
16/06/2018 7:26:18 PM	3611985978	1013.00	29.38	27.93	83.5	28.49	27.93	90.5	28.51	27.93	90.4	27.95	27.93	95.2
16/06/2018 7:26:19 PM	3611985979	1013.00	29.39	27.93	83.4	28.41	27.93	91.2	28.50	27.93	90.4	27.97	27.93	95.0
16/06/2018 7:26:20 PM	3611985980	1013.00	29.37	27.94	83.5	28.44	27.94	90.9	28.58	27.94	89.8	27.96	27.94	95.1
16/06/2018 7:26:21 PM	3611985981	1013.00	29.39	27.94	83.4	28.49	27.94	90.5	28.52	27.94	90.3	27.99	27.94	94.8
16/06/2018 7:26:22 PM	3611985982	1013.00	29.42	27.94	83.1	28.49	27.94	90.5	28.57	27.94	89.9	28.01	27.94	94.6
16/06/2018 7:26:23 PM	3611985983	1013.00	29.42	27.96	83.1	28.51	27.96	90.3	28.55	27.96	90.0	28.02	27.96	94.5
16/06/2018 7:26:24 PM	3611985984	1013.00	29.41	27.95	83.2	28.49	27.95	90.5	28.60	27.95	89.6	28.02	27.95	94.5
16/06/2018 7:26:25 PM	3611985985	1013.00	29.41	27.96	83.2	28.50	27.96	90.4	28.59	27.96	89.7	28.01	27.96	94.6
16/06/2018 7:26:26 PM	3611985986	1013.00	29.42	27.96	83.1	28.51	27.96	90.3	28.65	27.96	89.2	28.00	27.96	94.7
16/06/2018 7:26:27 PM	3611985987	1013.00	29.45	27.96	82.9	28.51	27.96	90.3	28.65	27.96	89.2	28.04	27.96	94.3
16/06/2018 7:26:28 PM	3611985988	1013.00	29.43	27.95	83.1	28.53	27.95	90.2	28.64	27.95	89.3	28.03	27.95	94.4
16/06/2018 7:26:29 PM	3611985989	1013.00	29.45	27.94	82.9	28.57	27.94	89.9	28.69	27.94	88.9	28.07	27.94	94.1
16/06/2018 7:26:30 PM	3611985990	1013.00	29.45	27.94	82.9	28.57	27.94	89.9	28.65	27.94	89.2	28.07	27.94	94.1
16/06/2018 7:26:31 PM	3611985991	1013.00	29.45	27.94	82.9	28.59	27.94	89.7	28.70	27.94	88.8	28.09	27.94	93.9
16/06/2018 7:26:32 PM	3611985992	1013.00	29.48	27.94	82.7	28.59	27.94	89.7	28.67	27.94	89.0	28.09	27.94	93.9
16/06/2018 7:26:33 PM	3611985993	1013.00	29.46	27.93	82.9	28.59	27.93	89.7	28.65	27.93	89.2	28.06	27.93	94.2
16/06/2018 7:26:34 PM	3611985994	1013.00	29.49	27.94	82.6	28.58	27.94	89.8	28.67	27.94	89.0	28.09	27.94	93.9
16/06/2018 7:26:35 PM	3611985995	1013.00	29.48	27.94	82.7	28.57	27.94	89.9	28.72	27.94	88.6	28.09	27.94	93.9
16/06/2018 7:26:36 PM	3611985996	1013.00	29.49	27.94	82.6	28.62	27.94	89.4	28.72	27.94	88.6	28.10	27.94	93.8
16/06/2018 7:26:37 PM	3611985997	1013.00	29.50	27.95	82.5	28.61	27.95	89.5	28.71	27.95	88.7	28.10	27.95	93.8
16/06/2018 7:26:38 PM	3611985998	1013.00	29.51	27.95	82.5	28.62	27.95	89.4	28.72	27.95	88.6	28.07	27.95	94.1
16/06/2018 7:26:39 PM	3611985999	1013.00	29.52	27.95	82.4	28.64	27.95	89.3	28.73	27.95	88.5	28.11	27.95	93.7
16/06/2018 7:26:40 PM	3611986000	1013.00	29.52	27.95	82.4	28.63	27.95	89.3	28.72	27.95	88.6	28.13	27.95	93.6
16/06/2018 7:26:41 PM	3611986001	1013.00	29.53	27.95	82.3	28.65	27.95	89.2	28.75	27.95	88.4	28.12	27.95	93.6
16/06/2018 7:26:42 PM	3611986002	1013.00	29.53	27.95	82.3	28.65	27.95	89.2	28.76	27.95	88.3	28.14	27.95	93.5
16/06/2018 7:26:43 PM	3611986003	1013.00	29.55	27.94	82.2	28.64	27.94	89.3	28.78	27.94	88.1	28.14	27.94	93.5
16/06/2018 7:26:44 PM	3611986004	1013.00	29.54	27.93	82.3	28.67	27.93	89.0	28.78	27.93	88.2	28.12	27.93	93.7
16/06/2018 7:26:45 PM	3611986005	1013.00	29.56	27.94	82.1	28.66	27.94	89.1	28.80	27.94	88.0	28.14	27.94	93.5
16/06/2018 7:26:46 PM	3611986006	1013.00	29.56	27.94	82.1	28.68	27.94	88.9	28.79	27.94	88.1	28.16	27.94	93.3
16/06/2018 7:26:47 PM	3611986007	1013.00	29.58	27.94	82.0	28.66	27.94	89.1	28.79	27.94	88.1	28.17	27.94	93.2
16/06/2018 7:26:48 PM	3611986008	1013.00	29.58	27.94	82.0	28.66	27.94	89.1	28.82	27.94	87.8	28.17	27.94	93.2
16/06/2018 7:26:49 PM	3611986009	1013.00	29.59	27.95	81.9	28.66	27.95	89.1	28.83	27.95	87.7	28.19	27.95	93.0
16/06/2018 7:26:50 PM	3611986010	1013.00	29.61	27.95	81.7	28.66	27.95	89.1	28.84	27.95	87.6	28.18	27.95	93.1
16/06/2018 7:26:51 PM	3611986011	1013.00	29.61	27.95	81.7	28.67	27.95	89.0	28.83	27.95	87.7	28.21	27.95	92.9
16/06/2018 7:26:52 PM	3611986012	1013.00	29.62	27.95	81.6	28.68	27.95	88.9	28.87	27.95	87.4	28.21	27.95	92.9
16/06/2018 7:26:53 PM	3611986013	1013.00	29.61	27.96	81.7	28.71	27.96	88.7	28.86	27.96	87.5	28.23	27.96	92.7
16/06/2018 7:26:54 PM	3611986014	1013.00	29.61	27.95	81.7	28.72	27.95	88.6	28.87	27.95	87.4	28.23	27.95	92.7
16/06/2018 7:26:55 PM	3611986015	1013.00	29.65	27.96	81.4	28.72	27.96	88.6	28.90	27.96	87.1	28.21	27.96	92.9
16/06/2018 7:26:56 PM	3611986016	1013.00	29.61	27.96	81.7	28.73	27.96	88.5	28.86	27.96	87.5	28.19	27.96	93.0
16/06/2018 7:26:57 PM	3611986017	1013.00	29.64	27.96	81.5	28.73	27.96	88.5	28.91	27.96	87.1	28.25	27.96	92.5
16/06/2018 7:26:58 PM	3611986018	1013.00	29.62	27.96	81.6	28.77	27.96	88.2	28.93	27.96	86.9	28.21	27.96	92.9
16/06/2018 7:26:59 PM	3611986019	1013.00	29.66	27.96	81.3	28.78	27.96	88.1	28.89	27.96	87.2	28.24	27.96	92.6
16/06/2018 7:27:00 PM	3611986020	1013.00	29.66	27.95	81.4	28.73	27.95	88.5	28.90	27.95	87.2	28.24	27.95	92.6
16/06/2018 7:27:01 PM	3611986021	1013.00	29.66	27.96	81.3	28.82	27.96	87.8	28.95	27.96	86.7	28.25	27.96	92.5
16/06/2018 7:27:02 PM	3611986022	1013.00	29.69	27.95	81.1	28.78	27.95	88.1	28.92	27.95	87.0	28.26	27.95	92.4
16/06/2018 7:27:03 PM	3611986023	1013.00	29.65	27.95	81.4	28.78	27.95	88.1	28.95	27.95	86.8	28.24	27.95	92.6
16/06/2018 7:27:04 PM	3611986024	1013.00	29.68	27.95	81.2	28.82	27.95	87.8	28.96	27.95	86.7	28.27	27.95	92.4
16/06/2018 7:27:05 PM	3611986025	1013.00	29.68	27.95	81.2	28.82	27.95	87.8	28.95	27.95	86.8	28.27	27.95	92.4
16/06/2018 7:27:06 PM	3611986026	1013.00	29.69	27.95	81.1	28.77	27.95	88.2	28.95	27.95	86.8	28.30	27.95	92.1
16/06/2018 7:27:07 PM	3611986027	1013.00	29.69	27.95	81.1	28.81	27.95	87.9	28.97	27.95	86.6	28.27	27.95	92.4
16/06/2018 7:27:08 PM	3611986028	1013.00	29.70	27.95	81.1	28.75	27.95	88.4	28.93	27.95	86.9	28.29	27.95	92.2
16/06/2018 7:27:09 PM	3611986029	1013.00	29.70	27.95	81.1	28.82	27.95	87.8	28.93	27.95	86.9	28.27	27.95	92.4
16/06/2018 7:27:10 PM	3611986030	1013.00	29.71	27.95	81.0	28.83	27.95	87.7	28.96	27.95	86.7	28.30	27.95	92.1
16/06/2018 7:27:11 PM	3611986031	1013.00	29.71	27.95	81.0	28.80	27.95	88.0	28.98	27.95	86.5	28.32	27.95	91.9
16/06/2018 7:27:12 PM	3611986032	1013.00	29.71	27.96	81.0	28.81	27.96	87.9	29.00	27.96	86.4	28.30	27.96	92.1
16/06/2018 7:27:13 PM	3611986033	1013.00	29.73	27.95	80.8	28.89	27.95	87.2	29.01	27.95	86.3	28.31	27.95	92.0
16/06/2018 7:27:14 PM	3611986034	1013.00	29.71	27.96	81.0	28.83	27.96	87.7	28.99	27.96	86.4	28.33	27.96	91.8
16/06/2018 7:27:15 PM	3611986035	1013.00	29.73	27.96	80.8	28.88	27.96	87.3	28.97	27.96	86.6	28.31	27.96	92.0
16/06/2018 7:27:16 PM	3611986036	1013.00	29.73	27.95	80.8	28.89	27.95	87.2	29.00	27.95	86.4	28.33	27.95	91.8
16/06/2018 7:27:17 PM	3611986037	1013.00	29.75	27.95	80.7	28.90	27.95	87.2	29.02	27.95	86.2	28.31	27.95	92.0
16/06/2018 7:27:18 PM	3611986038	1013.00	29.78	27.95	80.5	28.91	27.95	87.1	29.03	27.95	86.1	28.31	27.95	92.0
16/06/2018 7:27:19 PM	3611986039	1013.00	29.77	27.95	80.5	28.95	27.95	86.8	29.02	27.95	86.2	28.33	27.95	91.8
16/06/2018 7:27:20 PM	3611986040	1013.00	29.77	27.95	80.5	28.90	27.95	87.2	29.04	27.95	86.1	28.34	27.95	91.8
16/06/2018 7:27:21 PM	3611986041	1013.00	29.79	27.95	80.4	28.96	27.95	86.7	29.10	27.95	85.6	28.30	27.95	92.1
16/06/2018 7:27:22 PM	3611986042	1013.00	29.81	27.95	80.3	28.90	27.95	87.2	29.06	27.95	85.9	28.32	27.95	91.9
16/06/2018 7:27:23 PM	3611986043	1013.00	29.78	27.95	80.5	28.97	27.95	86.6	29.11	27.95	85.5	28.34	27.95	91.8
16/06/2018 7:27:24 PM	3611986044	1013.00	29.81	27.94	80.3	28.89	27.94	87.3	29.13	27.94	85.4	28.34	27.94	91.8
16/06/2018 7:27:25 PM	3611986045	1013.00	29.80	27.94	80.3	28.99	27.94	86.5	29.13	27.94	85.4	28.36	27.94	91.6
16/06/2018 7:27:26 PM	3611986046	1013.00	29.83	27.94	80.1	28.98	27.94	86.5	29.12	27.94	85.4	28.34	27.94	91.8
16/06/2018 7:27:27 PM	3611986047	1013.00	29.82	27.94	80.2	29.00	27.94	86.4	29.13	27.94	85.4	28.34	27.94	91.8
16/06/2018 7:27:28 PM	3611986048	1013.00	29.83	27.94	80.1	29.00	27.94	86.4	29.12	27.94	85.4	28.38	27.94	91.4
16/06/2018 7:27:29 PM	3611986049	1013.00	29.86	27.95	79.9	29.00	27.95	86.4	29.15	27.95	85.2	28.35	27.95	91.7
16/06/2018 7:27:30 PM	3611986050	1013.00	29.83	27.96	80.1	28.95	27.96	86.7	29.13	27.96	85.3	28.36	27.96	91.6
16/06/2018 7:27:31 PM	3611986051	1013.00	29.84	27.96	80.0	29.00	27.96	86.4	29.15	27.96	85.2	28.36	27.96	91.6
16/06/2018 7:27:32 PM	3611986052	1013.00	29.81	27.97	80.2	28.99	27.97	86.4	29.18	27.97	84.9	28.38	27.97	91.4
16/06/2018 7:27:33 PM	3611986053	1013.00	29.85	27.97	79.9	28.99	27.97	86.4	29.18	27.97	84.9	28.38	27.97	91.4
16/06/2018 7:27:34 PM	3611986054	1013.00	29.86	27.96	79.9	29.03	27.96	86.1	29.16	27.96	85.1	28.40	27.96	91.2
16/06/2018 7:27:35 PM	3611986055	1013.00	29.86	27.95	79.9	29.08	27.95	85.7	29.17	27.95	85.0	28.40	27.95	91.3
16/06/2018 7:27:36 PM	3611986056	1013.00	29.86	27.95	79.9	29.01	27.95	86.3	29.17	27.95	85.0	28.41	27.95	91.2
16/06/2018 7:27:37 PM	3611986057	1013.00	29.90	27.95	79.6	29.02	27.95	86.2	29.14	27.95	85.3	28.40	27.95	91.3
16/06/2018 7:27:38 PM	3611986058	1013.00	29.91	27.94	79.6	29.03	27.94	86.1	29.16	27.94	85.1	28.42	27.94	91.1
16/06/2018 7:27:39 PM	3611986059	1013.00	29.92	27.95	79.5	29.05	27.95	86.0	29.21	27.95	84.7	28.45	27.95	90.8
16/06/2018 7:27:40 PM	3611986060	1013.00	29.91	27.95	79.5	29.06	27.95	85.9	29.23	27.95	84.6	28.45	27.95	90.8
16/06/2018 7:27:41 PM	3611986061	1013.00	29.92	27.95	79.5	29.07	27.95	85.8	29.20	27.95	84.8	28.43	27.95	91.0
16/06/2018 7:27:42 PM	3611986062	1013.00	29.94	27.96	79.3	29.07	27.96	85.8	29.22	27.96	84.6	28.44	27.96	90.9
16/06/2018 7:27:43 PM	3611986063	1013.00	29.93	27.96	79.4	29.06	27.96	85.9	29.25	27.96	84.4	28.45	27.96	90.8
16/06/2018 7:27:44 PM	3611986064	1013.00	29.95	27.96	79.2	29.06	27.96	85.9	29.30	27.96	84.0	28.44	27.96	90.9
16/06/2018 7:27:45 PM	3611986065	1013.00	29.94	27.97	79.3	29.10	27.97	85.6	29.27	27.97	84.2	28.46	27.97	90.7
16/06/2018 7:27:46 PM	3611986066	1013.00	29.94	27.96	79.3	29.09	27.96	85.6	29.30	27.96	84.0	28.47	27.96	90.7
16/06/2018 7:27:47 PM	3611986067	1013.00	29.97	27.95	79.1	29.13	27.95	85.3	29.30	27.95	84.0	28.48	27.95	90.6
16/06/2018 7:27:48 PM	3611986068	1013.00	29.99	27.96	79.0	29.06	27.96	85.9	29.28	27.96	84.2	28.47	27.96	90.7
16/06/2018 7:27:49 PM	3611986069	1013.00	29.97	27.95	79.1	29.11	27.95	85.5	29.30	27.95	84.0	28.49	27.95	90.5
16/06/2018 7:27:50 PM	3611986070	1013.00	29.98	27.95	79.0	29.12	27.95	85.4	29.31	27.95	84.0	28.50	27.95	90.4
16/06/2018 7:27:51 PM	3611986071	1013.00	30.01	27.95	78.8	29.14	27.95	85.3	29.31	27.95	84.0	28.48	27.95	90.6
16/06/2018 7:27:52 PM	3611986072	1013.00	29.99	27.95	79.0	29.10	27.95	85.6	29.34	27.95	83.7	28.52	27.95	90.2
16/06/2018 7:27:53 PM	3611986073	1013.00	30.04	27.94	78.6	29.15	27.94	85.2	29.36	27.94	83.6	28.49	27.94	90.5
16/06/2018 7:27:54 PM	3611986074	1013.00	30.02	27.95	78.8	29.12	27.95	85.4	29.42	27.95	83.1	28.51	27.95	90.3
16/06/2018 7:27:55 PM	3611986075	1013.00	30.04	27.95	78.6	29.13	27.95	85.3	29.40	27.95	83.3	28.50	27.95	90.4
16/06/2018 7:27:56 PM	3611986076	1013.00	30.07	27.95	78.4	29.12	27.95	85.4	29.41	27.95	83.2	28.53	27.95	90.2
16/06/2018 7:27:57 PM	3611986077	1013.00	30.05	27.94	78.6	29.11	27.94	85.5	29.41	27.94	83.2	28.52	27.94	90.3
16/06/2018 7:27:58 PM	3611986078	1013.00	30.04	27.94	78.6	29.16	27.94	85.1	29.44	27.94	83.0	28.52	27.94	90.3
16/06/2018 7:27:59 PM	3611986079	1013.00	30.06	27.94	78.5	29.17	27.94	85.1	29.42	27.94	83.1	28.51	27.94	90.3
16/06/2018 7:28:00 PM	3611986080	1013.00	30.09	27.94	78.3	29.15	27.94	85.2	29.49	27.94	82.6	28.50	27.94	90.4
16/06/2018 7:28:01 PM	3611986081	1013.00	30.08	27.94	78.4	29.20	27.94	84.8	29.48	27.94	82.7	28.53	27.94	90.2
16/06/2018 7:28:02 PM	3611986082	1013.00	30.08	27.95	78.3	29.23	27.95	84.6	29.49	27.95	82.6	28.55	27.95	90.0
16/06/2018 7:28:03 PM	3611986083	1013.00	30.11	27.95	78.1	29.18	27.95	85.0	29.49	27.95	82.6	28.52	27.95	90.2
16/06/2018 7:28:04 PM	3611986084	1013.00	30.10	27.94	78.2	29.21	27.94	84.7	29.52	27.94	82.4	28.51	27.94	90.3
16/06/2018 7:28:05 PM	3611986085	1013.00	30.12	27.94	78.1	29.24	27.94	84.5	29.55	27.94	82.2	28.54	27.94	90.1
16/06/2018 7:28:06 PM	3611986086	1013.00	30.15	27.95	77.9	29.27	27.95	84.3	29.54	27.95	82.2	28.56	27.95	89.9
16/06/2018 7:28:07 PM	3611986087	1013.00	30.17	27.95	77.7	29.24	27.95	84.5	29.48	27.95	82.7	28.52	27.95	90.2
16/06/2018 7:28:08 PM	3611986088	1013.00	30.17	27.95	77.7	29.25	27.95	84.4	29.57	27.95	82.0	28.56	27.95	89.9
16/06/2018 7:28:09 PM	3611986089	1013.00	30.16	27.95	77.8	29.26	27.95	84.3	29.54	27.95	82.2	28.54	27.95	90.1
16/06/2018 7:28:10 PM	3611986090	1013.00	30.16	27.96	77.8	29.26	27.96	84.3	29.57	27.96	82.0	28.54	27.96	90.1
16/06/2018 7:28:11 PM	3611986091	1013.00	30.18	27.95	77.6	29.30	27.95	84.0	29.57	27.95	82.0	28.54	27.95	90.1
16/06/2018 7:28:12 PM	3611986092	1013.00	30.21	27.95	77.4	29.30	27.95	84.0	29.58	27.95	81.9	28.54	27.95	90.1
16/06/2018 7:28:13 PM	3611986093	1013.00	30.18	27.96	77.6	29.33	27.96	83.8	29.58	27.96	81.9	28.55	27.96	90.0
16/06/2018 7:28:14 PM	3611986094	1013.00	30.21	27.95	77.4	29.34	27.95	83.7	29.62	27.95	81.6	28.57	27.95	89.8
16/06/2018 7:28:15 PM	3611986095	1013.00	30.20	27.94	77.5	29.38	27.94	83.4	29.61	27.94	81.7	28.59	27.94	89.7
16/06/2018 7:28:16 PM	3611986096	1013.00	30.22	27.94	77.4	29.35	27.94	83.7	29.64	27.94	81.5	28.59	27.94	89.7
16/06/2018 7:28:17 PM	3611986097	1013.00	30.21	27.94	77.4	29.31	27.94	84.0	29.66	27.94	81.4	28.60	27.94	89.6
16/06/2018 7:28:18 PM	3611986098	1013.00	30.24	27.94	77.2	29.35	27.94	83.7	29.62	27.94	81.7	28.59	27.94	89.7
16/06/2018 7:28:19 PM	3611986099	1013.00	30.24	27.95	77.2	29.35	27.95	83.7	29.61	27.95	81.7	28.59	27.95	89.7
16/06/2018 7:28:20 PM	3611986100	1013.00	30.26	27.96	77.1	29.35	27.96	83.6	29.62	27.96	81.6	28.59	27.96	89.7
16/06/2018 7:28:21 PM	3611986101	1013.00	30.26	27.96	77.1	29.41	27.96	83.2	29.64	27.96	81.5	28.59	27.96	89.7
16/06/2018 7:28:22 PM	3611986102	1013.00	30.28	27.96	76.9	29.39	27.96	83.3	29.68	27.96	81.2	28.60	27.96	89.6
16/06/2018 7:28:23 PM	3611986103	1013.00	30.27	27.96	77.0	29.37	27.96	83.5	29.72	27.96	80.9	28.60	27.96	89.6
16/06/2018 7:28:24 PM	3611986104	1013.00	30.28	27.96	76.9	29.45	27.96	82.9	29.72	27.96	80.9	28.61	27.96	89.5
16/06/2018 7:28:25 PM	3611986105	1013.00	30.29	27.95	76.9	29.42	27.95	83.1	29.71	27.95	81.0	28.66	27.95	89.1
16/06/2018 7:28:26 PM	3611986106	1013.00	30.29	27.95	76.9	29.42	27.95	83.1	29.72	27.95	80.9	28.62	27.95	89.4
16/06/2018 7:28:27 PM	3611986107	1013.00	30.34	27.95	76.5	29.44	27.95	83.0	29.74	27.95	80.8	28.64	27.95	89.3
16/06/2018 7:28:28 PM	3611986108	1013.00	30.32	27.96	76.7	29.40	27.96	83.3	29.76	27.96	80.6	28.63	27.96	89.3
16/06/2018 7:28:29 PM	3611986109	1013.00	30.34	27.95	76.5	29.45	27.95	82.9	29.75	27.95	80.7	28.62	27.95	89.4
16/06/2018 7:28:30 PM	3611986110	1013.00	30.35	27.95	76.5	29.51	27.95	82.5	29.77	27.95	80.5	28.65	27.95	89.2
16/06/2018 7:28:31 PM	3611986111	1013.00	30.35	27.95	76.5	29.47	27.95	82.8	29.76	27.95	80.6	28.66	27.95	89.1
16/06/2018 7:28:32 PM	3611986112	1013.00	30.36	27.96	76.4	29.50	27.96	82.5	29.76	27.96	80.6	28.64	27.96	89.2
16/06/2018 7:28:33 PM	3611986113	1013.00	30.37	27.95	76.3	29.56	27.95	82.1	29.80	27.95	80.3	28.68	27.95	88.9
16/06/2018 7:28:34 PM	3611986114	1013.00	30.38	27.96	76.3	29.54	27.96	82.2	29.82	27.96	80.2	28.66	27.96	89.1
16/06/2018 7:28:35 PM	3611986115	1013.00	30.39	27.96	76.2	29.49	27.96	82.6	29.81	27.96	80.2	28.66	27.96	89.1
16/06/2018 7:28:36 PM	3611986116	1013.00	30.41	27.95	76.1	29.51	27.95	82.5	29.80	27.95	80.3	28.67	27.95	89.0
16/06/2018 7:28:37 PM	3611986117	1013.00	30.41	27.95	76.1	29.57	27.95	82.0	29.78	27.95	80.5	28.67	27.95	89.0
16/06/2018 7:28:38 PM	3611986118	1013.00	30.44	27.95	75.9	29.56	27.95	82.1	29.82	27.95	80.2	28.70	27.95	88.8
16/06/2018 7:28:39 PM	3611986119	1013.00	30.41	27.95	76.1	29.54	27.95	82.2	29.83	27.95	80.1	28.71	27.95	88.7
16/06/2018 7:28:40 PM	3611986120	1013.00	30.45	27.95	75.8	29.52	27.95	82.4	29.84	27.95	80.0	28.70	27.95	88.8
16/06/2018 7:28:41 PM	3611986121	1013.00	30.44	27.96	75.8	29.52	27.96	82.4	29.84	27.96	80.0	28.71	27.96	88.7
16/06/2018 7:28:42 PM	3611986122	1013.00	30.44	27.96	75.8	29.53	27.96	82.3	29.84	27.96	80.0	28.69	27.96	88.8
16/06/2018 7:28:43 PM	3611986123	1013.00	30.45	27.97	75.8	29.58	27.97	81.9	29.87	27.97	79.8	28.71	27.97	88.7
16/06/2018 7:28:44 PM	3611986124	1013.00	30.46	27.96	75.7	29.59	27.96	81.9	29.86	27.96	79.9	28.70	27.96	88.8
16/06/2018 7:28:45 PM	3611986125	1013.00	30.49	27.96	75.5	29.58	27.96	81.9	29.86	27.96	79.9	28.71	27.96	88.7
16/06/2018 7:28:46 PM	3611986126	1013.00	30.46	27.96	75.7	29.57	27.96	82.0	29.86	27.96	79.9	28.70	27.96	88.8
16/06/2018 7:28:47 PM	3611986127	1013.00	30.50	27.95	75.5	29.60	27.95	81.8	29.90	27.95	79.6	28.72	27.95	88.6
16/06/2018 7:28:48 PM	3611986128	1013.00	30.50	27.95	75.5	29.61	27.95	81.7	29.84	27.95	80.0	28.73	27.95	88.5
16/06/2018 7:28:49 PM	3611986129	1013.00	30.49	27.96	75.5	29.61	27.96	81.7	29.85	27.96	80.0	28.74	27.96	88.4
16/06/2018 7:28:50 PM	3611986130	1013.00	30.50	27.95	75.5	29.62	27.95	81.6	29.90	27.95	79.6	28.73	27.95	88.5
16/06/2018 7:28:51 PM	3611986131	1013.00	30.52	27.95	75.3	29.64	27.95	81.5	29.85	27.95	80.0	28.77	27.95	88.2
16/06/2018 7:28:52 PM	3611986132	1013.00	30.56	27.96	75.0	29.64	27.96	81.5	29.88	27.96	79.7	28.74	27.96	88.4
16/06/2018 7:28:53 PM	3611986133	1013.00	30.54	27.96	75.2	29.65	27.96	81.4	29.85	27.96	80.0	28.75	27.96	88.3
16/06/2018 7:28:54 PM	3611986134	1013.00	30.56	27.96	75.0	29.65	27.96	81.4	29.87	27.96	79.8	28.75	27.96	88.3
16/06/2018 7:28:55 PM	3611986135	1013.00	30.57	27.96	75.0	29.67	27.96	81.3	29.87	27.96	79.8	28.75	27.96	88.3
16/06/2018 7:28:56 PM	3611986136	1013.00	30.57	27.96	75.0	29.67	27.96	81.3	29.90	27.96	79.6	28.73	27.96	88.5
