Date & time of file creation	10/06/2018 8:22 PM													
Data file path	C:\Users\ameli\Desktop\Luke Strasiotto\10062018\Old_6.txt													
														
														
CALIBRATION DATA														
Parameter/Channel	N moving average	LO phase [r.U.]	HI phase [r.U.]	LO oxygen [%air saturation]	HI oxygen [%air saturation]	LO temperature [°C]	HI temperature [°C]	Salinity [‰]						
S WOT 0041 000001   , CH 1	1	59.67	27.50	0.00	100.00	27.64	27.66	0.000						
S WOT 0041 000001   , CH 2	1	59.67	27.50	0.00	100.00	27.64	27.66	0.000						
S WOT 0041 000001   , CH 3	1	59.67	27.50	0.00	100.00	27.30	27.66	0.000						
S WOT 0041 000001   , CH 4	1	59.67	27.50	0.00	100.00	27.64	27.66	0.000						
														
														
Date &Time [DD-MM-YYYY HH:MM:SS]	Time stamp code	Barometric pressure [hPa]	S WOT 0041 000001   , CH 1 phase [r.U.]	S WOT 0041 000001   , CH 1 temp [°C]	S WOT 0041 000001   , CH 1 O2 [% air saturation]	S WOT 0041 000001   , CH 2 phase [r.U.]	S WOT 0041 000001   , CH 2 temp [°C]	S WOT 0041 000001   , CH 2 O2 [% air saturation]	S WOT 0041 000001   , CH 3 phase [r.U.]	S WOT 0041 000001   , CH 3 temp [°C]	S WOT 0041 000001   , CH 3 O2 [% air saturation]	S WOT 0041 000001   , CH 4 phase [r.U.]	S WOT 0041 000001   , CH 4 temp [°C]	S WOT 0041 000001   , CH 4 O2 [% air saturation]
10/06/2018 8:22:51 PM	3611470971	1013.00	NaN	28.18	NaN	26.51	28.18	108.9	26.72	28.18	106.7	26.82	28.18	105.7
10/06/2018 8:22:52 PM	3611470972	1013.00	NaN	28.18	NaN	26.52	28.18	108.8	26.73	28.18	106.6	26.86	28.18	105.3
10/06/2018 8:22:53 PM	3611470973	1013.00	NaN	28.17	NaN	26.57	28.17	108.3	26.71	28.17	106.8	26.84	28.17	105.5
10/06/2018 8:22:54 PM	3611470974	1013.00	NaN	28.16	NaN	26.46	28.16	109.4	26.69	28.16	107.0	26.81	28.16	105.8
10/06/2018 8:22:55 PM	3611470975	1013.00	NaN	28.16	NaN	26.57	28.16	108.3	26.77	28.16	106.2	26.81	28.16	105.8
10/06/2018 8:22:56 PM	3611470976	1013.00	NaN	28.16	NaN	26.57	28.16	108.3	26.71	28.16	106.8	26.84	28.16	105.5
10/06/2018 8:22:57 PM	3611470977	1013.00	NaN	28.17	NaN	26.51	28.17	108.9	26.75	28.17	106.4	26.84	28.17	105.5
10/06/2018 8:22:58 PM	3611470978	1013.00	NaN	28.17	NaN	26.46	28.17	109.4	26.71	28.17	106.8	26.82	28.17	105.7
10/06/2018 8:22:59 PM	3611470979	1013.00	NaN	28.18	NaN	26.52	28.18	108.8	26.74	28.18	106.5	26.84	28.18	105.5
10/06/2018 8:23:00 PM	3611470980	1013.00	NaN	28.18	NaN	26.52	28.18	108.8	26.66	28.18	107.3	26.83	28.18	105.6
10/06/2018 8:23:01 PM	3611470981	1013.00	NaN	28.18	NaN	26.50	28.18	109.0	26.70	28.18	106.9	26.85	28.18	105.4
10/06/2018 8:23:02 PM	3611470982	1013.00	NaN	28.19	NaN	26.44	28.19	109.6	26.68	28.19	107.1	26.82	28.19	105.7
10/06/2018 8:23:03 PM	3611470983	1013.00	NaN	28.18	NaN	26.46	28.18	109.4	26.70	28.18	106.9	26.83	28.18	105.6
10/06/2018 8:23:04 PM	3611470984	1013.00	NaN	28.18	NaN	26.57	28.18	108.2	26.73	28.18	106.6	26.87	28.18	105.2
10/06/2018 8:23:05 PM	3611470985	1013.00	NaN	28.18	NaN	26.57	28.18	108.2	26.71	28.18	106.8	26.81	28.18	105.8
10/06/2018 8:23:06 PM	3611470986	1013.00	NaN	28.18	NaN	26.54	28.18	108.6	26.69	28.18	107.0	26.85	28.18	105.4
10/06/2018 8:23:07 PM	3611470987	1013.00	NaN	28.17	NaN	26.54	28.17	108.6	26.75	28.17	106.4	26.83	28.17	105.6
10/06/2018 8:23:08 PM	3611470988	1013.00	NaN	28.19	NaN	26.52	28.19	108.7	26.67	28.19	107.2	26.80	28.19	105.9
10/06/2018 8:23:09 PM	3611470989	1013.00	NaN	28.18	NaN	26.50	28.18	109.0	26.72	28.18	106.7	26.84	28.18	105.5
10/06/2018 8:23:10 PM	3611470990	1013.00	NaN	28.19	NaN	26.54	28.19	108.5	26.71	28.19	106.8	26.81	28.19	105.8
10/06/2018 8:23:11 PM	3611470991	1013.00	NaN	28.20	NaN	26.53	28.20	108.6	26.73	28.20	106.6	26.84	28.20	105.4
10/06/2018 8:23:12 PM	3611470992	1013.00	NaN	28.20	NaN	26.44	28.20	109.6	26.73	28.20	106.6	26.82	28.20	105.6
10/06/2018 8:23:13 PM	3611470993	1013.00	NaN	28.20	NaN	26.54	28.20	108.5	26.77	28.20	106.2	26.85	28.20	105.3
10/06/2018 8:23:14 PM	3611470994	1013.00	NaN	28.20	NaN	26.56	28.20	108.3	26.68	28.20	107.1	26.83	28.20	105.5
10/06/2018 8:23:15 PM	3611470995	1013.00	NaN	28.20	NaN	26.56	28.20	108.3	26.74	28.20	106.5	26.84	28.20	105.4
10/06/2018 8:23:16 PM	3611470996	1013.00	NaN	28.20	NaN	26.54	28.20	108.5	26.70	28.20	106.9	26.83	28.20	105.5
10/06/2018 8:23:17 PM	3611470997	1013.00	NaN	28.19	NaN	26.52	28.19	108.7	26.69	28.19	107.0	26.83	28.19	105.6
10/06/2018 8:23:18 PM	3611470998	1013.00	NaN	28.20	NaN	26.46	28.20	109.4	26.70	28.20	106.9	26.84	28.20	105.4
10/06/2018 8:23:19 PM	3611470999	1013.00	NaN	28.20	NaN	26.48	28.20	109.1	26.72	28.20	106.7	26.82	28.20	105.6
10/06/2018 8:23:20 PM	3611471000	1013.00	NaN	28.20	NaN	26.52	28.20	108.7	26.69	28.20	107.0	26.83	28.20	105.5
10/06/2018 8:23:21 PM	3611471001	1013.00	NaN	28.19	NaN	26.46	28.19	109.4	26.71	28.19	106.8	26.86	28.19	105.3
10/06/2018 8:23:22 PM	3611471002	1013.00	NaN	28.20	NaN	26.45	28.20	109.5	26.70	28.20	106.9	26.86	28.20	105.2
10/06/2018 8:23:23 PM	3611471003	1013.00	NaN	28.20	NaN	26.41	28.20	109.9	26.68	28.20	107.1	26.81	28.20	105.7
10/06/2018 8:23:24 PM	3611471004	1013.00	NaN	28.20	NaN	26.54	28.20	108.5	26.71	28.20	106.8	26.81	28.20	105.7
10/06/2018 8:23:25 PM	3611471005	1013.00	NaN	28.21	NaN	26.49	28.21	109.0	26.73	28.21	106.5	26.82	28.21	105.6
10/06/2018 8:23:26 PM	3611471006	1013.00	NaN	28.21	NaN	26.55	28.21	108.4	26.72	28.21	106.6	26.83	28.21	105.5
10/06/2018 8:23:27 PM	3611471007	1013.00	NaN	28.22	NaN	26.54	28.22	108.5	26.73	28.22	106.5	26.81	28.22	105.7
10/06/2018 8:23:28 PM	3611471008	1013.00	NaN	28.20	NaN	26.47	28.20	109.3	26.74	28.20	106.5	26.81	28.20	105.7
10/06/2018 8:23:29 PM	3611471009	1013.00	NaN	28.21	NaN	26.56	28.21	108.3	26.75	28.21	106.3	26.85	28.21	105.3
10/06/2018 8:23:30 PM	3611471010	1013.00	NaN	28.21	NaN	26.58	28.21	108.1	26.73	28.21	106.5	26.82	28.21	105.6
10/06/2018 8:23:31 PM	3611471011	1013.00	NaN	28.20	NaN	26.54	28.20	108.5	26.72	28.20	106.7	26.82	28.20	105.6
10/06/2018 8:23:32 PM	3611471012	1013.00	NaN	28.20	NaN	26.49	28.20	109.0	26.70	28.20	106.9	26.85	28.20	105.3
10/06/2018 8:23:33 PM	3611471013	1013.00	NaN	28.20	NaN	26.50	28.20	108.9	26.79	28.20	106.0	26.83	28.20	105.5
10/06/2018 8:23:34 PM	3611471014	1013.00	NaN	28.21	NaN	26.56	28.21	108.3	26.75	28.21	106.3	26.84	28.21	105.4
10/06/2018 8:23:35 PM	3611471015	1013.00	NaN	28.21	NaN	26.54	28.21	108.5	26.75	28.21	106.3	26.86	28.21	105.2
10/06/2018 8:23:36 PM	3611471016	1013.00	NaN	28.20	NaN	26.52	28.20	108.7	26.75	28.20	106.4	26.83	28.20	105.5
10/06/2018 8:23:37 PM	3611471017	1013.00	NaN	28.20	NaN	26.51	28.20	108.8	26.74	28.20	106.5	26.81	28.20	105.7
10/06/2018 8:23:38 PM	3611471018	1013.00	NaN	28.21	NaN	26.55	28.21	108.4	26.74	28.21	106.4	26.83	28.21	105.5
10/06/2018 8:23:39 PM	3611471019	1013.00	NaN	28.20	NaN	26.49	28.20	109.0	26.76	28.20	106.3	26.85	28.20	105.3
10/06/2018 8:23:40 PM	3611471020	1013.00	NaN	28.21	NaN	26.60	28.21	107.9	26.77	28.21	106.1	26.85	28.21	105.3
10/06/2018 8:23:41 PM	3611471021	1013.00	NaN	28.23	NaN	26.55	28.23	108.4	26.74	28.23	106.4	26.84	28.23	105.4
10/06/2018 8:23:42 PM	3611471022	1013.00	NaN	28.23	NaN	26.49	28.23	109.0	26.80	28.23	105.8	26.84	28.23	105.4
10/06/2018 8:23:43 PM	3611471023	1013.00	NaN	28.23	NaN	26.52	28.23	108.7	26.79	28.23	105.9	26.84	28.23	105.4
10/06/2018 8:23:44 PM	3611471024	1013.00	NaN	28.23	NaN	26.54	28.23	108.5	26.75	28.23	106.3	26.84	28.23	105.4
10/06/2018 8:23:45 PM	3611471025	1013.00	NaN	28.23	NaN	26.58	28.23	108.0	26.78	28.23	106.0	26.87	28.23	105.1
10/06/2018 8:23:46 PM	3611471026	1013.00	NaN	28.22	NaN	26.43	28.22	109.6	26.78	28.22	106.0	26.84	28.22	105.4
10/06/2018 8:23:47 PM	3611471027	1013.00	NaN	28.22	NaN	26.47	28.22	109.2	26.75	28.22	106.3	26.84	28.22	105.4
10/06/2018 8:23:48 PM	3611471028	1013.00	NaN	28.23	NaN	26.47	28.23	109.2	26.76	28.23	106.2	26.82	28.23	105.6
10/06/2018 8:23:49 PM	3611471029	1013.00	NaN	28.22	NaN	26.57	28.22	108.2	26.77	28.22	106.1	26.80	28.22	105.8
10/06/2018 8:23:50 PM	3611471030	1013.00	NaN	28.22	NaN	26.53	28.22	108.6	26.79	28.22	105.9	26.84	28.22	105.4
10/06/2018 8:23:51 PM	3611471031	1013.00	NaN	28.22	NaN	26.54	28.22	108.5	26.78	28.22	106.0	26.86	28.22	105.2
10/06/2018 8:23:52 PM	3611471032	1013.00	NaN	28.22	NaN	26.53	28.22	108.6	26.76	28.22	106.2	26.83	28.22	105.5
10/06/2018 8:23:53 PM	3611471033	1013.00	NaN	28.22	NaN	26.49	28.22	109.0	26.78	28.22	106.0	26.85	28.22	105.3
10/06/2018 8:23:54 PM	3611471034	1013.00	NaN	28.22	NaN	26.50	28.22	108.9	26.75	28.22	106.3	26.84	28.22	105.4
10/06/2018 8:23:55 PM	3611471035	1013.00	NaN	28.22	NaN	26.59	28.22	108.0	26.79	28.22	105.9	26.81	28.22	105.7
10/06/2018 8:23:56 PM	3611471036	1013.00	NaN	28.23	NaN	26.49	28.23	109.0	26.81	28.23	105.7	26.85	28.23	105.3
10/06/2018 8:23:57 PM	3611471037	1013.00	NaN	28.23	NaN	26.52	28.23	108.7	26.83	28.23	105.5	26.84	28.23	105.4
10/06/2018 8:23:58 PM	3611471038	1013.00	NaN	28.23	NaN	26.46	28.23	109.3	26.83	28.23	105.5	26.82	28.23	105.6
10/06/2018 8:23:59 PM	3611471039	1013.00	NaN	28.23	NaN	26.55	28.23	108.4	26.82	28.23	105.6	26.85	28.23	105.3
10/06/2018 8:24:00 PM	3611471040	1013.00	NaN	28.24	NaN	26.59	28.24	107.9	26.85	28.24	105.3	26.84	28.24	105.4
10/06/2018 8:24:01 PM	3611471041	1013.00	NaN	28.23	NaN	26.53	28.23	108.6	26.86	28.23	105.2	26.85	28.23	105.3
10/06/2018 8:24:02 PM	3611471042	1013.00	NaN	28.23	NaN	26.61	28.23	107.7	26.81	28.23	105.7	26.83	28.23	105.5
10/06/2018 8:24:03 PM	3611471043	1013.00	NaN	28.24	NaN	26.58	28.24	108.0	26.84	28.24	105.4	26.85	28.24	105.3
10/06/2018 8:24:04 PM	3611471044	1013.00	NaN	28.24	NaN	26.68	28.24	107.0	26.80	28.24	105.8	26.83	28.24	105.5
10/06/2018 8:24:05 PM	3611471045	1013.00	NaN	28.23	NaN	26.55	28.23	108.4	26.82	28.23	105.6	26.85	28.23	105.3
10/06/2018 8:24:06 PM	3611471046	1013.00	NaN	28.23	NaN	26.60	28.23	107.8	26.85	28.23	105.3	26.83	28.23	105.5
10/06/2018 8:24:07 PM	3611471047	1013.00	NaN	28.23	NaN	26.59	28.23	107.9	26.82	28.23	105.6	26.80	28.23	105.8
10/06/2018 8:24:08 PM	3611471048	1013.00	NaN	28.24	NaN	26.45	28.24	109.4	26.87	28.24	105.1	26.85	28.24	105.3
10/06/2018 8:24:09 PM	3611471049	1013.00	NaN	28.24	NaN	26.56	28.24	108.2	26.86	28.24	105.2	26.83	28.24	105.5
10/06/2018 8:24:10 PM	3611471050	1013.00	NaN	28.25	NaN	26.62	28.25	107.6	26.82	28.25	105.6	26.80	28.25	105.8
10/06/2018 8:24:11 PM	3611471051	1013.00	NaN	28.25	NaN	26.57	28.25	108.1	26.89	28.25	104.9	26.85	28.25	105.3
10/06/2018 8:24:12 PM	3611471052	1013.00	NaN	28.25	NaN	26.61	28.25	107.7	26.84	28.25	105.4	26.84	28.25	105.4
10/06/2018 8:24:13 PM	3611471053	1013.00	NaN	28.25	NaN	26.56	28.25	108.2	26.86	28.25	105.2	26.86	28.25	105.2
10/06/2018 8:24:14 PM	3611471054	1013.00	NaN	28.25	NaN	26.50	28.25	108.8	26.86	28.25	105.2	26.85	28.25	105.3
10/06/2018 8:24:15 PM	3611471055	1013.00	NaN	28.25	NaN	26.56	28.25	108.2	26.85	28.25	105.3	26.84	28.25	105.4
10/06/2018 8:24:16 PM	3611471056	1013.00	NaN	28.25	NaN	26.53	28.25	108.5	26.83	28.25	105.5	26.84	28.25	105.4
10/06/2018 8:24:17 PM	3611471057	1013.00	NaN	28.25	NaN	26.56	28.25	108.2	26.82	28.25	105.6	26.84	28.25	105.4
10/06/2018 8:24:18 PM	3611471058	1013.00	NaN	28.24	NaN	26.63	28.24	107.5	26.87	28.24	105.1	26.84	28.24	105.4
10/06/2018 8:24:19 PM	3611471059	1013.00	NaN	28.25	NaN	26.59	28.25	107.9	26.85	28.25	105.3	26.81	28.25	105.7
10/06/2018 8:24:20 PM	3611471060	1013.00	NaN	28.25	NaN	26.56	28.25	108.2	26.87	28.25	105.1	26.86	28.25	105.2
10/06/2018 8:24:21 PM	3611471061	1013.00	NaN	28.25	NaN	26.59	28.25	107.9	26.87	28.25	105.1	26.88	28.25	105.0
10/06/2018 8:24:22 PM	3611471062	1013.00	NaN	28.26	NaN	26.61	28.26	107.7	26.86	28.26	105.1	26.85	28.26	105.2
10/06/2018 8:24:23 PM	3611471063	1013.00	NaN	28.26	NaN	26.54	28.26	108.4	26.86	28.26	105.1	26.87	28.26	105.0
10/06/2018 8:24:24 PM	3611471064	1013.00	NaN	28.25	NaN	26.61	28.25	107.7	26.85	28.25	105.3	26.86	28.25	105.2
10/06/2018 8:24:25 PM	3611471065	1013.00	NaN	28.26	NaN	26.59	28.26	107.9	26.92	28.26	104.5	26.85	28.26	105.2
10/06/2018 8:24:26 PM	3611471066	1013.00	NaN	28.26	NaN	26.56	28.26	108.2	26.92	28.26	104.5	26.87	28.26	105.0
10/06/2018 8:24:27 PM	3611471067	1013.00	NaN	28.25	NaN	26.62	28.25	107.6	26.96	28.25	104.2	26.84	28.25	105.4
10/06/2018 8:24:28 PM	3611471068	1013.00	NaN	28.25	NaN	26.58	28.25	108.0	26.93	28.25	104.5	26.87	28.25	105.1
10/06/2018 8:24:29 PM	3611471069	1013.00	NaN	28.26	NaN	26.61	28.26	107.7	26.91	28.26	104.6	26.86	28.26	105.1
10/06/2018 8:24:30 PM	3611471070	1013.00	NaN	28.26	NaN	26.61	28.26	107.7	27.00	28.26	103.7	26.86	28.26	105.1
10/06/2018 8:24:31 PM	3611471071	1013.00	NaN	28.27	NaN	26.65	28.27	107.2	26.97	28.27	104.0	26.89	28.27	104.8
10/06/2018 8:24:32 PM	3611471072	1013.00	NaN	28.28	NaN	26.67	28.28	107.0	26.94	28.28	104.3	26.89	28.28	104.8
10/06/2018 8:24:33 PM	3611471073	1013.00	NaN	28.28	NaN	26.49	28.28	108.9	26.95	28.28	104.2	26.90	28.28	104.7
10/06/2018 8:24:34 PM	3611471074	1013.00	NaN	28.28	NaN	26.61	28.28	107.6	26.94	28.28	104.3	26.92	28.28	104.5
10/06/2018 8:24:35 PM	3611471075	1013.00	NaN	28.28	NaN	26.56	28.28	108.2	26.99	28.28	103.8	26.88	28.28	104.9
10/06/2018 8:24:36 PM	3611471076	1013.00	NaN	28.28	NaN	26.55	28.28	108.3	27.00	28.28	103.7	26.87	28.28	105.0
10/06/2018 8:24:37 PM	3611471077	1013.00	NaN	28.27	NaN	26.58	28.27	108.0	26.98	28.27	103.9	26.89	28.27	104.8
10/06/2018 8:24:38 PM	3611471078	1013.00	NaN	28.28	NaN	26.64	28.28	107.3	27.03	28.28	103.4	26.91	28.28	104.6
10/06/2018 8:24:39 PM	3611471079	1013.00	NaN	28.28	NaN	26.62	28.28	107.5	27.00	28.28	103.7	26.92	28.28	104.5
10/06/2018 8:24:40 PM	3611471080	1013.00	NaN	28.28	NaN	26.64	28.28	107.3	26.99	28.28	103.8	26.94	28.28	104.3
10/06/2018 8:24:41 PM	3611471081	1013.00	NaN	28.28	NaN	26.53	28.28	108.5	27.00	28.28	103.7	26.92	28.28	104.5
10/06/2018 8:24:42 PM	3611471082	1013.00	NaN	28.28	NaN	26.53	28.28	108.5	26.99	28.28	103.8	26.90	28.28	104.7
10/06/2018 8:24:43 PM	3611471083	1013.00	NaN	28.28	NaN	26.57	28.28	108.1	26.98	28.28	103.9	26.93	28.28	104.4
10/06/2018 8:24:44 PM	3611471084	1013.00	NaN	28.28	NaN	26.54	28.28	108.4	27.03	28.28	103.4	26.89	28.28	104.8
10/06/2018 8:24:45 PM	3611471085	1013.00	NaN	28.28	NaN	26.58	28.28	108.0	27.02	28.28	103.5	26.96	28.28	104.1
10/06/2018 8:24:46 PM	3611471086	1013.00	NaN	28.28	NaN	26.64	28.28	107.3	27.07	28.28	103.0	26.95	28.28	104.2
10/06/2018 8:24:47 PM	3611471087	1013.00	NaN	28.28	NaN	26.61	28.28	107.6	27.02	28.28	103.5	26.95	28.28	104.2
10/06/2018 8:24:48 PM	3611471088	1013.00	NaN	28.28	NaN	26.70	28.28	106.7	27.01	28.28	103.6	26.95	28.28	104.2
10/06/2018 8:24:49 PM	3611471089	1013.00	NaN	28.28	NaN	26.66	28.28	107.1	27.01	28.28	103.6	26.95	28.28	104.2
10/06/2018 8:24:50 PM	3611471090	1013.00	NaN	28.29	NaN	26.63	28.29	107.4	27.02	28.29	103.5	26.96	28.29	104.1
10/06/2018 8:24:51 PM	3611471091	1013.00	NaN	28.29	NaN	26.62	28.29	107.5	26.99	28.29	103.8	26.98	28.29	103.9
10/06/2018 8:24:52 PM	3611471092	1013.00	NaN	28.29	NaN	26.55	28.29	108.2	27.00	28.29	103.7	26.96	28.29	104.1
10/06/2018 8:24:53 PM	3611471093	1013.00	NaN	28.30	NaN	26.56	28.30	108.1	27.04	28.30	103.3	26.98	28.30	103.9
10/06/2018 8:24:54 PM	3611471094	1013.00	NaN	28.31	NaN	26.57	28.31	108.0	27.04	28.31	103.3	26.96	28.31	104.0
10/06/2018 8:24:55 PM	3611471095	1013.00	NaN	28.31	NaN	26.60	28.31	107.7	27.06	28.31	103.1	27.02	28.31	103.5
10/06/2018 8:24:56 PM	3611471096	1013.00	NaN	28.30	NaN	26.55	28.30	108.2	27.05	28.30	103.2	26.99	28.30	103.8
10/06/2018 8:24:57 PM	3611471097	1013.00	NaN	28.30	NaN	26.65	28.30	107.2	27.05	28.30	103.2	27.00	28.30	103.7
10/06/2018 8:24:58 PM	3611471098	1013.00	NaN	28.31	NaN	26.61	28.31	107.6	27.04	28.31	103.3	27.03	28.31	103.4
10/06/2018 8:24:59 PM	3611471099	1013.00	NaN	28.29	NaN	26.54	28.29	108.3	27.06	28.29	103.1	27.02	28.29	103.5
10/06/2018 8:25:00 PM	3611471100	1013.00	NaN	28.29	NaN	26.50	28.29	108.8	27.04	28.29	103.3	27.00	28.29	103.7
10/06/2018 8:25:01 PM	3611471101	1013.00	NaN	28.29	NaN	26.59	28.29	107.8	27.07	28.29	103.0	27.03	28.29	103.4
10/06/2018 8:25:02 PM	3611471102	1013.00	NaN	28.29	NaN	26.63	28.29	107.4	27.08	28.29	102.9	27.01	28.29	103.6
10/06/2018 8:25:03 PM	3611471103	1013.00	NaN	28.29	NaN	26.60	28.29	107.7	27.04	28.29	103.3	27.03	28.29	103.4
10/06/2018 8:25:04 PM	3611471104	1013.00	NaN	28.30	NaN	26.65	28.30	107.2	27.09	28.30	102.8	27.03	28.30	103.4
10/06/2018 8:25:05 PM	3611471105	1013.00	NaN	28.30	NaN	26.58	28.30	107.9	27.10	28.30	102.7	27.02	28.30	103.5
10/06/2018 8:25:06 PM	3611471106	1013.00	NaN	28.31	NaN	26.61	28.31	107.6	27.10	28.31	102.7	27.03	28.31	103.4
10/06/2018 8:25:07 PM	3611471107	1013.00	NaN	28.31	NaN	26.57	28.31	108.0	27.11	28.31	102.6	27.04	28.31	103.3
10/06/2018 8:25:08 PM	3611471108	1013.00	NaN	28.31	NaN	26.68	28.31	106.9	27.07	28.31	103.0	27.05	28.31	103.2
10/06/2018 8:25:09 PM	3611471109	1013.00	NaN	28.31	NaN	26.58	28.31	107.9	27.15	28.31	102.2	27.04	28.31	103.3
10/06/2018 8:25:10 PM	3611471110	1013.00	NaN	28.31	NaN	26.61	28.31	107.6	27.13	28.31	102.4	27.06	28.31	103.1
10/06/2018 8:25:11 PM	3611471111	1013.00	NaN	28.31	NaN	26.63	28.31	107.4	27.13	28.31	102.4	27.05	28.31	103.2
10/06/2018 8:25:12 PM	3611471112	1013.00	NaN	28.31	NaN	26.68	28.31	106.9	27.11	28.31	102.6	27.05	28.31	103.2
10/06/2018 8:25:13 PM	3611471113	1013.00	NaN	28.31	NaN	26.60	28.31	107.7	27.16	28.31	102.1	27.06	28.31	103.1
10/06/2018 8:25:14 PM	3611471114	1013.00	NaN	28.31	NaN	26.58	28.31	107.9	27.17	28.31	102.0	27.07	28.31	103.0
10/06/2018 8:25:15 PM	3611471115	1013.00	NaN	28.31	NaN	26.55	28.31	108.2	27.15	28.31	102.2	27.08	28.31	102.9
10/06/2018 8:25:16 PM	3611471116	1013.00	NaN	28.31	NaN	26.68	28.31	106.9	27.16	28.31	102.1	27.08	28.31	102.9
10/06/2018 8:25:17 PM	3611471117	1013.00	NaN	28.32	NaN	26.70	28.32	106.6	27.17	28.32	102.0	27.08	28.32	102.9
10/06/2018 8:25:18 PM	3611471118	1013.00	NaN	28.31	NaN	26.77	28.31	105.9	27.17	28.31	102.0	27.07	28.31	103.0
10/06/2018 8:25:19 PM	3611471119	1013.00	NaN	28.32	NaN	26.64	28.32	107.3	27.18	28.32	101.9	27.06	28.32	103.0
10/06/2018 8:25:20 PM	3611471120	1013.00	NaN	28.32	NaN	26.68	28.32	106.8	27.18	28.32	101.9	27.07	28.32	102.9
10/06/2018 8:25:21 PM	3611471121	1013.00	NaN	28.31	NaN	26.67	28.31	107.0	27.17	28.31	102.0	27.07	28.31	103.0
10/06/2018 8:25:22 PM	3611471122	1013.00	NaN	28.31	NaN	26.65	28.31	107.2	27.15	28.31	102.2	27.08	28.31	102.9
10/06/2018 8:25:23 PM	3611471123	1013.00	NaN	28.32	NaN	26.68	28.32	106.8	27.21	28.32	101.6	27.07	28.32	102.9
10/06/2018 8:25:24 PM	3611471124	1013.00	NaN	28.32	NaN	26.64	28.32	107.3	27.22	28.32	101.5	27.08	28.32	102.9
10/06/2018 8:25:25 PM	3611471125	1013.00	NaN	28.32	NaN	26.66	28.32	107.1	27.21	28.32	101.6	27.09	28.32	102.8
10/06/2018 8:25:26 PM	3611471126	1013.00	NaN	28.32	NaN	26.72	28.32	106.4	27.22	28.32	101.5	27.07	28.32	102.9
10/06/2018 8:25:27 PM	3611471127	1013.00	NaN	28.32	NaN	26.65	28.32	107.2	27.26	28.32	101.1	27.09	28.32	102.8
10/06/2018 8:25:28 PM	3611471128	1013.00	NaN	28.32	NaN	26.64	28.32	107.3	27.23	28.32	101.4	27.08	28.32	102.9
10/06/2018 8:25:29 PM	3611471129	1013.00	NaN	28.32	NaN	26.66	28.32	107.1	27.24	28.32	101.3	27.10	28.32	102.7
10/06/2018 8:25:30 PM	3611471130	1013.00	NaN	28.31	NaN	26.61	28.31	107.6	27.25	28.31	101.2	27.09	28.31	102.8
10/06/2018 8:25:31 PM	3611471131	1013.00	NaN	28.32	NaN	26.75	28.32	106.1	27.21	28.32	101.6	27.11	28.32	102.6
10/06/2018 8:25:32 PM	3611471132	1013.00	NaN	28.32	NaN	26.72	28.32	106.4	27.27	28.32	101.0	27.11	28.32	102.6
10/06/2018 8:25:33 PM	3611471133	1013.00	NaN	28.31	NaN	26.65	28.31	107.2	27.23	28.31	101.4	27.10	28.31	102.7
10/06/2018 8:25:34 PM	3611471134	1013.00	NaN	28.32	NaN	26.62	28.32	107.5	27.29	28.32	100.8	27.08	28.32	102.9
10/06/2018 8:25:35 PM	3611471135	1013.00	NaN	28.31	NaN	26.67	28.31	107.0	27.30	28.31	100.7	27.12	28.31	102.5
10/06/2018 8:25:36 PM	3611471136	1013.00	NaN	28.32	NaN	26.70	28.32	106.6	27.26	28.32	101.1	27.09	28.32	102.8
10/06/2018 8:25:37 PM	3611471137	1013.00	NaN	28.32	NaN	26.62	28.32	107.5	27.28	28.32	100.9	27.09	28.32	102.8
10/06/2018 8:25:38 PM	3611471138	1013.00	NaN	28.32	NaN	26.71	28.32	106.5	27.30	28.32	100.7	27.10	28.32	102.7
10/06/2018 8:25:39 PM	3611471139	1013.00	NaN	28.32	NaN	26.73	28.32	106.3	27.24	28.32	101.3	27.12	28.32	102.5
10/06/2018 8:25:40 PM	3611471140	1013.00	NaN	28.32	NaN	26.65	28.32	107.2	27.26	28.32	101.1	27.11	28.32	102.6
10/06/2018 8:25:41 PM	3611471141	1013.00	NaN	28.32	NaN	26.75	28.32	106.1	27.31	28.32	100.6	27.11	28.32	102.6
10/06/2018 8:25:42 PM	3611471142	1013.00	NaN	28.33	NaN	26.66	28.33	107.0	27.28	28.33	100.9	27.11	28.33	102.5
10/06/2018 8:25:43 PM	3611471143	1013.00	NaN	28.33	NaN	26.62	28.33	107.4	27.28	28.33	100.9	27.12	28.33	102.4
10/06/2018 8:25:44 PM	3611471144	1013.00	NaN	28.33	NaN	26.64	28.33	107.2	27.31	28.33	100.6	27.12	28.33	102.4
10/06/2018 8:25:45 PM	3611471145	1013.00	NaN	28.33	NaN	26.64	28.33	107.2	27.30	28.33	100.7	27.10	28.33	102.6
10/06/2018 8:25:46 PM	3611471146	1013.00	NaN	28.32	NaN	26.74	28.32	106.2	27.35	28.32	100.3	27.11	28.32	102.6
10/06/2018 8:25:47 PM	3611471147	1013.00	NaN	28.32	NaN	26.71	28.32	106.5	27.34	28.32	100.4	27.12	28.32	102.5
10/06/2018 8:25:48 PM	3611471148	1013.00	NaN	28.33	NaN	26.71	28.33	106.5	27.34	28.33	100.3	27.11	28.33	102.5
10/06/2018 8:25:49 PM	3611471149	1013.00	NaN	28.33	NaN	26.67	28.33	106.9	27.35	28.33	100.2	27.13	28.33	102.3
10/06/2018 8:25:50 PM	3611471150	1013.00	NaN	28.33	NaN	26.79	28.33	105.7	27.40	28.33	99.8	27.12	28.33	102.4
10/06/2018 8:25:51 PM	3611471151	1013.00	NaN	28.33	NaN	26.64	28.33	107.2	27.38	28.33	100.0	27.11	28.33	102.5
10/06/2018 8:25:52 PM	3611471152	1013.00	NaN	28.32	NaN	26.75	28.32	106.1	27.44	28.32	99.4	27.14	28.32	102.3
10/06/2018 8:25:53 PM	3611471153	1013.00	NaN	28.32	NaN	26.67	28.32	106.9	27.47	28.32	99.1	27.13	28.32	102.4
10/06/2018 8:25:54 PM	3611471154	1013.00	NaN	28.32	NaN	26.80	28.32	105.6	27.46	28.32	99.2	27.13	28.32	102.4
10/06/2018 8:25:55 PM	3611471155	1013.00	NaN	28.32	NaN	26.77	28.32	105.9	27.45	28.32	99.3	27.18	28.32	101.9
10/06/2018 8:25:56 PM	3611471156	1013.00	NaN	28.32	NaN	26.74	28.32	106.2	27.48	28.32	99.0	27.17	28.32	102.0
10/06/2018 8:25:57 PM	3611471157	1013.00	NaN	28.33	NaN	26.68	28.33	106.8	27.48	28.33	99.0	27.13	28.33	102.3
10/06/2018 8:25:58 PM	3611471158	1013.00	NaN	28.33	NaN	26.71	28.33	106.5	27.50	28.33	98.8	27.13	28.33	102.3
10/06/2018 8:25:59 PM	3611471159	1013.00	NaN	28.33	NaN	26.69	28.33	106.7	27.54	28.33	98.5	27.14	28.33	102.2
10/06/2018 8:26:00 PM	3611471160	1013.00	NaN	28.33	NaN	26.63	28.33	107.3	27.48	28.33	99.0	27.14	28.33	102.2
10/06/2018 8:26:01 PM	3611471161	1013.00	NaN	28.33	NaN	26.68	28.33	106.8	27.50	28.33	98.8	27.14	28.33	102.2
10/06/2018 8:26:02 PM	3611471162	1013.00	NaN	28.33	NaN	26.77	28.33	105.9	27.54	28.33	98.5	27.17	28.33	102.0
10/06/2018 8:26:03 PM	3611471163	1013.00	NaN	28.33	NaN	26.76	28.33	106.0	27.44	28.33	99.4	27.18	28.33	101.9
10/06/2018 8:26:04 PM	3611471164	1013.00	NaN	28.34	NaN	26.70	28.34	106.6	27.51	28.34	98.7	27.13	28.34	102.3
10/06/2018 8:26:05 PM	3611471165	1013.00	NaN	28.33	NaN	26.70	28.33	106.6	27.51	28.33	98.7	27.13	28.33	102.3
10/06/2018 8:26:06 PM	3611471166	1013.00	NaN	28.33	NaN	26.71	28.33	106.5	27.48	28.33	99.0	27.15	28.33	102.2
10/06/2018 8:26:07 PM	3611471167	1013.00	NaN	28.32	NaN	26.66	28.32	107.1	27.48	28.32	99.0	27.15	28.32	102.2
10/06/2018 8:26:08 PM	3611471168	1013.00	NaN	28.32	NaN	26.82	28.32	105.4	27.53	28.32	98.6	27.15	28.32	102.2
10/06/2018 8:26:09 PM	3611471169	1013.00	NaN	28.32	NaN	26.71	28.32	106.5	27.49	28.32	98.9	27.18	28.32	101.9
10/06/2018 8:26:10 PM	3611471170	1013.00	NaN	28.33	NaN	26.77	28.33	105.9	27.55	28.33	98.4	27.20	28.33	101.7
10/06/2018 8:26:11 PM	3611471171	1013.00	NaN	28.33	NaN	26.70	28.33	106.6	27.54	28.33	98.5	27.16	28.33	102.1
10/06/2018 8:26:12 PM	3611471172	1013.00	NaN	28.33	NaN	26.68	28.33	106.8	27.55	28.33	98.4	27.16	28.33	102.1
10/06/2018 8:26:13 PM	3611471173	1013.00	NaN	28.33	NaN	26.71	28.33	106.5	27.52	28.33	98.6	27.15	28.33	102.2
10/06/2018 8:26:14 PM	3611471174	1013.00	NaN	28.33	NaN	26.67	28.33	106.9	27.51	28.33	98.7	27.16	28.33	102.1
10/06/2018 8:26:15 PM	3611471175	1013.00	NaN	28.33	NaN	26.72	28.33	106.4	27.51	28.33	98.7	27.18	28.33	101.9
10/06/2018 8:26:16 PM	3611471176	1013.00	NaN	28.33	NaN	26.76	28.33	106.0	27.53	28.33	98.6	27.15	28.33	102.2
10/06/2018 8:26:17 PM	3611471177	1013.00	NaN	28.33	NaN	26.84	28.33	105.2	27.51	28.33	98.7	27.15	28.33	102.2
10/06/2018 8:26:18 PM	3611471178	1013.00	NaN	28.32	NaN	26.72	28.32	106.4	27.55	28.32	98.4	27.18	28.32	101.9
10/06/2018 8:26:19 PM	3611471179	1013.00	NaN	28.33	NaN	26.69	28.33	106.7	27.54	28.33	98.5	27.17	28.33	102.0
10/06/2018 8:26:20 PM	3611471180	1013.00	NaN	28.33	NaN	26.76	28.33	106.0	27.58	28.33	98.1	27.15	28.33	102.2
10/06/2018 8:26:21 PM	3611471181	1013.00	NaN	28.34	NaN	26.77	28.34	105.9	27.52	28.34	98.6	27.17	28.34	101.9
10/06/2018 8:26:22 PM	3611471182	1013.00	NaN	28.34	NaN	26.78	28.34	105.8	27.59	28.34	98.0	27.18	28.34	101.8
10/06/2018 8:26:23 PM	3611471183	1013.00	NaN	28.34	NaN	26.80	28.34	105.6	27.61	28.34	97.8	27.19	28.34	101.7
10/06/2018 8:26:24 PM	3611471184	1013.00	NaN	28.34	NaN	26.76	28.34	106.0	27.58	28.34	98.1	27.20	28.34	101.7
10/06/2018 8:26:25 PM	3611471185	1013.00	NaN	28.35	NaN	26.69	28.35	106.7	27.64	28.35	97.5	27.16	28.35	102.0
10/06/2018 8:26:26 PM	3611471186	1013.00	NaN	28.35	NaN	26.78	28.35	105.8	27.56	28.35	98.2	27.15	28.35	102.1
10/06/2018 8:26:27 PM	3611471187	1013.00	NaN	28.34	NaN	26.74	28.34	106.2	27.62	28.34	97.7	27.19	28.34	101.7
10/06/2018 8:26:28 PM	3611471188	1013.00	NaN	28.34	NaN	26.87	28.34	104.9	27.58	28.34	98.1	27.15	28.34	102.1
10/06/2018 8:26:29 PM	3611471189	1013.00	NaN	28.35	NaN	26.76	28.35	106.0	27.64	28.35	97.5	27.20	28.35	101.6
10/06/2018 8:26:30 PM	3611471190	1013.00	NaN	28.35	NaN	26.86	28.35	105.0	27.61	28.35	97.8	27.18	28.35	101.8
10/06/2018 8:26:31 PM	3611471191	1013.00	NaN	28.34	NaN	26.73	28.34	106.3	27.60	28.34	97.9	27.19	28.34	101.7
10/06/2018 8:26:32 PM	3611471192	1013.00	NaN	28.35	NaN	26.71	28.35	106.5	27.63	28.35	97.6	27.17	28.35	101.9
10/06/2018 8:26:33 PM	3611471193	1013.00	NaN	28.34	NaN	26.79	28.34	105.7	27.60	28.34	97.9	27.21	28.34	101.6
10/06/2018 8:26:34 PM	3611471194	1013.00	NaN	28.34	NaN	26.78	28.34	105.8	27.61	28.34	97.8	27.23	28.34	101.4
10/06/2018 8:26:35 PM	3611471195	1013.00	NaN	28.34	NaN	26.81	28.34	105.5	27.65	28.34	97.4	27.19	28.34	101.7
10/06/2018 8:26:36 PM	3611471196	1013.00	NaN	28.35	NaN	26.67	28.35	106.9	27.63	28.35	97.6	27.22	28.35	101.4
10/06/2018 8:26:37 PM	3611471197	1013.00	NaN	28.35	NaN	26.82	28.35	105.4	27.64	28.35	97.5	27.20	28.35	101.6
10/06/2018 8:26:38 PM	3611471198	1013.00	NaN	28.35	NaN	26.82	28.35	105.4	27.64	28.35	97.5	27.20	28.35	101.6
10/06/2018 8:26:39 PM	3611471199	1013.00	NaN	28.35	NaN	26.72	28.35	106.4	27.66	28.35	97.3	27.23	28.35	101.3
10/06/2018 8:26:40 PM	3611471200	1013.00	NaN	28.35	NaN	26.66	28.35	107.0	27.67	28.35	97.2	27.23	28.35	101.3
10/06/2018 8:26:41 PM	3611471201	1013.00	NaN	28.34	NaN	26.87	28.34	104.9	27.68	28.34	97.2	27.21	28.34	101.6
10/06/2018 8:26:42 PM	3611471202	1013.00	NaN	28.34	NaN	26.88	28.34	104.8	27.67	28.34	97.3	27.22	28.34	101.5
10/06/2018 8:26:43 PM	3611471203	1013.00	NaN	28.35	NaN	26.83	28.35	105.3	27.71	28.35	96.9	27.23	28.35	101.3
10/06/2018 8:26:44 PM	3611471204	1013.00	NaN	28.34	NaN	26.79	28.34	105.7	27.65	28.34	97.4	27.22	28.34	101.5
10/06/2018 8:26:45 PM	3611471205	1013.00	NaN	28.35	NaN	26.71	28.35	106.5	27.69	28.35	97.1	27.23	28.35	101.3
10/06/2018 8:26:46 PM	3611471206	1013.00	NaN	28.36	NaN	26.70	28.36	106.6	27.65	28.36	97.4	27.24	28.36	101.2
10/06/2018 8:26:47 PM	3611471207	1013.00	NaN	28.35	NaN	26.78	28.35	105.8	27.63	28.35	97.6	27.28	28.35	100.9
10/06/2018 8:26:48 PM	3611471208	1013.00	NaN	28.34	NaN	26.75	28.34	106.1	27.67	28.34	97.3	27.28	28.34	100.9
10/06/2018 8:26:49 PM	3611471209	1013.00	NaN	28.34	NaN	26.86	28.34	105.0	27.69	28.34	97.1	27.25	28.34	101.2
10/06/2018 8:26:50 PM	3611471210	1013.00	NaN	28.35	NaN	26.81	28.35	105.5	27.69	28.35	97.1	27.29	28.35	100.8
10/06/2018 8:26:51 PM	3611471211	1013.00	NaN	28.35	NaN	26.92	28.35	104.4	27.65	28.35	97.4	27.29	28.35	100.8
10/06/2018 8:26:52 PM	3611471212	1013.00	NaN	28.35	NaN	26.79	28.35	105.7	27.70	28.35	97.0	27.31	28.35	100.6
10/06/2018 8:26:53 PM	3611471213	1013.00	NaN	28.36	NaN	26.85	28.36	105.1	27.73	28.36	96.7	27.30	28.36	100.7
10/06/2018 8:26:54 PM	3611471214	1013.00	NaN	28.36	NaN	26.82	28.36	105.4	27.70	28.36	96.9	27.30	28.36	100.7
10/06/2018 8:26:55 PM	3611471215	1013.00	NaN	28.36	NaN	26.82	28.36	105.4	27.70	28.36	96.9	27.28	28.36	100.9
10/06/2018 8:26:56 PM	3611471216	1013.00	NaN	28.35	NaN	26.71	28.35	106.5	27.75	28.35	96.5	27.36	28.35	100.1
10/06/2018 8:26:57 PM	3611471217	1013.00	NaN	28.36	NaN	26.84	28.36	105.2	27.72	28.36	96.8	27.30	28.36	100.7
10/06/2018 8:26:58 PM	3611471218	1013.00	NaN	28.36	NaN	26.80	28.36	105.6	27.77	28.36	96.3	27.35	28.36	100.2
10/06/2018 8:26:59 PM	3611471219	1013.00	NaN	28.35	NaN	26.83	28.35	105.3	27.73	28.35	96.7	27.32	28.35	100.5
10/06/2018 8:27:00 PM	3611471220	1013.00	NaN	28.35	NaN	26.83	28.35	105.3	27.73	28.35	96.7	27.34	28.35	100.3
10/06/2018 8:27:01 PM	3611471221	1013.00	NaN	28.35	NaN	26.74	28.35	106.2	27.74	28.35	96.6	27.35	28.35	100.2
10/06/2018 8:27:02 PM	3611471222	1013.00	NaN	28.35	NaN	26.86	28.35	105.0	27.69	28.35	97.1	27.32	28.35	100.5
10/06/2018 8:27:03 PM	3611471223	1013.00	NaN	28.34	NaN	26.79	28.34	105.7	27.75	28.34	96.5	27.35	28.34	100.2
10/06/2018 8:27:04 PM	3611471224	1013.00	NaN	28.34	NaN	26.80	28.34	105.6	27.73	28.34	96.7	27.35	28.34	100.2
10/06/2018 8:27:05 PM	3611471225	1013.00	NaN	28.34	NaN	26.75	28.34	106.1	27.72	28.34	96.8	27.35	28.34	100.2
10/06/2018 8:27:06 PM	3611471226	1013.00	NaN	28.35	NaN	26.83	28.35	105.3	27.70	28.35	97.0	27.36	28.35	100.1
10/06/2018 8:27:07 PM	3611471227	1013.00	NaN	28.35	NaN	26.79	28.35	105.7	27.75	28.35	96.5	27.37	28.35	100.0
10/06/2018 8:27:08 PM	3611471228	1013.00	NaN	28.35	NaN	26.84	28.35	105.2	27.71	28.35	96.9	27.37	28.35	100.0
10/06/2018 8:27:09 PM	3611471229	1013.00	NaN	28.35	NaN	26.88	28.35	104.8	27.72	28.35	96.8	27.37	28.35	100.0
10/06/2018 8:27:10 PM	3611471230	1013.00	NaN	28.35	NaN	26.78	28.35	105.8	27.78	28.35	96.2	27.38	28.35	99.9
10/06/2018 8:27:11 PM	3611471231	1013.00	NaN	28.35	NaN	26.93	28.35	104.3	27.79	28.35	96.2	27.42	28.35	99.5
10/06/2018 8:27:12 PM	3611471232	1013.00	NaN	28.35	NaN	26.78	28.35	105.8	27.77	28.35	96.3	27.43	28.35	99.5
10/06/2018 8:27:13 PM	3611471233	1013.00	NaN	28.36	NaN	26.88	28.36	104.8	27.72	28.36	96.8	27.41	28.36	99.6
10/06/2018 8:27:14 PM	3611471234	1013.00	NaN	28.35	NaN	26.84	28.35	105.2	27.80	28.35	96.1	27.43	28.35	99.5
10/06/2018 8:27:15 PM	3611471235	1013.00	NaN	28.35	NaN	26.79	28.35	105.7	27.76	28.35	96.4	27.44	28.35	99.4
10/06/2018 8:27:16 PM	3611471236	1013.00	NaN	28.36	NaN	26.83	28.36	105.3	27.79	28.36	96.1	27.45	28.36	99.2
10/06/2018 8:27:17 PM	3611471237	1013.00	NaN	28.36	NaN	26.86	28.36	105.0	27.79	28.36	96.1	27.47	28.36	99.1
10/06/2018 8:27:18 PM	3611471238	1013.00	NaN	28.36	NaN	26.86	28.36	105.0	27.75	28.36	96.5	27.47	28.36	99.1
10/06/2018 8:27:19 PM	3611471239	1013.00	NaN	28.36	NaN	26.85	28.36	105.1	27.83	28.36	95.8	27.53	28.36	98.5
10/06/2018 8:27:20 PM	3611471240	1013.00	NaN	28.37	NaN	26.89	28.37	104.6	27.80	28.37	96.0	27.51	28.37	98.7
10/06/2018 8:27:21 PM	3611471241	1013.00	NaN	28.37	NaN	26.87	28.37	104.8	27.82	28.37	95.8	27.52	28.37	98.6
10/06/2018 8:27:22 PM	3611471242	1013.00	NaN	28.36	NaN	26.81	28.36	105.5	27.81	28.36	96.0	27.52	28.36	98.6
10/06/2018 8:27:23 PM	3611471243	1013.00	NaN	28.37	NaN	26.93	28.37	104.2	27.82	28.37	95.8	27.52	28.37	98.6
10/06/2018 8:27:24 PM	3611471244	1013.00	NaN	28.37	NaN	26.89	28.37	104.6	27.83	28.37	95.8	27.55	28.37	98.3
10/06/2018 8:27:25 PM	3611471245	1013.00	NaN	28.37	NaN	26.81	28.37	105.4	27.81	28.37	95.9	27.55	28.37	98.3
10/06/2018 8:27:26 PM	3611471246	1013.00	NaN	28.37	NaN	26.93	28.37	104.2	27.83	28.37	95.8	27.57	28.37	98.1
10/06/2018 8:27:27 PM	3611471247	1013.00	NaN	28.38	NaN	26.91	28.38	104.4	27.87	28.38	95.4	27.56	28.38	98.2
10/06/2018 8:27:28 PM	3611471248	1013.00	NaN	28.37	NaN	26.86	28.37	104.9	27.87	28.37	95.4	27.57	28.37	98.1
10/06/2018 8:27:29 PM	3611471249	1013.00	NaN	28.37	NaN	26.90	28.37	104.5	27.88	28.37	95.3	27.60	28.37	97.8
10/06/2018 8:27:30 PM	3611471250	1013.00	NaN	28.37	NaN	26.87	28.37	104.8	27.86	28.37	95.5	27.59	28.37	97.9
10/06/2018 8:27:31 PM	3611471251	1013.00	NaN	28.37	NaN	26.86	28.37	104.9	27.90	28.37	95.1	27.61	28.37	97.8
10/06/2018 8:27:32 PM	3611471252	1013.00	NaN	28.37	NaN	26.93	28.37	104.2	27.88	28.37	95.3	27.60	28.37	97.8
10/06/2018 8:27:33 PM	3611471253	1013.00	NaN	28.37	NaN	26.91	28.37	104.4	27.88	28.37	95.3	27.60	28.37	97.8
10/06/2018 8:27:34 PM	3611471254	1013.00	NaN	28.38	NaN	26.92	28.38	104.3	27.92	28.38	94.9	27.61	28.38	97.7
10/06/2018 8:27:35 PM	3611471255	1013.00	NaN	28.39	NaN	26.91	28.39	104.4	27.88	28.39	95.3	27.62	28.39	97.6
10/06/2018 8:27:36 PM	3611471256	1013.00	NaN	28.37	NaN	26.83	28.37	105.2	27.91	28.37	95.0	27.64	28.37	97.5
10/06/2018 8:27:37 PM	3611471257	1013.00	NaN	28.38	NaN	26.91	28.38	104.4	27.93	28.38	94.9	27.64	28.38	97.5
10/06/2018 8:27:38 PM	3611471258	1013.00	NaN	28.38	NaN	26.94	28.38	104.1	27.92	28.38	94.9	27.62	28.38	97.6
10/06/2018 8:27:39 PM	3611471259	1013.00	NaN	28.37	NaN	27.03	28.37	103.3	27.92	28.37	95.0	27.65	28.37	97.4
10/06/2018 8:27:40 PM	3611471260	1013.00	NaN	28.35	NaN	26.92	28.35	104.4	27.94	28.35	94.8	27.66	28.35	97.3
10/06/2018 8:27:41 PM	3611471261	1013.00	NaN	28.37	NaN	26.96	28.37	103.9	27.91	28.37	95.0	27.65	28.37	97.4
10/06/2018 8:27:42 PM	3611471262	1013.00	NaN	28.36	NaN	26.97	28.36	103.9	27.93	28.36	94.9	27.65	28.36	97.4
10/06/2018 8:27:43 PM	3611471263	1013.00	NaN	28.36	NaN	26.83	28.36	105.3	27.89	28.36	95.2	27.64	28.36	97.5
10/06/2018 8:27:44 PM	3611471264	1013.00	NaN	28.36	NaN	26.88	28.36	104.8	27.93	28.36	94.9	27.63	28.36	97.6
10/06/2018 8:27:45 PM	3611471265	1013.00	NaN	28.37	NaN	26.92	28.37	104.3	27.95	28.37	94.7	27.64	28.37	97.5
10/06/2018 8:27:46 PM	3611471266	1013.00	NaN	28.36	NaN	26.94	28.36	104.2	27.94	28.36	94.8	27.68	28.36	97.1
10/06/2018 8:27:47 PM	3611471267	1013.00	NaN	28.36	NaN	26.98	28.36	103.8	27.95	28.36	94.7	27.64	28.36	97.5
10/06/2018 8:27:48 PM	3611471268	1013.00	NaN	28.37	NaN	26.92	28.37	104.3	27.96	28.37	94.6	27.66	28.37	97.3
10/06/2018 8:27:49 PM	3611471269	1013.00	NaN	28.37	NaN	26.97	28.37	103.8	27.99	28.37	94.3	27.63	28.37	97.6
10/06/2018 8:27:50 PM	3611471270	1013.00	NaN	28.36	NaN	26.96	28.36	104.0	28.02	28.36	94.1	27.67	28.36	97.2
10/06/2018 8:27:51 PM	3611471271	1013.00	NaN	28.37	NaN	26.99	28.37	103.6	27.97	28.37	94.5	27.66	28.37	97.3
10/06/2018 8:27:52 PM	3611471272	1013.00	NaN	28.38	NaN	27.00	28.38	103.5	27.93	28.38	94.9	27.65	28.38	97.4
10/06/2018 8:27:53 PM	3611471273	1013.00	NaN	28.38	NaN	26.93	28.38	104.2	27.98	28.38	94.4	27.66	28.38	97.3
10/06/2018 8:27:54 PM	3611471274	1013.00	NaN	28.38	NaN	27.03	28.38	103.2	28.00	28.38	94.2	27.68	28.38	97.1
10/06/2018 8:27:55 PM	3611471275	1013.00	NaN	28.38	NaN	27.07	28.38	102.8	27.95	28.38	94.7	27.69	28.38	97.0
10/06/2018 8:27:56 PM	3611471276	1013.00	NaN	28.38	NaN	26.97	28.38	103.8	28.01	28.38	94.2	27.64	28.38	97.5
10/06/2018 8:27:57 PM	3611471277	1013.00	NaN	28.38	NaN	26.99	28.38	103.6	28.01	28.38	94.2	27.68	28.38	97.1
10/06/2018 8:27:58 PM	3611471278	1013.00	NaN	28.37	NaN	27.04	28.37	103.2	28.01	28.37	94.2	27.70	28.37	96.9
10/06/2018 8:27:59 PM	3611471279	1013.00	NaN	28.37	NaN	27.05	28.37	103.1	28.00	28.37	94.3	27.69	28.37	97.0
10/06/2018 8:28:00 PM	3611471280	1013.00	NaN	28.37	NaN	27.06	28.37	103.0	28.01	28.37	94.2	27.64	28.37	97.5
10/06/2018 8:28:01 PM	3611471281	1013.00	NaN	28.36	NaN	27.03	28.36	103.3	28.01	28.36	94.2	27.69	28.36	97.0
10/06/2018 8:28:02 PM	3611471282	1013.00	NaN	28.35	NaN	27.04	28.35	103.2	28.04	28.35	93.9	27.71	28.35	96.9
10/06/2018 8:28:03 PM	3611471283	1013.00	NaN	28.37	NaN	27.10	28.37	102.6	28.05	28.37	93.8	27.70	28.37	96.9
10/06/2018 8:28:04 PM	3611471284	1013.00	NaN	28.36	NaN	27.08	28.36	102.8	28.03	28.36	94.0	27.71	28.36	96.9
10/06/2018 8:28:05 PM	3611471285	1013.00	NaN	28.37	NaN	27.02	28.37	103.3	28.09	28.37	93.5	27.73	28.37	96.7
10/06/2018 8:28:06 PM	3611471286	1013.00	NaN	28.38	NaN	27.03	28.38	103.2	28.11	28.38	93.3	27.74	28.38	96.6
10/06/2018 8:28:07 PM	3611471287	1013.00	NaN	28.38	NaN	27.06	28.38	102.9	28.15	28.38	92.9	27.76	28.38	96.4
10/06/2018 8:28:08 PM	3611471288	1013.00	NaN	28.38	NaN	27.09	28.38	102.6	28.13	28.38	93.1	27.80	28.38	96.0
10/06/2018 8:28:09 PM	3611471289	1013.00	NaN	28.37	NaN	27.10	28.37	102.6	28.19	28.37	92.6	27.74	28.37	96.6
10/06/2018 8:28:10 PM	3611471290	1013.00	NaN	28.36	NaN	27.10	28.36	102.6	28.15	28.36	93.0	27.75	28.36	96.5
10/06/2018 8:28:11 PM	3611471291	1013.00	NaN	28.37	NaN	27.09	28.37	102.7	28.21	28.37	92.4	27.77	28.37	96.3
10/06/2018 8:28:12 PM	3611471292	1013.00	NaN	28.37	NaN	27.12	28.37	102.4	28.25	28.37	92.1	27.78	28.37	96.2
10/06/2018 8:28:13 PM	3611471293	1013.00	NaN	28.36	NaN	27.12	28.36	102.4	28.24	28.36	92.2	27.82	28.36	95.9
10/06/2018 8:28:14 PM	3611471294	1013.00	NaN	28.36	NaN	27.16	28.36	102.0	28.21	28.36	92.5	27.82	28.36	95.9
10/06/2018 8:28:15 PM	3611471295	1013.00	NaN	28.36	NaN	27.09	28.36	102.7	28.27	28.36	91.9	27.79	28.36	96.1
10/06/2018 8:28:16 PM	3611471296	1013.00	NaN	28.36	NaN	27.09	28.36	102.7	28.25	28.36	92.1	27.79	28.36	96.1
10/06/2018 8:28:17 PM	3611471297	1013.00	NaN	28.36	NaN	27.12	28.36	102.4	28.31	28.36	91.6	27.83	28.36	95.8
10/06/2018 8:28:18 PM	3611471298	1013.00	NaN	28.37	NaN	27.04	28.37	103.2	28.28	28.37	91.8	27.81	28.37	95.9
10/06/2018 8:28:19 PM	3611471299	1013.00	NaN	28.37	NaN	27.12	28.37	102.4	28.30	28.37	91.7	27.81	28.37	95.9
10/06/2018 8:28:20 PM	3611471300	1013.00	NaN	28.36	NaN	27.15	28.36	102.1	28.34	28.36	91.3	27.82	28.36	95.9
10/06/2018 8:28:21 PM	3611471301	1013.00	NaN	28.36	NaN	27.11	28.36	102.5	28.32	28.36	91.5	27.83	28.36	95.8
10/06/2018 8:28:22 PM	3611471302	1013.00	NaN	28.36	NaN	27.21	28.36	101.5	28.35	28.36	91.3	27.79	28.36	96.1
10/06/2018 8:28:23 PM	3611471303	1013.00	NaN	28.35	NaN	27.10	28.35	102.6	28.36	28.35	91.2	27.84	28.35	95.7
10/06/2018 8:28:24 PM	3611471304	1013.00	NaN	28.35	NaN	27.16	28.35	102.0	28.33	28.35	91.4	27.82	28.35	95.9
10/06/2018 8:28:25 PM	3611471305	1013.00	NaN	28.35	NaN	27.08	28.35	102.8	28.32	28.35	91.5	27.82	28.35	95.9
10/06/2018 8:28:26 PM	3611471306	1013.00	NaN	28.35	NaN	27.21	28.35	101.5	28.35	28.35	91.3	27.81	28.35	96.0
10/06/2018 8:28:27 PM	3611471307	1013.00	NaN	28.35	NaN	27.16	28.35	102.0	28.36	28.35	91.2	27.85	28.35	95.6
10/06/2018 8:28:28 PM	3611471308	1013.00	NaN	28.36	NaN	27.19	28.36	101.7	28.37	28.36	91.1	27.83	28.36	95.8
10/06/2018 8:28:29 PM	3611471309	1013.00	NaN	28.35	NaN	27.16	28.35	102.0	28.40	28.35	90.9	27.84	28.35	95.7
10/06/2018 8:28:30 PM	3611471310	1013.00	NaN	28.35	NaN	27.13	28.35	102.3	28.37	28.35	91.1	27.84	28.35	95.7
10/06/2018 8:28:31 PM	3611471311	1013.00	NaN	28.35	NaN	27.16	28.35	102.0	28.38	28.35	91.0	27.83	28.35	95.8
10/06/2018 8:28:32 PM	3611471312	1013.00	NaN	28.36	NaN	27.18	28.36	101.8	28.34	28.36	91.3	27.83	28.36	95.8
10/06/2018 8:28:33 PM	3611471313	1013.00	NaN	28.36	NaN	27.11	28.36	102.5	28.39	28.36	90.9	27.83	28.36	95.8
10/06/2018 8:28:34 PM	3611471314	1013.00	NaN	28.36	NaN	27.14	28.36	102.2	28.39	28.36	90.9	27.86	28.36	95.5
10/06/2018 8:28:35 PM	3611471315	1013.00	NaN	28.36	NaN	27.11	28.36	102.5	28.37	28.36	91.1	27.82	28.36	95.9
10/06/2018 8:28:36 PM	3611471316	1013.00	NaN	28.37	NaN	27.19	28.37	101.7	28.37	28.37	91.1	27.85	28.37	95.6
10/06/2018 8:28:37 PM	3611471317	1013.00	NaN	28.36	NaN	27.13	28.36	102.3	28.36	28.36	91.2	27.86	28.36	95.5
10/06/2018 8:28:38 PM	3611471318	1013.00	NaN	28.36	NaN	27.15	28.36	102.1	28.37	28.36	91.1	27.85	28.36	95.6
10/06/2018 8:28:39 PM	3611471319	1013.00	NaN	28.35	NaN	27.15	28.35	102.1	28.37	28.35	91.1	27.84	28.35	95.7
10/06/2018 8:28:40 PM	3611471320	1013.00	NaN	28.36	NaN	26.98	28.36	103.8	28.36	28.36	91.2	27.86	28.36	95.5
10/06/2018 8:28:41 PM	3611471321	1013.00	NaN	28.36	NaN	27.19	28.36	101.7	28.37	28.36	91.1	27.86	28.36	95.5
10/06/2018 8:28:42 PM	3611471322	1013.00	NaN	28.36	NaN	27.18	28.36	101.8	28.40	28.36	90.8	27.87	28.36	95.4
10/06/2018 8:28:43 PM	3611471323	1013.00	NaN	28.37	NaN	27.08	28.37	102.8	28.38	28.37	91.0	27.81	28.37	95.9
10/06/2018 8:28:44 PM	3611471324	1013.00	NaN	28.37	NaN	27.19	28.37	101.7	28.36	28.37	91.2	27.82	28.37	95.9
10/06/2018 8:28:45 PM	3611471325	1013.00	NaN	28.35	NaN	27.16	28.35	102.0	28.39	28.35	90.9	27.83	28.35	95.8
10/06/2018 8:28:46 PM	3611471326	1013.00	NaN	28.36	NaN	27.13	28.36	102.3	28.40	28.36	90.8	27.86	28.36	95.5
10/06/2018 8:28:47 PM	3611471327	1013.00	NaN	28.36	NaN	27.15	28.36	102.1	28.35	28.36	91.3	27.84	28.36	95.7
10/06/2018 8:28:48 PM	3611471328	1013.00	NaN	28.35	NaN	27.31	28.35	100.6	28.41	28.35	90.8	27.84	28.35	95.7
10/06/2018 8:28:49 PM	3611471329	1013.00	NaN	28.35	NaN	27.23	28.35	101.3	28.42	28.35	90.7	27.86	28.35	95.5
10/06/2018 8:28:50 PM	3611471330	1013.00	NaN	28.36	NaN	27.20	28.36	101.6	28.43	28.36	90.6	27.84	28.36	95.7
10/06/2018 8:28:51 PM	3611471331	1013.00	NaN	28.34	NaN	27.22	28.34	101.5	28.42	28.34	90.7	27.85	28.34	95.6
10/06/2018 8:28:52 PM	3611471332	1013.00	NaN	28.34	NaN	27.02	28.34	103.4	28.39	28.34	91.0	27.88	28.34	95.4
10/06/2018 8:28:53 PM	3611471333	1013.00	NaN	28.34	NaN	27.15	28.34	102.1	28.41	28.34	90.8	27.88	28.34	95.4
10/06/2018 8:28:54 PM	3611471334	1013.00	NaN	28.35	NaN	27.16	28.35	102.0	28.41	28.35	90.8	27.87	28.35	95.4
10/06/2018 8:28:55 PM	3611471335	1013.00	NaN	28.34	NaN	27.16	28.34	102.0	28.44	28.34	90.5	27.88	28.34	95.4
10/06/2018 8:28:56 PM	3611471336	1013.00	NaN	28.34	NaN	27.13	28.34	102.3	28.43	28.34	90.6	27.85	28.34	95.6
10/06/2018 8:28:57 PM	3611471337	1013.00	NaN	28.34	NaN	27.25	28.34	101.2	28.41	28.34	90.8	27.86	28.34	95.5
10/06/2018 8:28:58 PM	3611471338	1013.00	NaN	28.34	NaN	27.17	28.34	101.9	28.40	28.34	90.9	27.83	28.34	95.8
10/06/2018 8:28:59 PM	3611471339	1013.00	NaN	28.33	NaN	27.15	28.33	102.2	28.41	28.33	90.8	27.85	28.33	95.6
10/06/2018 8:29:00 PM	3611471340	1013.00	NaN	28.33	NaN	27.14	28.33	102.2	28.43	28.33	90.6	27.86	28.33	95.6
10/06/2018 8:29:01 PM	3611471341	1013.00	NaN	28.34	NaN	27.26	28.34	101.1	28.39	28.34	91.0	27.86	28.34	95.5
10/06/2018 8:29:02 PM	3611471342	1013.00	NaN	28.33	NaN	27.19	28.33	101.8	28.41	28.33	90.8	27.87	28.33	95.5
10/06/2018 8:29:03 PM	3611471343	1013.00	NaN	28.34	NaN	27.19	28.34	101.7	28.42	28.34	90.7	27.82	28.34	95.9
10/06/2018 8:29:04 PM	3611471344	1013.00	NaN	28.35	NaN	27.18	28.35	101.8	28.47	28.35	90.3	27.88	28.35	95.3
10/06/2018 8:29:05 PM	3611471345	1013.00	NaN	28.35	NaN	27.21	28.35	101.5	28.44	28.35	90.5	27.84	28.35	95.7
10/06/2018 8:29:06 PM	3611471346	1013.00	NaN	28.34	NaN	27.21	28.34	101.6	28.41	28.34	90.8	27.86	28.34	95.5
10/06/2018 8:29:07 PM	3611471347	1013.00	NaN	28.34	NaN	27.20	28.34	101.7	28.44	28.34	90.5	27.89	28.34	95.3
10/06/2018 8:29:08 PM	3611471348	1013.00	NaN	28.33	NaN	27.22	28.33	101.5	28.44	28.33	90.6	27.88	28.33	95.4
10/06/2018 8:29:09 PM	3611471349	1013.00	NaN	28.34	NaN	27.15	28.34	102.1	28.48	28.34	90.2	27.88	28.34	95.4
10/06/2018 8:29:10 PM	3611471350	1013.00	NaN	28.33	NaN	27.33	28.33	100.4	28.46	28.33	90.4	27.89	28.33	95.3
10/06/2018 8:29:11 PM	3611471351	1013.00	NaN	28.33	NaN	27.11	28.33	102.5	28.47	28.33	90.3	27.85	28.33	95.6
10/06/2018 8:29:12 PM	3611471352	1013.00	NaN	28.33	NaN	27.14	28.33	102.2	28.47	28.33	90.3	27.89	28.33	95.3
10/06/2018 8:29:13 PM	3611471353	1013.00	NaN	28.33	NaN	27.17	28.33	102.0	28.44	28.33	90.6	27.89	28.33	95.3
10/06/2018 8:29:14 PM	3611471354	1013.00	NaN	28.34	NaN	27.21	28.34	101.6	28.50	28.34	90.0	27.88	28.34	95.4
10/06/2018 8:29:15 PM	3611471355	1013.00	NaN	28.34	NaN	27.25	28.34	101.2	28.48	28.34	90.2	27.89	28.34	95.3
10/06/2018 8:29:16 PM	3611471356	1013.00	NaN	28.34	NaN	27.25	28.34	101.2	28.45	28.34	90.5	27.89	28.34	95.3
10/06/2018 8:29:17 PM	3611471357	1013.00	NaN	28.33	NaN	27.26	28.33	101.1	28.46	28.33	90.4	27.91	28.33	95.1
10/06/2018 8:29:18 PM	3611471358	1013.00	NaN	28.33	NaN	27.24	28.33	101.3	28.53	28.33	89.8	27.91	28.33	95.1
10/06/2018 8:29:19 PM	3611471359	1013.00	NaN	28.33	NaN	27.18	28.33	101.9	28.51	28.33	90.0	27.92	28.33	95.0
10/06/2018 8:29:20 PM	3611471360	1013.00	NaN	28.32	NaN	27.26	28.32	101.1	28.54	28.32	89.7	27.90	28.32	95.2
10/06/2018 8:29:21 PM	3611471361	1013.00	NaN	28.32	NaN	27.29	28.32	100.8	28.55	28.32	89.7	27.90	28.32	95.2
10/06/2018 8:29:22 PM	3611471362	1013.00	NaN	28.33	NaN	27.21	28.33	101.6	28.50	28.33	90.1	27.88	28.33	95.4
10/06/2018 8:29:23 PM	3611471363	1013.00	NaN	28.33	NaN	27.22	28.33	101.5	28.52	28.33	89.9	27.94	28.33	94.9
10/06/2018 8:29:24 PM	3611471364	1013.00	NaN	28.32	NaN	27.17	28.32	102.0	28.57	28.32	89.5	27.91	28.32	95.1
10/06/2018 8:29:25 PM	3611471365	1013.00	NaN	28.33	NaN	27.24	28.33	101.3	28.54	28.33	89.7	27.90	28.33	95.2
10/06/2018 8:29:26 PM	3611471366	1013.00	NaN	28.33	NaN	27.28	28.33	100.9	28.59	28.33	89.3	27.91	28.33	95.1
10/06/2018 8:29:27 PM	3611471367	1013.00	NaN	28.32	NaN	27.17	28.32	102.0	28.54	28.32	89.7	27.92	28.32	95.0
10/06/2018 8:29:28 PM	3611471368	1013.00	NaN	28.32	NaN	27.27	28.32	101.0	28.59	28.32	89.3	27.92	28.32	95.0
10/06/2018 8:29:29 PM	3611471369	1013.00	NaN	28.32	NaN	27.27	28.32	101.0	28.57	28.32	89.5	27.91	28.32	95.1
10/06/2018 8:29:30 PM	3611471370	1013.00	NaN	28.32	NaN	27.23	28.32	101.4	28.57	28.32	89.5	27.91	28.32	95.1
10/06/2018 8:29:31 PM	3611471371	1013.00	NaN	28.32	NaN	27.26	28.32	101.1	28.57	28.32	89.5	27.91	28.32	95.1
10/06/2018 8:29:32 PM	3611471372	1013.00	NaN	28.33	NaN	27.19	28.33	101.8	28.57	28.33	89.5	27.92	28.33	95.0
10/06/2018 8:29:33 PM	3611471373	1013.00	NaN	28.33	NaN	27.28	28.33	100.9	28.58	28.33	89.4	27.91	28.33	95.1
10/06/2018 8:29:34 PM	3611471374	1013.00	NaN	28.33	NaN	27.36	28.33	100.1	28.60	28.33	89.2	27.93	28.33	94.9
10/06/2018 8:29:35 PM	3611471375	1013.00	NaN	28.33	NaN	27.24	28.33	101.3	28.60	28.33	89.2	27.93	28.33	94.9
10/06/2018 8:29:36 PM	3611471376	1013.00	NaN	28.33	NaN	27.18	28.33	101.9	28.58	28.33	89.4	27.93	28.33	94.9
10/06/2018 8:29:37 PM	3611471377	1013.00	NaN	28.32	NaN	27.33	28.32	100.4	28.56	28.32	89.6	27.93	28.32	95.0
10/06/2018 8:29:38 PM	3611471378	1013.00	NaN	28.32	NaN	27.19	28.32	101.8	28.59	28.32	89.3	27.90	28.32	95.2
10/06/2018 8:29:39 PM	3611471379	1013.00	NaN	28.32	NaN	27.22	28.32	101.5	28.63	28.32	89.0	27.96	28.32	94.7
10/06/2018 8:29:40 PM	3611471380	1013.00	NaN	28.32	NaN	27.20	28.32	101.7	28.62	28.32	89.1	27.91	28.32	95.1
10/06/2018 8:29:41 PM	3611471381	1013.00	NaN	28.31	NaN	27.27	28.31	101.0	28.58	28.31	89.4	27.95	28.31	94.8
10/06/2018 8:29:42 PM	3611471382	1013.00	NaN	28.32	NaN	27.23	28.32	101.4	28.65	28.32	88.8	27.93	28.32	95.0
10/06/2018 8:29:43 PM	3611471383	1013.00	NaN	28.32	NaN	27.21	28.32	101.6	28.59	28.32	89.3	27.95	28.32	94.8
10/06/2018 8:29:44 PM	3611471384	1013.00	NaN	28.32	NaN	27.25	28.32	101.2	28.67	28.32	88.7	27.93	28.32	95.0
10/06/2018 8:29:45 PM	3611471385	1013.00	NaN	28.33	NaN	27.31	28.33	100.6	28.67	28.33	88.7	27.95	28.33	94.8
10/06/2018 8:29:46 PM	3611471386	1013.00	NaN	28.33	NaN	27.22	28.33	101.5	28.61	28.33	89.2	27.94	28.33	94.9
10/06/2018 8:29:47 PM	3611471387	1013.00	NaN	28.32	NaN	27.24	28.32	101.3	28.66	28.32	88.8	27.97	28.32	94.6
10/06/2018 8:29:48 PM	3611471388	1013.00	NaN	28.31	NaN	27.16	28.31	102.1	28.67	28.31	88.7	27.98	28.31	94.5
10/06/2018 8:29:49 PM	3611471389	1013.00	NaN	28.30	NaN	27.20	28.30	101.7	28.64	28.30	89.0	27.95	28.30	94.8
10/06/2018 8:29:50 PM	3611471390	1013.00	NaN	28.30	NaN	27.18	28.30	101.9	28.66	28.30	88.8	27.93	28.30	95.0
10/06/2018 8:29:51 PM	3611471391	1013.00	NaN	28.30	NaN	27.23	28.30	101.4	28.65	28.30	88.9	27.95	28.30	94.8
10/06/2018 8:29:52 PM	3611471392	1013.00	NaN	28.31	NaN	27.31	28.31	100.7	28.67	28.31	88.7	27.95	28.31	94.8
10/06/2018 8:29:53 PM	3611471393	1013.00	NaN	28.31	NaN	27.21	28.31	101.6	28.69	28.31	88.5	27.97	28.31	94.6
10/06/2018 8:29:54 PM	3611471394	1013.00	NaN	28.31	NaN	27.27	28.31	101.0	28.66	28.31	88.8	27.96	28.31	94.7
10/06/2018 8:29:55 PM	3611471395	1013.00	NaN	28.31	NaN	27.35	28.31	100.3	28.69	28.31	88.5	27.96	28.31	94.7
10/06/2018 8:29:56 PM	3611471396	1013.00	NaN	28.31	NaN	27.24	28.31	101.3	28.70	28.31	88.4	27.95	28.31	94.8
10/06/2018 8:29:57 PM	3611471397	1013.00	NaN	28.31	NaN	27.27	28.31	101.0	28.70	28.31	88.4	27.95	28.31	94.8
10/06/2018 8:29:58 PM	3611471398	1013.00	NaN	28.30	NaN	27.27	28.30	101.1	28.68	28.30	88.6	27.95	28.30	94.8
10/06/2018 8:29:59 PM	3611471399	1013.00	NaN	28.30	NaN	27.34	28.30	100.4	28.72	28.30	88.3	27.95	28.30	94.8
10/06/2018 8:30:00 PM	3611471400	1013.00	NaN	28.30	NaN	27.34	28.30	100.4	28.74	28.30	88.1	27.96	28.30	94.7
10/06/2018 8:30:01 PM	3611471401	1013.00	NaN	28.31	NaN	27.30	28.31	100.7	28.71	28.31	88.4	27.94	28.31	94.9
10/06/2018 8:30:02 PM	3611471402	1013.00	NaN	28.31	NaN	27.35	28.31	100.3	28.72	28.31	88.3	27.94	28.31	94.9
10/06/2018 8:30:03 PM	3611471403	1013.00	NaN	28.31	NaN	27.39	28.31	99.9	28.70	28.31	88.4	27.94	28.31	94.9
10/06/2018 8:30:04 PM	3611471404	1013.00	NaN	28.32	NaN	27.37	28.32	100.1	28.73	28.32	88.2	27.97	28.32	94.6
10/06/2018 8:30:05 PM	3611471405	1013.00	NaN	28.32	NaN	27.30	28.32	100.7	28.75	28.32	88.0	27.95	28.32	94.8
10/06/2018 8:30:06 PM	3611471406	1013.00	NaN	28.32	NaN	27.40	28.32	99.8	28.72	28.32	88.3	27.96	28.32	94.7
10/06/2018 8:30:07 PM	3611471407	1013.00	NaN	28.32	NaN	27.36	28.32	100.2	28.78	28.32	87.8	27.95	28.32	94.8
10/06/2018 8:30:08 PM	3611471408	1013.00	NaN	28.32	NaN	27.38	28.32	100.0	28.79	28.32	87.7	27.94	28.32	94.9
10/06/2018 8:30:09 PM	3611471409	1013.00	NaN	28.31	NaN	27.39	28.31	99.9	28.77	28.31	87.9	27.96	28.31	94.7
10/06/2018 8:30:10 PM	3611471410	1013.00	NaN	28.31	NaN	27.39	28.31	99.9	28.73	28.31	88.2	27.96	28.31	94.7
10/06/2018 8:30:11 PM	3611471411	1013.00	NaN	28.31	NaN	27.40	28.31	99.8	28.76	28.31	88.0	27.96	28.31	94.7
10/06/2018 8:30:12 PM	3611471412	1013.00	NaN	28.31	NaN	27.40	28.31	99.8	28.83	28.31	87.4	27.96	28.31	94.7
10/06/2018 8:30:13 PM	3611471413	1013.00	NaN	28.31	NaN	27.32	28.31	100.6	28.81	28.31	87.6	28.00	28.31	94.4
10/06/2018 8:30:14 PM	3611471414	1013.00	NaN	28.31	NaN	27.42	28.31	99.6	28.86	28.31	87.2	27.96	28.31	94.7
10/06/2018 8:30:15 PM	3611471415	1013.00	NaN	28.31	NaN	27.39	28.31	99.9	28.83	28.31	87.4	27.97	28.31	94.6
10/06/2018 8:30:16 PM	3611471416	1013.00	NaN	28.31	NaN	27.44	28.31	99.4	28.85	28.31	87.2	27.97	28.31	94.6
10/06/2018 8:30:17 PM	3611471417	1013.00	NaN	28.31	NaN	27.41	28.31	99.7	28.90	28.31	86.8	27.97	28.31	94.6
10/06/2018 8:30:18 PM	3611471418	1013.00	NaN	28.31	NaN	27.37	28.31	100.1	28.90	28.31	86.8	28.00	28.31	94.4
10/06/2018 8:30:19 PM	3611471419	1013.00	NaN	28.32	NaN	27.39	28.32	99.9	28.89	28.32	86.9	27.98	28.32	94.5
10/06/2018 8:30:20 PM	3611471420	1013.00	NaN	28.32	NaN	27.44	28.32	99.4	28.88	28.32	87.0	28.01	28.32	94.3
10/06/2018 8:30:21 PM	3611471421	1013.00	NaN	28.32	NaN	27.39	28.32	99.9	28.90	28.32	86.8	27.98	28.32	94.5
10/06/2018 8:30:22 PM	3611471422	1013.00	NaN	28.32	NaN	27.37	28.32	100.1	28.87	28.32	87.1	27.97	28.32	94.6
10/06/2018 8:30:23 PM	3611471423	1013.00	NaN	28.31	NaN	27.43	28.31	99.5	28.86	28.31	87.2	27.98	28.31	94.5
10/06/2018 8:30:24 PM	3611471424	1013.00	NaN	28.30	NaN	27.36	28.30	100.2	28.89	28.30	86.9	27.99	28.30	94.5
10/06/2018 8:30:25 PM	3611471425	1013.00	NaN	28.30	NaN	27.41	28.30	99.7	28.91	28.30	86.8	27.98	28.30	94.5
10/06/2018 8:30:26 PM	3611471426	1013.00	NaN	28.31	NaN	27.47	28.31	99.1	28.89	28.31	86.9	27.98	28.31	94.5
10/06/2018 8:30:27 PM	3611471427	1013.00	NaN	28.31	NaN	27.44	28.31	99.4	28.95	28.31	86.5	28.01	28.31	94.3
10/06/2018 8:30:28 PM	3611471428	1013.00	NaN	28.31	NaN	27.50	28.31	98.9	28.91	28.31	86.8	27.96	28.31	94.7
10/06/2018 8:30:29 PM	3611471429	1013.00	NaN	28.32	NaN	27.50	28.32	98.9	28.91	28.32	86.8	27.99	28.32	94.4
10/06/2018 8:30:30 PM	3611471430	1013.00	NaN	28.32	NaN	27.39	28.32	99.9	28.93	28.32	86.6	28.00	28.32	94.3
10/06/2018 8:30:31 PM	3611471431	1013.00	NaN	28.32	NaN	27.55	28.32	98.4	28.92	28.32	86.7	28.00	28.32	94.3
10/06/2018 8:30:32 PM	3611471432	1013.00	NaN	28.31	NaN	27.49	28.31	99.0	28.90	28.31	86.8	28.00	28.31	94.4
10/06/2018 8:30:33 PM	3611471433	1013.00	NaN	28.32	NaN	27.44	28.32	99.4	28.91	28.32	86.8	27.99	28.32	94.4
10/06/2018 8:30:34 PM	3611471434	1013.00	NaN	28.32	NaN	27.48	28.32	99.0	28.94	28.32	86.5	27.99	28.32	94.4
10/06/2018 8:30:35 PM	3611471435	1013.00	NaN	28.32	NaN	27.47	28.32	99.1	28.92	28.32	86.7	28.01	28.32	94.3
10/06/2018 8:30:36 PM	3611471436	1013.00	NaN	28.31	NaN	27.44	28.31	99.4	28.94	28.31	86.5	27.99	28.31	94.4
10/06/2018 8:30:37 PM	3611471437	1013.00	NaN	28.32	NaN	27.48	28.32	99.0	28.96	28.32	86.4	28.02	28.32	94.2
10/06/2018 8:30:38 PM	3611471438	1013.00	NaN	28.31	NaN	27.45	28.31	99.3	28.98	28.31	86.2	27.99	28.31	94.4
10/06/2018 8:30:39 PM	3611471439	1013.00	NaN	28.31	NaN	27.45	28.31	99.3	28.92	28.31	86.7	28.03	28.31	94.1
10/06/2018 8:30:40 PM	3611471440	1013.00	NaN	28.31	NaN	27.40	28.31	99.8	28.98	28.31	86.2	28.01	28.31	94.3
10/06/2018 8:30:41 PM	3611471441	1013.00	NaN	28.31	NaN	27.60	28.31	97.9	28.93	28.31	86.6	28.02	28.31	94.2
10/06/2018 8:30:42 PM	3611471442	1013.00	NaN	28.31	NaN	27.49	28.31	99.0	28.99	28.31	86.1	28.03	28.31	94.1
10/06/2018 8:30:43 PM	3611471443	1013.00	NaN	28.31	NaN	27.68	28.31	97.2	28.94	28.31	86.5	28.03	28.31	94.1
10/06/2018 8:30:44 PM	3611471444	1013.00	NaN	28.31	NaN	27.52	28.31	98.7	28.98	28.31	86.2	28.03	28.31	94.1
10/06/2018 8:30:45 PM	3611471445	1013.00	NaN	28.31	NaN	27.55	28.31	98.4	28.97	28.31	86.3	28.04	28.31	94.0
10/06/2018 8:30:46 PM	3611471446	1013.00	NaN	28.31	NaN	27.57	28.31	98.2	28.99	28.31	86.1	27.99	28.31	94.4
10/06/2018 8:30:47 PM	3611471447	1013.00	NaN	28.32	NaN	27.62	28.32	97.7	28.94	28.32	86.5	28.03	28.32	94.1
10/06/2018 8:30:48 PM	3611471448	1013.00	NaN	28.32	NaN	27.59	28.32	98.0	28.95	28.32	86.4	28.05	28.32	93.9
10/06/2018 8:30:49 PM	3611471449	1013.00	NaN	28.33	NaN	27.59	28.33	98.0	28.97	28.33	86.3	28.02	28.33	94.1
10/06/2018 8:30:50 PM	3611471450	1013.00	NaN	28.33	NaN	27.59	28.33	98.0	28.97	28.33	86.3	28.05	28.33	93.9
10/06/2018 8:30:51 PM	3611471451	1013.00	NaN	28.33	NaN	27.66	28.33	97.4	29.01	28.33	85.9	28.01	28.33	94.2
10/06/2018 8:30:52 PM	3611471452	1013.00	NaN	28.33	NaN	27.65	28.33	97.5	29.02	28.33	85.9	28.04	28.33	94.0
10/06/2018 8:30:53 PM	3611471453	1013.00	NaN	28.33	NaN	27.57	28.33	98.2	29.01	28.33	85.9	28.06	28.33	93.8
10/06/2018 8:30:54 PM	3611471454	1013.00	NaN	28.33	NaN	27.67	28.33	97.3	29.01	28.33	85.9	28.06	28.33	93.8
10/06/2018 8:30:55 PM	3611471455	1013.00	NaN	28.33	NaN	27.59	28.33	98.0	29.02	28.33	85.9	28.03	28.33	94.1
10/06/2018 8:30:56 PM	3611471456	1013.00	NaN	28.33	NaN	27.67	28.33	97.3	29.02	28.33	85.9	28.07	28.33	93.7
10/06/2018 8:30:57 PM	3611471457	1013.00	NaN	28.33	NaN	27.60	28.33	97.9	29.00	28.33	86.0	28.04	28.33	94.0
10/06/2018 8:30:58 PM	3611471458	1013.00	NaN	28.33	NaN	27.69	28.33	97.1	29.02	28.33	85.9	28.06	28.33	93.8
10/06/2018 8:30:59 PM	3611471459	1013.00	NaN	28.33	NaN	27.58	28.33	98.1	29.02	28.33	85.9	28.08	28.33	93.6
10/06/2018 8:31:00 PM	3611471460	1013.00	NaN	28.32	NaN	27.59	28.32	98.0	29.06	28.32	85.6	28.07	28.32	93.7
10/06/2018 8:31:01 PM	3611471461	1013.00	NaN	28.32	NaN	27.62	28.32	97.7	28.97	28.32	86.3	28.10	28.32	93.5
10/06/2018 8:31:02 PM	3611471462	1013.00	NaN	28.32	NaN	27.62	28.32	97.7	29.05	28.32	85.7	28.06	28.32	93.8
10/06/2018 8:31:03 PM	3611471463	1013.00	NaN	28.32	NaN	27.59	28.32	98.0	29.05	28.32	85.7	28.12	28.32	93.3
10/06/2018 8:31:04 PM	3611471464	1013.00	NaN	28.33	NaN	27.62	28.33	97.7	29.05	28.33	85.6	28.05	28.33	93.9
10/06/2018 8:31:05 PM	3611471465	1013.00	NaN	28.33	NaN	27.61	28.33	97.8	29.04	28.33	85.7	28.08	28.33	93.6
10/06/2018 8:31:06 PM	3611471466	1013.00	NaN	28.34	NaN	27.70	28.34	97.0	29.06	28.34	85.5	28.07	28.34	93.7
10/06/2018 8:31:07 PM	3611471467	1013.00	NaN	28.34	NaN	27.67	28.34	97.3	29.08	28.34	85.4	28.10	28.34	93.4
10/06/2018 8:31:08 PM	3611471468	1013.00	NaN	28.34	NaN	27.62	28.34	97.7	29.05	28.34	85.6	28.08	28.34	93.6
10/06/2018 8:31:09 PM	3611471469	1013.00	NaN	28.33	NaN	27.71	28.33	96.9	29.04	28.33	85.7	28.08	28.33	93.6
10/06/2018 8:31:10 PM	3611471470	1013.00	NaN	28.32	NaN	27.72	28.32	96.8	29.08	28.32	85.4	28.10	28.32	93.5
10/06/2018 8:31:11 PM	3611471471	1013.00	NaN	28.33	NaN	27.69	28.33	97.1	29.08	28.33	85.4	28.10	28.33	93.5
10/06/2018 8:31:12 PM	3611471472	1013.00	NaN	28.33	NaN	27.63	28.33	97.6	29.07	28.33	85.5	28.10	28.33	93.5
10/06/2018 8:31:13 PM	3611471473	1013.00	NaN	28.32	NaN	27.70	28.32	97.0	29.07	28.32	85.5	28.13	28.32	93.2
10/06/2018 8:31:14 PM	3611471474	1013.00	NaN	28.32	NaN	27.74	28.32	96.7	29.12	28.32	85.1	28.13	28.32	93.2
10/06/2018 8:31:15 PM	3611471475	1013.00	NaN	28.32	NaN	27.67	28.32	97.3	29.03	28.32	85.8	28.10	28.32	93.5
10/06/2018 8:31:16 PM	3611471476	1013.00	NaN	28.32	NaN	27.66	28.32	97.4	29.06	28.32	85.6	28.12	28.32	93.3
10/06/2018 8:31:17 PM	3611471477	1013.00	NaN	28.31	NaN	27.72	28.31	96.9	29.08	28.31	85.4	28.14	28.31	93.1
10/06/2018 8:31:18 PM	3611471478	1013.00	NaN	28.31	NaN	27.62	28.31	97.8	29.13	28.31	85.0	28.13	28.31	93.2
10/06/2018 8:31:19 PM	3611471479	1013.00	NaN	28.31	NaN	27.63	28.31	97.7	29.08	28.31	85.4	28.13	28.31	93.2
10/06/2018 8:31:20 PM	3611471480	1013.00	NaN	28.32	NaN	27.65	28.32	97.5	29.11	28.32	85.2	28.12	28.32	93.3
10/06/2018 8:31:21 PM	3611471481	1013.00	NaN	28.32	NaN	27.74	28.32	96.7	29.11	28.32	85.2	28.15	28.32	93.0
10/06/2018 8:31:22 PM	3611471482	1013.00	NaN	28.32	NaN	27.68	28.32	97.2	29.08	28.32	85.4	28.12	28.32	93.3
10/06/2018 8:31:23 PM	3611471483	1013.00	NaN	28.33	NaN	27.79	28.33	96.2	29.14	28.33	84.9	28.15	28.33	93.0
10/06/2018 8:31:24 PM	3611471484	1013.00	NaN	28.33	NaN	27.62	28.33	97.7	29.11	28.33	85.2	28.16	28.33	92.9
10/06/2018 8:31:25 PM	3611471485	1013.00	NaN	28.32	NaN	27.69	28.32	97.1	29.11	28.32	85.2	28.14	28.32	93.1
10/06/2018 8:31:26 PM	3611471486	1013.00	NaN	28.33	NaN	27.75	28.33	96.5	29.16	28.33	84.8	28.15	28.33	93.0
10/06/2018 8:31:27 PM	3611471487	1013.00	NaN	28.34	NaN	27.61	28.34	97.8	29.13	28.34	85.0	28.18	28.34	92.7
10/06/2018 8:31:28 PM	3611471488	1013.00	NaN	28.34	NaN	27.69	28.34	97.1	29.13	28.34	85.0	28.12	28.34	93.3
10/06/2018 8:31:29 PM	3611471489	1013.00	NaN	28.35	NaN	27.65	28.35	97.4	29.13	28.35	85.0	28.15	28.35	93.0
10/06/2018 8:31:30 PM	3611471490	1013.00	NaN	28.35	NaN	27.72	28.35	96.8	29.10	28.35	85.2	28.16	28.35	92.9
10/06/2018 8:31:31 PM	3611471491	1013.00	NaN	28.35	NaN	27.65	28.35	97.4	29.19	28.35	84.5	28.18	28.35	92.7
10/06/2018 8:31:32 PM	3611471492	1013.00	NaN	28.35	NaN	27.66	28.35	97.3	29.15	28.35	84.8	28.14	28.35	93.1
10/06/2018 8:31:33 PM	3611471493	1013.00	NaN	28.35	NaN	27.73	28.35	96.7	29.10	28.35	85.2	28.17	28.35	92.8
10/06/2018 8:31:34 PM	3611471494	1013.00	NaN	28.35	NaN	27.74	28.35	96.6	29.16	28.35	84.8	28.17	28.35	92.8
10/06/2018 8:31:35 PM	3611471495	1013.00	NaN	28.35	NaN	27.75	28.35	96.5	29.15	28.35	84.8	28.16	28.35	92.9
10/06/2018 8:31:36 PM	3611471496	1013.00	NaN	28.35	NaN	27.68	28.35	97.1	29.15	28.35	84.8	28.18	28.35	92.7
10/06/2018 8:31:37 PM	3611471497	1013.00	NaN	28.34	NaN	27.65	28.34	97.4	29.14	28.34	84.9	28.14	28.34	93.1
10/06/2018 8:31:38 PM	3611471498	1013.00	NaN	28.34	NaN	27.67	28.34	97.3	29.18	28.34	84.6	28.17	28.34	92.8
10/06/2018 8:31:39 PM	3611471499	1013.00	NaN	28.34	NaN	27.72	28.34	96.8	29.13	28.34	85.0	28.14	28.34	93.1
10/06/2018 8:31:40 PM	3611471500	1013.00	NaN	28.34	NaN	27.78	28.34	96.3	29.18	28.34	84.6	28.16	28.34	92.9
10/06/2018 8:31:41 PM	3611471501	1013.00	NaN	28.34	NaN	27.68	28.34	97.2	29.16	28.34	84.8	28.19	28.34	92.7
10/06/2018 8:31:42 PM	3611471502	1013.00	NaN	28.34	NaN	27.74	28.34	96.6	29.18	28.34	84.6	28.18	28.34	92.7
10/06/2018 8:31:43 PM	3611471503	1013.00	NaN	28.33	NaN	27.72	28.33	96.8	29.19	28.33	84.6	28.20	28.33	92.6
10/06/2018 8:31:44 PM	3611471504	1013.00	NaN	28.34	NaN	27.67	28.34	97.3	29.19	28.34	84.5	28.21	28.34	92.5
10/06/2018 8:31:45 PM	3611471505	1013.00	NaN	28.33	NaN	27.70	28.33	97.0	29.16	28.33	84.8	28.21	28.33	92.5
10/06/2018 8:31:46 PM	3611471506	1013.00	NaN	28.34	NaN	27.69	28.34	97.1	29.18	28.34	84.6	28.21	28.34	92.5
10/06/2018 8:31:47 PM	3611471507	1013.00	NaN	28.34	NaN	27.74	28.34	96.6	29.21	28.34	84.4	28.23	28.34	92.3
10/06/2018 8:31:48 PM	3611471508	1013.00	NaN	28.35	NaN	27.73	28.35	96.7	29.20	28.35	84.4	28.20	28.35	92.6
10/06/2018 8:31:49 PM	3611471509	1013.00	NaN	28.35	NaN	27.74	28.35	96.6	29.20	28.35	84.4	28.22	28.35	92.4
10/06/2018 8:31:50 PM	3611471510	1013.00	NaN	28.35	NaN	27.70	28.35	97.0	29.20	28.35	84.4	28.26	28.35	92.0
10/06/2018 8:31:51 PM	3611471511	1013.00	NaN	28.34	NaN	27.78	28.34	96.3	29.25	28.34	84.1	28.21	28.34	92.5
10/06/2018 8:31:52 PM	3611471512	1013.00	NaN	28.35	NaN	27.74	28.35	96.6	29.18	28.35	84.6	28.25	28.35	92.1
10/06/2018 8:31:53 PM	3611471513	1013.00	NaN	28.34	NaN	27.74	28.34	96.6	29.24	28.34	84.2	28.21	28.34	92.5
10/06/2018 8:31:54 PM	3611471514	1013.00	NaN	28.34	NaN	27.79	28.34	96.2	29.22	28.34	84.3	28.22	28.34	92.4
10/06/2018 8:31:55 PM	3611471515	1013.00	NaN	28.33	NaN	27.69	28.33	97.1	29.25	28.33	84.1	28.22	28.33	92.4
10/06/2018 8:31:56 PM	3611471516	1013.00	NaN	28.33	NaN	27.76	28.33	96.5	29.22	28.33	84.3	28.25	28.33	92.2
10/06/2018 8:31:57 PM	3611471517	1013.00	NaN	28.34	NaN	27.78	28.34	96.3	29.26	28.34	84.0	28.25	28.34	92.1
10/06/2018 8:31:58 PM	3611471518	1013.00	NaN	28.34	NaN	27.77	28.34	96.3	29.25	28.34	84.1	28.24	28.34	92.2
10/06/2018 8:31:59 PM	3611471519	1013.00	NaN	28.34	NaN	27.72	28.34	96.8	29.25	28.34	84.1	28.25	28.34	92.1
10/06/2018 8:32:00 PM	3611471520	1013.00	NaN	28.35	NaN	27.74	28.35	96.6	29.25	28.35	84.1	28.26	28.35	92.0
10/06/2018 8:32:01 PM	3611471521	1013.00	NaN	28.34	NaN	27.73	28.34	96.7	29.25	28.34	84.1	28.24	28.34	92.2
10/06/2018 8:32:02 PM	3611471522	1013.00	NaN	28.33	NaN	27.73	28.33	96.7	29.28	28.33	83.9	28.29	28.33	91.8
10/06/2018 8:32:03 PM	3611471523	1013.00	NaN	28.33	NaN	27.77	28.33	96.4	29.28	28.33	83.9	28.26	28.33	92.1
10/06/2018 8:32:04 PM	3611471524	1013.00	NaN	28.34	NaN	27.70	28.34	97.0	29.29	28.34	83.8	28.28	28.34	91.9
10/06/2018 8:32:05 PM	3611471525	1013.00	NaN	28.34	NaN	27.82	28.34	95.9	29.35	28.34	83.3	28.26	28.34	92.1
10/06/2018 8:32:06 PM	3611471526	1013.00	NaN	28.34	NaN	27.81	28.34	96.0	29.29	28.34	83.8	28.30	28.34	91.7
10/06/2018 8:32:07 PM	3611471527	1013.00	NaN	28.34	NaN	27.76	28.34	96.4	29.28	28.34	83.9	28.29	28.34	91.8
10/06/2018 8:32:08 PM	3611471528	1013.00	NaN	28.35	NaN	27.71	28.35	96.9	29.28	28.35	83.8	28.29	28.35	91.8
10/06/2018 8:32:09 PM	3611471529	1013.00	NaN	28.34	NaN	27.76	28.34	96.4	29.33	28.34	83.5	28.32	28.34	91.6
10/06/2018 8:32:10 PM	3611471530	1013.00	NaN	28.34	NaN	27.79	28.34	96.2	29.31	28.34	83.6	28.33	28.34	91.5
10/06/2018 8:32:11 PM	3611471531	1013.00	NaN	28.34	NaN	27.81	28.34	96.0	29.30	28.34	83.7	28.34	28.34	91.4
10/06/2018 8:32:12 PM	3611471532	1013.00	NaN	28.34	NaN	27.84	28.34	95.7	29.31	28.34	83.6	28.33	28.34	91.5
10/06/2018 8:32:13 PM	3611471533	1013.00	NaN	28.33	NaN	27.78	28.33	96.3	29.33	28.33	83.5	28.32	28.33	91.6
10/06/2018 8:32:14 PM	3611471534	1013.00	NaN	28.33	NaN	27.79	28.33	96.2	29.33	28.33	83.5	28.35	28.33	91.3
10/06/2018 8:32:15 PM	3611471535	1013.00	NaN	28.33	NaN	27.80	28.33	96.1	29.28	28.33	83.9	28.38	28.33	91.1
10/06/2018 8:32:16 PM	3611471536	1013.00	NaN	28.34	NaN	27.81	28.34	96.0	29.33	28.34	83.5	28.39	28.34	91.0
10/06/2018 8:32:17 PM	3611471537	1013.00	NaN	28.34	NaN	27.85	28.34	95.6	29.33	28.34	83.5	28.38	28.34	91.0
10/06/2018 8:32:18 PM	3611471538	1013.00	NaN	28.35	NaN	27.78	28.35	96.2	29.36	28.35	83.2	28.38	28.35	91.0
10/06/2018 8:32:19 PM	3611471539	1013.00	NaN	28.36	NaN	27.82	28.36	95.9	29.32	28.36	83.5	28.41	28.36	90.8
10/06/2018 8:32:20 PM	3611471540	1013.00	NaN	28.36	NaN	27.86	28.36	95.5	29.36	28.36	83.2	28.44	28.36	90.5
10/06/2018 8:32:21 PM	3611471541	1013.00	NaN	28.36	NaN	27.90	28.36	95.2	29.34	28.36	83.4	28.43	28.36	90.6
10/06/2018 8:32:22 PM	3611471542	1013.00	NaN	28.36	NaN	27.85	28.36	95.6	29.37	28.36	83.1	28.47	28.36	90.3
10/06/2018 8:32:23 PM	3611471543	1013.00	NaN	28.35	NaN	27.82	28.35	95.9	29.37	28.35	83.2	28.48	28.35	90.2
10/06/2018 8:32:24 PM	3611471544	1013.00	NaN	28.36	NaN	27.82	28.36	95.9	29.37	28.36	83.1	28.48	28.36	90.2
10/06/2018 8:32:25 PM	3611471545	1013.00	NaN	28.36	NaN	27.84	28.36	95.7	29.40	28.36	82.9	28.47	28.36	90.3
10/06/2018 8:32:26 PM	3611471546	1013.00	NaN	28.36	NaN	27.90	28.36	95.2	29.38	28.36	83.1	28.51	28.36	89.9
10/06/2018 8:32:27 PM	3611471547	1013.00	NaN	28.35	NaN	27.85	28.35	95.6	29.37	28.35	83.2	28.54	28.35	89.7
10/06/2018 8:32:28 PM	3611471548	1013.00	NaN	28.36	NaN	27.78	28.36	96.2	29.42	28.36	82.8	28.58	28.36	89.4
10/06/2018 8:32:29 PM	3611471549	1013.00	NaN	28.36	NaN	27.88	28.36	95.3	29.45	28.36	82.5	28.55	28.36	89.6
10/06/2018 8:32:30 PM	3611471550	1013.00	NaN	28.36	NaN	27.80	28.36	96.0	29.40	28.36	82.9	28.54	28.36	89.7
10/06/2018 8:32:31 PM	3611471551	1013.00	NaN	28.35	NaN	27.85	28.35	95.6	29.40	28.35	82.9	28.57	28.35	89.5
10/06/2018 8:32:32 PM	3611471552	1013.00	NaN	28.34	NaN	27.84	28.34	95.7	29.41	28.34	82.9	28.56	28.34	89.5
10/06/2018 8:32:33 PM	3611471553	1013.00	NaN	28.34	NaN	27.87	28.34	95.5	29.40	28.34	82.9	28.58	28.34	89.4
10/06/2018 8:32:34 PM	3611471554	1013.00	NaN	28.34	NaN	27.90	28.34	95.2	29.38	28.34	83.1	28.57	28.34	89.5
10/06/2018 8:32:35 PM	3611471555	1013.00	NaN	28.34	NaN	27.79	28.34	96.2	29.37	28.34	83.2	28.59	28.34	89.3
10/06/2018 8:32:36 PM	3611471556	1013.00	NaN	28.34	NaN	27.84	28.34	95.7	29.46	28.34	82.5	28.60	28.34	89.2
10/06/2018 8:32:37 PM	3611471557	1013.00	NaN	28.35	NaN	27.79	28.35	96.2	29.41	28.35	82.9	28.60	28.35	89.2
10/06/2018 8:32:38 PM	3611471558	1013.00	NaN	28.35	NaN	27.91	28.35	95.1	29.46	28.35	82.5	28.60	28.35	89.2
10/06/2018 8:32:39 PM	3611471559	1013.00	NaN	28.35	NaN	27.90	28.35	95.2	29.45	28.35	82.6	28.62	28.35	89.0
10/06/2018 8:32:40 PM	3611471560	1013.00	NaN	28.35	NaN	27.88	28.35	95.3	29.47	28.35	82.4	28.59	28.35	89.3
10/06/2018 8:32:41 PM	3611471561	1013.00	NaN	28.35	NaN	27.85	28.35	95.6	29.46	28.35	82.5	28.60	28.35	89.2
10/06/2018 8:32:42 PM	3611471562	1013.00	NaN	28.34	NaN	27.89	28.34	95.3	29.47	28.34	82.4	28.62	28.34	89.1
10/06/2018 8:32:43 PM	3611471563	1013.00	NaN	28.34	NaN	27.87	28.34	95.5	29.44	28.34	82.6	28.61	28.34	89.1
10/06/2018 8:32:44 PM	3611471564	1013.00	NaN	28.34	NaN	27.86	28.34	95.5	29.43	28.34	82.7	28.61	28.34	89.1
10/06/2018 8:32:45 PM	3611471565	1013.00	NaN	28.34	NaN	27.93	28.34	94.9	29.47	28.34	82.4	28.62	28.34	89.1
10/06/2018 8:32:46 PM	3611471566	1013.00	NaN	28.35	NaN	27.90	28.35	95.2	29.47	28.35	82.4	28.65	28.35	88.8
10/06/2018 8:32:47 PM	3611471567	1013.00	NaN	28.35	NaN	27.76	28.35	96.4	29.50	28.35	82.2	28.60	28.35	89.2
10/06/2018 8:32:48 PM	3611471568	1013.00	NaN	28.36	NaN	27.84	28.36	95.7	29.50	28.36	82.2	28.64	28.36	88.9
10/06/2018 8:32:49 PM	3611471569	1013.00	NaN	28.36	NaN	27.90	28.36	95.2	29.46	28.36	82.5	28.65	28.36	88.8
10/06/2018 8:32:50 PM	3611471570	1013.00	NaN	28.36	NaN	27.91	28.36	95.1	29.51	28.36	82.1	28.69	28.36	88.5
10/06/2018 8:32:51 PM	3611471571	1013.00	NaN	28.35	NaN	27.92	28.35	95.0	29.50	28.35	82.2	28.67	28.35	88.6
10/06/2018 8:32:52 PM	3611471572	1013.00	NaN	28.35	NaN	27.98	28.35	94.5	29.52	28.35	82.0	28.66	28.35	88.7
10/06/2018 8:32:53 PM	3611471573	1013.00	NaN	28.34	NaN	28.04	28.34	94.0	29.50	28.34	82.2	28.69	28.34	88.5
10/06/2018 8:32:54 PM	3611471574	1013.00	NaN	28.34	NaN	28.08	28.34	93.6	29.54	28.34	81.9	28.71	28.34	88.3
10/06/2018 8:32:55 PM	3611471575	1013.00	NaN	28.35	NaN	28.00	28.35	94.3	29.53	28.35	82.0	28.71	28.35	88.3
10/06/2018 8:32:56 PM	3611471576	1013.00	NaN	28.35	NaN	27.96	28.35	94.6	29.51	28.35	82.1	28.75	28.35	88.0
10/06/2018 8:32:57 PM	3611471577	1013.00	NaN	28.36	NaN	28.07	28.36	93.7	29.53	28.36	81.9	28.73	28.36	88.1
10/06/2018 8:32:58 PM	3611471578	1013.00	NaN	28.36	NaN	28.04	28.36	93.9	29.56	28.36	81.7	28.77	28.36	87.8
10/06/2018 8:32:59 PM	3611471579	1013.00	NaN	28.36	NaN	28.03	28.36	94.0	29.60	28.36	81.4	28.78	28.36	87.7
10/06/2018 8:33:00 PM	3611471580	1013.00	NaN	28.36	NaN	28.04	28.36	93.9	29.60	28.36	81.4	28.74	28.36	88.1
10/06/2018 8:33:01 PM	3611471581	1013.00	NaN	28.37	NaN	28.08	28.37	93.6	29.59	28.37	81.5	28.77	28.37	87.8
10/06/2018 8:33:02 PM	3611471582	1013.00	NaN	28.37	NaN	28.07	28.37	93.6	29.65	28.37	81.1	28.78	28.37	87.7
10/06/2018 8:33:03 PM	3611471583	1013.00	NaN	28.37	NaN	28.01	28.37	94.2	29.65	28.37	81.1	28.77	28.37	87.8
10/06/2018 8:33:04 PM	3611471584	1013.00	NaN	28.36	NaN	28.07	28.36	93.7	29.67	28.36	80.9	28.81	28.36	87.5
10/06/2018 8:33:05 PM	3611471585	1013.00	NaN	28.36	NaN	28.00	28.36	94.3	29.62	28.36	81.3	28.79	28.36	87.6
10/06/2018 8:33:06 PM	3611471586	1013.00	NaN	28.36	NaN	28.04	28.36	93.9	29.70	28.36	80.7	28.76	28.36	87.9
10/06/2018 8:33:07 PM	3611471587	1013.00	NaN	28.37	NaN	27.99	28.37	94.3	29.73	28.37	80.5	28.79	28.37	87.6
10/06/2018 8:33:08 PM	3611471588	1013.00	NaN	28.36	NaN	28.06	28.36	93.7	29.72	28.36	80.6	28.81	28.36	87.5
10/06/2018 8:33:09 PM	3611471589	1013.00	NaN	28.36	NaN	28.04	28.36	93.9	29.75	28.36	80.3	28.82	28.36	87.4
10/06/2018 8:33:10 PM	3611471590	1013.00	NaN	28.36	NaN	28.03	28.36	94.0	29.75	28.36	80.3	28.82	28.36	87.4
10/06/2018 8:33:11 PM	3611471591	1013.00	NaN	28.35	NaN	28.11	28.35	93.3	29.74	28.35	80.4	28.82	28.35	87.4
10/06/2018 8:33:12 PM	3611471592	1013.00	NaN	28.35	NaN	28.09	28.35	93.5	29.77	28.35	80.2	28.87	28.35	87.0
10/06/2018 8:33:13 PM	3611471593	1013.00	NaN	28.36	NaN	28.09	28.36	93.5	29.75	28.36	80.3	28.86	28.36	87.1
10/06/2018 8:33:14 PM	3611471594	1013.00	NaN	28.36	NaN	28.08	28.36	93.6	29.82	28.36	79.8	28.88	28.36	86.9
10/06/2018 8:33:15 PM	3611471595	1013.00	NaN	28.35	NaN	28.07	28.35	93.7	29.82	28.35	79.8	28.85	28.35	87.2
10/06/2018 8:33:16 PM	3611471596	1013.00	NaN	28.36	NaN	28.06	28.36	93.7	29.84	28.36	79.7	28.90	28.36	86.8
10/06/2018 8:33:17 PM	3611471597	1013.00	NaN	28.37	NaN	28.05	28.37	93.8	29.89	28.37	79.3	28.90	28.37	86.8
10/06/2018 8:33:18 PM	3611471598	1013.00	NaN	28.36	NaN	28.10	28.36	93.4	29.84	28.36	79.7	28.91	28.36	86.7
10/06/2018 8:33:19 PM	3611471599	1013.00	NaN	28.35	NaN	28.06	28.35	93.8	29.89	28.35	79.3	28.91	28.35	86.7
10/06/2018 8:33:20 PM	3611471600	1013.00	NaN	28.36	NaN	28.19	28.36	92.6	29.89	28.36	79.3	28.92	28.36	86.6
10/06/2018 8:33:21 PM	3611471601	1013.00	NaN	28.36	NaN	28.11	28.36	93.3	29.90	28.36	79.3	28.94	28.36	86.5
10/06/2018 8:33:22 PM	3611471602	1013.00	NaN	28.35	NaN	28.21	28.35	92.5	29.95	28.35	78.9	28.93	28.35	86.5
10/06/2018 8:33:23 PM	3611471603	1013.00	NaN	28.35	NaN	28.19	28.35	92.6	29.99	28.35	78.6	28.95	28.35	86.4
10/06/2018 8:33:24 PM	3611471604	1013.00	NaN	28.36	NaN	28.30	28.36	91.7	29.98	28.36	78.7	28.92	28.36	86.6
10/06/2018 8:33:25 PM	3611471605	1013.00	NaN	28.36	NaN	28.25	28.36	92.1	30.02	28.36	78.4	28.96	28.36	86.3
10/06/2018 8:33:26 PM	3611471606	1013.00	NaN	28.37	NaN	28.21	28.37	92.4	29.94	28.37	79.0	28.96	28.37	86.3
10/06/2018 8:33:27 PM	3611471607	1013.00	NaN	28.37	NaN	28.18	28.37	92.7	29.99	28.37	78.6	28.97	28.37	86.2
10/06/2018 8:33:28 PM	3611471608	1013.00	NaN	28.37	NaN	28.17	28.37	92.8	29.98	28.37	78.7	28.96	28.37	86.3
10/06/2018 8:33:29 PM	3611471609	1013.00	NaN	28.36	NaN	28.32	28.36	91.5	30.03	28.36	78.3	28.97	28.36	86.2
10/06/2018 8:33:30 PM	3611471610	1013.00	NaN	28.36	NaN	28.25	28.36	92.1	29.98	28.36	78.7	28.96	28.36	86.3
10/06/2018 8:33:31 PM	3611471611	1013.00	NaN	28.36	NaN	28.21	28.36	92.5	30.02	28.36	78.4	28.97	28.36	86.2
10/06/2018 8:33:32 PM	3611471612	1013.00	NaN	28.36	NaN	28.21	28.36	92.5	30.02	28.36	78.4	28.96	28.36	86.3
10/06/2018 8:33:33 PM	3611471613	1013.00	NaN	28.36	NaN	28.16	28.36	92.9	30.02	28.36	78.4	28.99	28.36	86.1
10/06/2018 8:33:34 PM	3611471614	1013.00	NaN	28.37	NaN	28.17	28.37	92.8	30.04	28.37	78.3	28.98	28.37	86.1
10/06/2018 8:33:35 PM	3611471615	1013.00	NaN	28.37	NaN	28.31	28.37	91.6	30.05	28.37	78.2	29.01	28.37	85.9
10/06/2018 8:33:36 PM	3611471616	1013.00	NaN	28.37	NaN	28.27	28.37	91.9	30.03	28.37	78.3	28.97	28.37	86.2
10/06/2018 8:33:37 PM	3611471617	1013.00	NaN	28.36	NaN	28.26	28.36	92.0	30.05	28.36	78.2	29.00	28.36	86.0
10/06/2018 8:33:38 PM	3611471618	1013.00	NaN	28.36	NaN	28.30	28.36	91.7	30.06	28.36	78.1	28.99	28.36	86.1
10/06/2018 8:33:39 PM	3611471619	1013.00	NaN	28.36	NaN	28.32	28.36	91.5	30.11	28.36	77.8	29.02	28.36	85.8
10/06/2018 8:33:40 PM	3611471620	1013.00	NaN	28.36	NaN	28.32	28.36	91.5	30.05	28.36	78.2	28.99	28.36	86.1
10/06/2018 8:33:41 PM	3611471621	1013.00	NaN	28.36	NaN	28.25	28.36	92.1	30.10	28.36	77.9	29.01	28.36	85.9
10/06/2018 8:33:42 PM	3611471622	1013.00	NaN	28.36	NaN	28.26	28.36	92.0	30.09	28.36	77.9	29.00	28.36	86.0
10/06/2018 8:33:43 PM	3611471623	1013.00	NaN	28.36	NaN	28.30	28.36	91.7	30.10	28.36	77.9	29.02	28.36	85.8
10/06/2018 8:33:44 PM	3611471624	1013.00	NaN	28.36	NaN	28.26	28.36	92.0	30.11	28.36	77.8	29.00	28.36	86.0
10/06/2018 8:33:45 PM	3611471625	1013.00	NaN	28.36	NaN	28.34	28.36	91.3	30.14	28.36	77.6	29.03	28.36	85.7
10/06/2018 8:33:46 PM	3611471626	1013.00	NaN	28.36	NaN	28.31	28.36	91.6	30.11	28.36	77.8	29.02	28.36	85.8
10/06/2018 8:33:47 PM	3611471627	1013.00	NaN	28.37	NaN	28.23	28.37	92.3	30.14	28.37	77.6	29.02	28.37	85.8
10/06/2018 8:33:48 PM	3611471628	1013.00	NaN	28.37	NaN	28.39	28.37	90.9	30.11	28.37	77.8	29.01	28.37	85.9
10/06/2018 8:33:49 PM	3611471629	1013.00	NaN	28.37	NaN	28.31	28.37	91.6	30.12	28.37	77.7	29.03	28.37	85.7
10/06/2018 8:33:50 PM	3611471630	1013.00	NaN	28.37	NaN	28.30	28.37	91.7	30.08	28.37	78.0	29.01	28.37	85.9
10/06/2018 8:33:51 PM	3611471631	1013.00	NaN	28.37	NaN	28.28	28.37	91.8	30.15	28.37	77.5	29.02	28.37	85.8
10/06/2018 8:33:52 PM	3611471632	1013.00	NaN	28.37	NaN	28.26	28.37	92.0	30.14	28.37	77.6	29.01	28.37	85.9
10/06/2018 8:33:53 PM	3611471633	1013.00	NaN	28.37	NaN	28.30	28.37	91.7	30.16	28.37	77.4	29.04	28.37	85.7
10/06/2018 8:33:54 PM	3611471634	1013.00	NaN	28.36	NaN	28.37	28.36	91.1	30.14	28.36	77.6	29.05	28.36	85.6
10/06/2018 8:33:55 PM	3611471635	1013.00	NaN	28.36	NaN	28.33	28.36	91.4	30.17	28.36	77.4	29.03	28.36	85.7
10/06/2018 8:33:56 PM	3611471636	1013.00	NaN	28.36	NaN	28.35	28.36	91.3	30.18	28.36	77.3	29.04	28.36	85.7
10/06/2018 8:33:57 PM	3611471637	1013.00	NaN	28.36	NaN	28.32	28.36	91.5	30.21	28.36	77.1	29.04	28.36	85.7
10/06/2018 8:33:58 PM	3611471638	1013.00	NaN	28.36	NaN	28.37	28.36	91.1	30.19	28.36	77.2	29.08	28.36	85.4
10/06/2018 8:33:59 PM	3611471639	1013.00	NaN	28.37	NaN	28.38	28.37	91.0	30.22	28.37	77.0	29.07	28.37	85.4
10/06/2018 8:34:00 PM	3611471640	1013.00	NaN	28.36	NaN	28.29	28.36	91.8	30.25	28.36	76.8	29.07	28.36	85.4
10/06/2018 8:34:01 PM	3611471641	1013.00	NaN	28.36	NaN	28.33	28.36	91.4	30.22	28.36	77.0	29.09	28.36	85.3
10/06/2018 8:34:02 PM	3611471642	1013.00	NaN	28.36	NaN	28.33	28.36	91.4	30.21	28.36	77.1	29.14	28.36	84.9
10/06/2018 8:34:03 PM	3611471643	1013.00	NaN	28.36	NaN	28.34	28.36	91.3	30.26	28.36	76.8	29.13	28.36	85.0
10/06/2018 8:34:04 PM	3611471644	1013.00	NaN	28.36	NaN	28.32	28.36	91.5	30.22	28.36	77.0	29.16	28.36	84.7
10/06/2018 8:34:05 PM	3611471645	1013.00	NaN	28.37	NaN	28.39	28.37	90.9	30.28	28.37	76.6	29.15	28.37	84.8
10/06/2018 8:34:06 PM	3611471646	1013.00	NaN	28.36	NaN	28.36	28.36	91.2	30.30	28.36	76.5	29.14	28.36	84.9
10/06/2018 8:34:07 PM	3611471647	1013.00	NaN	28.37	NaN	28.32	28.37	91.5	30.28	28.37	76.6	29.15	28.37	84.8
10/06/2018 8:34:08 PM	3611471648	1013.00	NaN	28.38	NaN	28.33	28.38	91.4	30.27	28.38	76.7	29.18	28.38	84.6
10/06/2018 8:34:09 PM	3611471649	1013.00	NaN	28.38	NaN	28.45	28.38	90.4	30.29	28.38	76.5	29.19	28.38	84.5
10/06/2018 8:34:10 PM	3611471650	1013.00	NaN	28.37	NaN	28.29	28.37	91.8	30.30	28.37	76.5	29.18	28.37	84.6
10/06/2018 8:34:11 PM	3611471651	1013.00	NaN	28.38	NaN	28.30	28.38	91.7	30.29	28.38	76.5	29.18	28.38	84.6
10/06/2018 8:34:12 PM	3611471652	1013.00	NaN	28.37	NaN	28.32	28.37	91.5	30.35	28.37	76.1	29.20	28.37	84.4
10/06/2018 8:34:13 PM	3611471653	1013.00	NaN	28.37	NaN	28.43	28.37	90.6	30.30	28.37	76.5	29.21	28.37	84.3
10/06/2018 8:34:14 PM	3611471654	1013.00	NaN	28.36	NaN	28.38	28.36	91.0	30.31	28.36	76.4	29.19	28.36	84.5
10/06/2018 8:34:15 PM	3611471655	1013.00	NaN	28.37	NaN	28.41	28.37	90.7	30.30	28.37	76.5	29.22	28.37	84.3
10/06/2018 8:34:16 PM	3611471656	1013.00	NaN	28.36	NaN	28.29	28.36	91.8	30.33	28.36	76.3	29.18	28.36	84.6
10/06/2018 8:34:17 PM	3611471657	1013.00	NaN	28.37	NaN	28.37	28.37	91.1	30.34	28.37	76.2	29.24	28.37	84.1
10/06/2018 8:34:18 PM	3611471658	1013.00	NaN	28.37	NaN	28.31	28.37	91.6	30.38	28.37	75.9	29.21	28.37	84.3
10/06/2018 8:34:19 PM	3611471659	1013.00	NaN	28.37	NaN	28.36	28.37	91.2	30.38	28.37	75.9	29.20	28.37	84.4
