Date & time of file creation	16/06/2018 5:26 PM													
Data file path	C:\Users\ameli\Desktop\Luke Strasiotto\160618\Old_9.txt													
														
														
CALIBRATION DATA														
Parameter/Channel	N moving average	LO phase [r.U.]	HI phase [r.U.]	LO oxygen [%air saturation]	HI oxygen [%air saturation]	LO temperature [°C]	HI temperature [°C]	Salinity [‰]						
S WOT 0041 000001   , CH 1	1	59.79	28.43	0.00	100.00	18.97	19.02	0.000						
S WOT 0041 000001   , CH 2	1	59.79	28.43	0.00	100.00	18.97	19.02	0.000						
S WOT 0041 000001   , CH 3	1	59.79	28.43	0.00	100.00	18.97	19.02	0.000						
S WOT 0041 000001   , CH 4	1	59.79	27.97	0.00	100.00	18.97	19.02	0.000						
														
														
Date &Time [DD-MM-YYYY HH:MM:SS]	Time stamp code	Barometric pressure [hPa]	S WOT 0041 000001   , CH 1 phase [r.U.]	S WOT 0041 000001   , CH 1 temp [°C]	S WOT 0041 000001   , CH 1 O2 [% air saturation]	S WOT 0041 000001   , CH 2 phase [r.U.]	S WOT 0041 000001   , CH 2 temp [°C]	S WOT 0041 000001   , CH 2 O2 [% air saturation]	S WOT 0041 000001   , CH 3 phase [r.U.]	S WOT 0041 000001   , CH 3 temp [°C]	S WOT 0041 000001   , CH 3 O2 [% air saturation]	S WOT 0041 000001   , CH 4 phase [r.U.]	S WOT 0041 000001   , CH 4 temp [°C]	S WOT 0041 000001   , CH 4 O2 [% air saturation]
16/06/2018 5:27:46 PM	3611978866	1013.00	28.45	19.01	99.8	28.29	19.01	101.3	28.55	19.01	98.9	NaN	19.01	NaN
16/06/2018 5:27:47 PM	3611978867	1013.00	28.41	19.01	100.2	28.32	19.01	101.0	28.56	19.01	98.8	NaN	19.01	NaN
16/06/2018 5:27:48 PM	3611978868	1013.00	28.43	19.01	100.0	28.29	19.01	101.3	28.57	19.01	98.7	NaN	19.01	NaN
16/06/2018 5:27:49 PM	3611978869	1013.00	28.44	19.01	99.9	28.31	19.01	101.1	28.54	19.01	99.0	NaN	19.01	NaN
16/06/2018 5:27:50 PM	3611978870	1013.00	28.44	19.01	99.9	28.29	19.01	101.3	28.54	19.01	99.0	NaN	19.01	NaN
16/06/2018 5:27:51 PM	3611978871	1013.00	28.43	19.02	100.0	28.26	19.02	101.6	28.54	19.02	99.0	NaN	19.02	NaN
16/06/2018 5:27:52 PM	3611978872	1013.00	28.44	19.02	99.9	28.28	19.02	101.4	28.53	19.02	99.1	NaN	19.02	NaN
16/06/2018 5:27:53 PM	3611978873	1013.00	28.45	19.02	99.8	28.31	19.02	101.1	28.56	19.02	98.8	NaN	19.02	NaN
16/06/2018 5:27:54 PM	3611978874	1013.00	28.47	19.02	99.6	28.30	19.02	101.2	28.56	19.02	98.8	NaN	19.02	NaN
16/06/2018 5:27:55 PM	3611978875	1013.00	28.44	19.02	99.9	28.30	19.02	101.2	28.51	19.02	99.3	NaN	19.02	NaN
16/06/2018 5:27:56 PM	3611978876	1013.00	28.45	19.02	99.8	28.29	19.02	101.3	28.52	19.02	99.2	NaN	19.02	NaN
16/06/2018 5:27:57 PM	3611978877	1013.00	28.46	19.01	99.7	28.32	19.01	101.0	28.54	19.01	99.0	NaN	19.01	NaN
16/06/2018 5:27:58 PM	3611978878	1013.00	28.46	19.01	99.7	28.28	19.01	101.4	28.53	19.01	99.1	NaN	19.01	NaN
16/06/2018 5:27:59 PM	3611978879	1013.00	28.44	19.02	99.9	28.28	19.02	101.4	28.53	19.02	99.1	NaN	19.02	NaN
16/06/2018 5:28:00 PM	3611978880	1013.00	28.43	19.01	100.0	28.29	19.01	101.3	28.51	19.01	99.3	NaN	19.01	NaN
16/06/2018 5:28:01 PM	3611978881	1013.00	28.44	19.02	99.9	28.30	19.02	101.2	28.53	19.02	99.1	NaN	19.02	NaN
16/06/2018 5:28:02 PM	3611978882	1013.00	28.45	19.02	99.8	28.30	19.02	101.2	28.54	19.02	99.0	NaN	19.02	NaN
16/06/2018 5:28:03 PM	3611978883	1013.00	28.43	19.02	100.0	28.27	19.02	101.5	28.52	19.02	99.2	NaN	19.02	NaN
16/06/2018 5:28:04 PM	3611978884	1013.00	28.45	19.01	99.8	28.29	19.01	101.3	28.52	19.01	99.2	NaN	19.01	NaN
16/06/2018 5:28:05 PM	3611978885	1013.00	28.44	19.01	99.9	28.31	19.01	101.1	28.54	19.01	99.0	NaN	19.01	NaN
16/06/2018 5:28:06 PM	3611978886	1013.00	28.44	19.01	99.9	28.26	19.01	101.6	28.53	19.01	99.1	NaN	19.01	NaN
16/06/2018 5:28:07 PM	3611978887	1013.00	28.43	19.01	100.0	28.32	19.01	101.0	28.57	19.01	98.7	NaN	19.01	NaN
16/06/2018 5:28:08 PM	3611978888	1013.00	28.45	19.01	99.8	28.31	19.01	101.1	28.54	19.01	99.0	NaN	19.01	NaN
16/06/2018 5:28:09 PM	3611978889	1013.00	28.43	19.01	100.0	28.33	19.01	100.9	28.53	19.01	99.1	NaN	19.01	NaN
16/06/2018 5:28:10 PM	3611978890	1013.00	28.45	19.02	99.8	28.30	19.02	101.2	28.55	19.02	98.9	NaN	19.02	NaN
16/06/2018 5:28:11 PM	3611978891	1013.00	28.43	19.01	100.0	28.33	19.01	100.9	28.53	19.01	99.1	NaN	19.01	NaN
16/06/2018 5:28:12 PM	3611978892	1013.00	28.43	19.02	100.0	28.33	19.02	100.9	28.55	19.02	98.9	NaN	19.02	NaN
16/06/2018 5:28:13 PM	3611978893	1013.00	28.45	19.02	99.8	28.34	19.02	100.8	28.49	19.02	99.4	NaN	19.02	NaN
16/06/2018 5:28:14 PM	3611978894	1013.00	28.44	19.02	99.9	28.29	19.02	101.3	28.55	19.02	98.9	NaN	19.02	NaN
16/06/2018 5:28:15 PM	3611978895	1013.00	28.46	19.02	99.7	28.29	19.02	101.3	28.54	19.02	99.0	NaN	19.02	NaN
16/06/2018 5:28:16 PM	3611978896	1013.00	28.45	19.02	99.8	28.29	19.02	101.3	28.57	19.02	98.7	NaN	19.02	NaN
16/06/2018 5:28:17 PM	3611978897	1013.00	28.46	19.02	99.7	28.28	19.02	101.4	28.55	19.02	98.9	NaN	19.02	NaN
16/06/2018 5:28:18 PM	3611978898	1013.00	28.44	19.02	99.9	28.28	19.02	101.4	28.54	19.02	99.0	NaN	19.02	NaN
16/06/2018 5:28:19 PM	3611978899	1013.00	28.44	19.02	99.9	28.31	19.02	101.1	28.58	19.02	98.6	NaN	19.02	NaN
16/06/2018 5:28:20 PM	3611978900	1013.00	28.44	19.02	99.9	28.31	19.02	101.1	28.53	19.02	99.1	NaN	19.02	NaN
16/06/2018 5:28:21 PM	3611978901	1013.00	28.42	19.02	100.1	28.32	19.02	101.0	28.52	19.02	99.2	NaN	19.02	NaN
16/06/2018 5:28:22 PM	3611978902	1013.00	28.43	19.01	100.0	28.32	19.01	101.0	28.53	19.01	99.1	NaN	19.01	NaN
16/06/2018 5:28:23 PM	3611978903	1013.00	28.44	19.00	99.9	28.27	19.00	101.5	28.53	19.00	99.1	NaN	19.00	NaN
16/06/2018 5:28:24 PM	3611978904	1013.00	28.44	19.00	99.9	28.30	19.00	101.2	28.56	19.00	98.8	NaN	19.00	NaN
16/06/2018 5:28:25 PM	3611978905	1013.00	28.42	19.00	100.1	28.31	19.00	101.1	28.54	19.00	99.0	NaN	19.00	NaN
16/06/2018 5:28:26 PM	3611978906	1013.00	28.42	19.00	100.1	28.31	19.00	101.1	28.56	19.00	98.8	NaN	19.00	NaN
16/06/2018 5:28:27 PM	3611978907	1013.00	28.47	19.00	99.7	28.33	19.00	101.0	28.54	19.00	99.0	NaN	19.00	NaN
16/06/2018 5:28:28 PM	3611978908	1013.00	28.46	19.00	99.8	28.32	19.00	101.1	28.55	19.00	98.9	NaN	19.00	NaN
16/06/2018 5:28:29 PM	3611978909	1013.00	28.43	19.01	100.0	28.35	19.01	100.8	28.55	19.01	98.9	NaN	19.01	NaN
16/06/2018 5:28:30 PM	3611978910	1013.00	28.43	19.00	100.0	28.27	19.00	101.5	28.55	19.00	98.9	NaN	19.00	NaN
16/06/2018 5:28:31 PM	3611978911	1013.00	28.45	19.00	99.9	28.35	19.00	100.8	28.52	19.00	99.2	NaN	19.00	NaN
16/06/2018 5:28:32 PM	3611978912	1013.00	28.44	19.00	99.9	28.31	19.00	101.1	28.55	19.00	98.9	NaN	19.00	NaN
16/06/2018 5:28:33 PM	3611978913	1013.00	28.43	19.00	100.0	28.32	19.00	101.1	28.56	19.00	98.8	NaN	19.00	NaN
16/06/2018 5:28:34 PM	3611978914	1013.00	28.44	19.00	99.9	28.28	19.00	101.4	28.59	19.00	98.6	NaN	19.00	NaN
16/06/2018 5:28:35 PM	3611978915	1013.00	28.43	19.00	100.0	28.29	19.00	101.3	28.57	19.00	98.8	NaN	19.00	NaN
16/06/2018 5:28:36 PM	3611978916	1013.00	28.45	19.01	99.8	28.29	19.01	101.3	28.56	19.01	98.8	NaN	19.01	NaN
16/06/2018 5:28:37 PM	3611978917	1013.00	28.44	19.01	99.9	28.32	19.01	101.0	28.59	19.01	98.6	NaN	19.01	NaN
16/06/2018 5:28:38 PM	3611978918	1013.00	28.46	19.01	99.7	28.28	19.01	101.4	28.56	19.01	98.8	NaN	19.01	NaN
16/06/2018 5:28:39 PM	3611978919	1013.00	28.45	19.01	99.8	28.38	19.01	100.5	28.54	19.01	99.0	NaN	19.01	NaN
16/06/2018 5:28:40 PM	3611978920	1013.00	28.44	19.01	99.9	28.34	19.01	100.9	28.58	19.01	98.6	NaN	19.01	NaN
16/06/2018 5:28:41 PM	3611978921	1013.00	28.44	19.01	99.9	28.34	19.01	100.9	28.58	19.01	98.6	NaN	19.01	NaN
16/06/2018 5:28:42 PM	3611978922	1013.00	28.45	19.00	99.9	28.31	19.00	101.1	28.56	19.00	98.8	NaN	19.00	NaN
16/06/2018 5:28:43 PM	3611978923	1013.00	28.45	19.00	99.9	28.32	19.00	101.1	28.59	19.00	98.6	NaN	19.00	NaN
16/06/2018 5:28:44 PM	3611978924	1013.00	28.44	19.00	99.9	28.31	19.00	101.1	28.61	19.00	98.4	NaN	19.00	NaN
16/06/2018 5:28:45 PM	3611978925	1013.00	28.44	19.00	99.9	28.33	19.00	101.0	28.57	19.00	98.8	NaN	19.00	NaN
16/06/2018 5:28:46 PM	3611978926	1013.00	28.47	19.00	99.7	28.34	19.00	100.9	28.58	19.00	98.7	NaN	19.00	NaN
16/06/2018 5:28:47 PM	3611978927	1013.00	28.44	19.00	99.9	28.35	19.00	100.8	28.60	19.00	98.5	NaN	19.00	NaN
16/06/2018 5:28:48 PM	3611978928	1013.00	28.45	19.01	99.8	28.37	19.01	100.6	28.59	19.01	98.6	NaN	19.01	NaN
16/06/2018 5:28:49 PM	3611978929	1013.00	28.43	19.02	100.0	28.35	19.02	100.7	28.60	19.02	98.4	NaN	19.02	NaN
16/06/2018 5:28:50 PM	3611978930	1013.00	28.45	19.02	99.8	28.36	19.02	100.6	28.56	19.02	98.8	NaN	19.02	NaN
16/06/2018 5:28:51 PM	3611978931	1013.00	28.45	19.02	99.8	28.32	19.02	101.0	28.60	19.02	98.4	NaN	19.02	NaN
16/06/2018 5:28:52 PM	3611978932	1013.00	28.47	19.02	99.6	28.37	19.02	100.6	28.60	19.02	98.4	NaN	19.02	NaN
16/06/2018 5:28:53 PM	3611978933	1013.00	28.46	19.01	99.7	28.39	19.01	100.4	28.62	19.01	98.3	NaN	19.01	NaN
16/06/2018 5:28:54 PM	3611978934	1013.00	28.43	19.01	100.0	28.32	19.01	101.0	28.63	19.01	98.2	NaN	19.01	NaN
16/06/2018 5:28:55 PM	3611978935	1013.00	28.45	19.00	99.9	28.41	19.00	100.2	28.58	19.00	98.7	NaN	19.00	NaN
16/06/2018 5:28:56 PM	3611978936	1013.00	28.45	19.00	99.9	28.36	19.00	100.7	28.62	19.00	98.3	NaN	19.00	NaN
16/06/2018 5:28:57 PM	3611978937	1013.00	28.44	19.01	99.9	28.34	19.01	100.9	28.60	19.01	98.5	NaN	19.01	NaN
16/06/2018 5:28:58 PM	3611978938	1013.00	28.47	19.01	99.7	28.36	19.01	100.7	28.63	19.01	98.2	NaN	19.01	NaN
16/06/2018 5:28:59 PM	3611978939	1013.00	28.45	19.02	99.8	28.37	19.02	100.6	28.61	19.02	98.4	NaN	19.02	NaN
16/06/2018 5:29:00 PM	3611978940	1013.00	28.45	19.01	99.8	28.34	19.01	100.9	28.62	19.01	98.3	NaN	19.01	NaN
16/06/2018 5:29:01 PM	3611978941	1013.00	28.45	19.00	99.9	28.36	19.00	100.7	28.63	19.00	98.2	NaN	19.00	NaN
16/06/2018 5:29:02 PM	3611978942	1013.00	28.43	19.00	100.0	28.38	19.00	100.5	28.62	19.00	98.3	NaN	19.00	NaN
16/06/2018 5:29:03 PM	3611978943	1013.00	28.42	19.00	100.1	28.40	19.00	100.3	28.64	19.00	98.1	NaN	19.00	NaN
16/06/2018 5:29:04 PM	3611978944	1013.00	28.45	19.00	99.9	28.35	19.00	100.8	28.62	19.00	98.3	NaN	19.00	NaN
16/06/2018 5:29:05 PM	3611978945	1013.00	28.45	19.01	99.8	28.40	19.01	100.3	28.62	19.01	98.3	NaN	19.01	NaN
16/06/2018 5:29:06 PM	3611978946	1013.00	28.44	19.01	99.9	28.37	19.01	100.6	28.61	19.01	98.4	NaN	19.01	NaN
16/06/2018 5:29:07 PM	3611978947	1013.00	28.45	19.01	99.8	28.40	19.01	100.3	28.66	19.01	97.9	NaN	19.01	NaN
16/06/2018 5:29:08 PM	3611978948	1013.00	28.46	19.01	99.7	28.37	19.01	100.6	28.65	19.01	98.0	NaN	19.01	NaN
16/06/2018 5:29:09 PM	3611978949	1013.00	28.45	19.00	99.9	28.41	19.00	100.2	28.65	19.00	98.0	NaN	19.00	NaN
16/06/2018 5:29:10 PM	3611978950	1013.00	28.47	19.00	99.7	28.38	19.00	100.5	28.65	19.00	98.0	NaN	19.00	NaN
16/06/2018 5:29:11 PM	3611978951	1013.00	28.42	19.00	100.1	28.41	19.00	100.2	28.65	19.00	98.0	NaN	19.00	NaN
16/06/2018 5:29:12 PM	3611978952	1013.00	28.47	19.00	99.7	28.40	19.00	100.3	28.64	19.00	98.1	NaN	19.00	NaN
16/06/2018 5:29:13 PM	3611978953	1013.00	28.45	19.00	99.9	28.37	19.00	100.6	28.69	19.00	97.7	NaN	19.00	NaN
16/06/2018 5:29:14 PM	3611978954	1013.00	28.44	19.00	99.9	28.42	19.00	100.1	28.66	19.00	97.9	NaN	19.00	NaN
16/06/2018 5:29:15 PM	3611978955	1013.00	28.45	19.00	99.9	28.39	19.00	100.4	28.70	19.00	97.6	NaN	19.00	NaN
16/06/2018 5:29:16 PM	3611978956	1013.00	28.46	19.00	99.8	28.38	19.00	100.5	28.69	19.00	97.7	NaN	19.00	NaN
16/06/2018 5:29:17 PM	3611978957	1013.00	28.46	19.00	99.8	28.46	19.00	99.8	28.66	19.00	97.9	NaN	19.00	NaN
16/06/2018 5:29:18 PM	3611978958	1013.00	28.49	19.00	99.5	28.42	19.00	100.1	28.68	19.00	97.8	NaN	19.00	NaN
16/06/2018 5:29:19 PM	3611978959	1013.00	28.45	19.00	99.9	28.41	19.00	100.2	28.70	19.00	97.6	NaN	19.00	NaN
16/06/2018 5:29:20 PM	3611978960	1013.00	28.46	19.00	99.8	28.41	19.00	100.2	28.72	19.00	97.4	NaN	19.00	NaN
16/06/2018 5:29:21 PM	3611978961	1013.00	28.47	19.01	99.7	28.41	19.01	100.2	28.70	19.01	97.6	NaN	19.01	NaN
16/06/2018 5:29:22 PM	3611978962	1013.00	28.44	19.01	99.9	28.38	19.01	100.5	28.72	19.01	97.4	NaN	19.01	NaN
16/06/2018 5:29:23 PM	3611978963	1013.00	28.46	19.02	99.7	28.44	19.02	99.9	28.71	19.02	97.5	NaN	19.02	NaN
16/06/2018 5:29:24 PM	3611978964	1013.00	28.47	19.01	99.7	28.44	19.01	99.9	28.71	19.01	97.5	NaN	19.01	NaN
16/06/2018 5:29:25 PM	3611978965	1013.00	28.46	19.01	99.7	28.41	19.01	100.2	28.74	19.01	97.2	NaN	19.01	NaN
16/06/2018 5:29:26 PM	3611978966	1013.00	28.46	19.01	99.7	28.43	19.01	100.0	28.77	19.01	96.9	NaN	19.01	NaN
16/06/2018 5:29:27 PM	3611978967	1013.00	28.46	19.01	99.7	28.45	19.01	99.8	28.76	19.01	97.0	NaN	19.01	NaN
16/06/2018 5:29:28 PM	3611978968	1013.00	28.47	19.00	99.7	28.41	19.00	100.2	28.75	19.00	97.1	NaN	19.00	NaN
16/06/2018 5:29:29 PM	3611978969	1013.00	28.46	19.00	99.8	28.43	19.00	100.0	28.73	19.00	97.3	NaN	19.00	NaN
16/06/2018 5:29:30 PM	3611978970	1013.00	28.45	19.00	99.9	28.45	19.00	99.9	28.77	19.00	97.0	NaN	19.00	NaN
16/06/2018 5:29:31 PM	3611978971	1013.00	28.46	19.00	99.8	28.48	19.00	99.6	28.81	19.00	96.6	NaN	19.00	NaN
16/06/2018 5:29:32 PM	3611978972	1013.00	28.45	19.00	99.9	28.44	19.00	99.9	28.78	19.00	96.9	NaN	19.00	NaN
16/06/2018 5:29:33 PM	3611978973	1013.00	28.47	19.00	99.7	28.49	19.00	99.5	28.80	19.00	96.7	NaN	19.00	NaN
16/06/2018 5:29:34 PM	3611978974	1013.00	28.48	19.00	99.6	28.47	19.00	99.7	28.82	19.00	96.5	NaN	19.00	NaN
16/06/2018 5:29:35 PM	3611978975	1013.00	28.46	19.00	99.8	28.50	19.00	99.4	28.80	19.00	96.7	NaN	19.00	NaN
16/06/2018 5:29:36 PM	3611978976	1013.00	28.47	19.00	99.7	28.50	19.00	99.4	28.80	19.00	96.7	NaN	19.00	NaN
16/06/2018 5:29:37 PM	3611978977	1013.00	28.48	19.00	99.6	28.50	19.00	99.4	28.78	19.00	96.9	NaN	19.00	NaN
16/06/2018 5:29:38 PM	3611978978	1013.00	28.48	19.01	99.6	28.48	19.01	99.6	28.81	19.01	96.6	NaN	19.01	NaN
16/06/2018 5:29:39 PM	3611978979	1013.00	28.46	19.00	99.8	28.55	19.00	98.9	28.83	19.00	96.4	NaN	19.00	NaN
16/06/2018 5:29:40 PM	3611978980	1013.00	28.45	19.00	99.9	28.52	19.00	99.2	28.81	19.00	96.6	NaN	19.00	NaN
16/06/2018 5:29:41 PM	3611978981	1013.00	28.46	19.00	99.8	28.54	19.00	99.0	28.81	19.00	96.6	NaN	19.00	NaN
16/06/2018 5:29:42 PM	3611978982	1013.00	28.47	19.00	99.7	28.46	19.00	99.8	28.80	19.00	96.7	NaN	19.00	NaN
16/06/2018 5:29:43 PM	3611978983	1013.00	28.46	18.99	99.8	28.52	18.99	99.2	28.83	18.99	96.4	NaN	18.99	NaN
16/06/2018 5:29:44 PM	3611978984	1013.00	28.46	19.00	99.8	28.55	19.00	98.9	28.79	19.00	96.8	NaN	19.00	NaN
16/06/2018 5:29:45 PM	3611978985	1013.00	28.45	19.00	99.9	28.55	19.00	98.9	28.82	19.00	96.5	NaN	19.00	NaN
16/06/2018 5:29:46 PM	3611978986	1013.00	28.47	19.00	99.7	28.52	19.00	99.2	28.84	19.00	96.3	NaN	19.00	NaN
16/06/2018 5:29:47 PM	3611978987	1013.00	28.47	19.00	99.7	28.50	19.00	99.4	28.80	19.00	96.7	NaN	19.00	NaN
16/06/2018 5:29:48 PM	3611978988	1013.00	28.45	19.01	99.8	28.52	19.01	99.2	28.86	19.01	96.2	NaN	19.01	NaN
16/06/2018 5:29:49 PM	3611978989	1013.00	28.45	19.01	99.8	28.56	19.01	98.8	28.84	19.01	96.3	NaN	19.01	NaN
16/06/2018 5:29:50 PM	3611978990	1013.00	28.46	19.00	99.8	28.54	19.00	99.0	28.85	19.00	96.3	NaN	19.00	NaN
16/06/2018 5:29:51 PM	3611978991	1013.00	28.46	19.01	99.7	28.54	19.01	99.0	28.84	19.01	96.3	NaN	19.01	NaN
16/06/2018 5:29:52 PM	3611978992	1013.00	28.45	19.00	99.9	28.55	19.00	98.9	28.87	19.00	96.1	NaN	19.00	NaN
16/06/2018 5:29:53 PM	3611978993	1013.00	28.46	19.00	99.8	28.57	19.00	98.8	28.82	19.00	96.5	NaN	19.00	NaN
16/06/2018 5:29:54 PM	3611978994	1013.00	28.48	19.00	99.6	28.53	19.00	99.1	28.84	19.00	96.3	NaN	19.00	NaN
16/06/2018 5:29:55 PM	3611978995	1013.00	28.48	19.00	99.6	28.54	19.00	99.0	28.86	19.00	96.2	NaN	19.00	NaN
16/06/2018 5:29:56 PM	3611978996	1013.00	28.49	19.00	99.5	28.58	19.00	98.7	28.84	19.00	96.3	NaN	19.00	NaN
16/06/2018 5:29:57 PM	3611978997	1013.00	28.47	19.00	99.7	28.55	19.00	98.9	28.88	19.00	96.0	NaN	19.00	NaN
16/06/2018 5:29:58 PM	3611978998	1013.00	28.47	19.01	99.7	28.56	19.01	98.8	28.85	19.01	96.2	NaN	19.01	NaN
16/06/2018 5:29:59 PM	3611978999	1013.00	28.46	19.01	99.7	28.54	19.01	99.0	28.86	19.01	96.2	NaN	19.01	NaN
16/06/2018 5:30:00 PM	3611979000	1013.00	28.46	19.02	99.7	28.59	19.02	98.5	28.87	19.02	96.0	NaN	19.02	NaN
16/06/2018 5:30:01 PM	3611979001	1013.00	28.44	19.01	99.9	28.59	19.01	98.6	28.89	19.01	95.9	NaN	19.01	NaN
16/06/2018 5:30:02 PM	3611979002	1013.00	28.44	19.01	99.9	28.58	19.01	98.6	28.88	19.01	96.0	NaN	19.01	NaN
16/06/2018 5:30:03 PM	3611979003	1013.00	28.48	19.00	99.6	28.61	19.00	98.4	28.87	19.00	96.1	NaN	19.00	NaN
16/06/2018 5:30:04 PM	3611979004	1013.00	28.47	19.00	99.7	28.60	19.00	98.5	28.87	19.00	96.1	NaN	19.00	NaN
16/06/2018 5:30:05 PM	3611979005	1013.00	28.48	18.99	99.6	28.63	18.99	98.2	28.93	18.99	95.6	NaN	18.99	NaN
16/06/2018 5:30:06 PM	3611979006	1013.00	28.49	18.99	99.5	28.62	18.99	98.3	28.91	18.99	95.7	NaN	18.99	NaN
16/06/2018 5:30:07 PM	3611979007	1013.00	28.49	19.00	99.5	28.64	19.00	98.1	28.91	19.00	95.7	NaN	19.00	NaN
16/06/2018 5:30:08 PM	3611979008	1013.00	28.49	19.00	99.5	28.63	19.00	98.2	28.91	19.00	95.7	NaN	19.00	NaN
16/06/2018 5:30:09 PM	3611979009	1013.00	28.50	19.01	99.4	28.62	19.01	98.3	28.93	19.01	95.5	NaN	19.01	NaN
16/06/2018 5:30:10 PM	3611979010	1013.00	28.49	19.01	99.5	28.65	19.01	98.0	28.94	19.01	95.5	NaN	19.01	NaN
16/06/2018 5:30:11 PM	3611979011	1013.00	28.48	19.01	99.6	28.64	19.01	98.1	28.93	19.01	95.5	NaN	19.01	NaN
16/06/2018 5:30:12 PM	3611979012	1013.00	28.50	19.00	99.4	28.66	19.00	97.9	28.95	19.00	95.4	NaN	19.00	NaN
16/06/2018 5:30:13 PM	3611979013	1013.00	28.46	19.01	99.7	28.66	19.01	97.9	28.91	19.01	95.7	NaN	19.01	NaN
16/06/2018 5:30:14 PM	3611979014	1013.00	28.48	19.01	99.6	28.69	19.01	97.7	28.93	19.01	95.5	NaN	19.01	NaN
16/06/2018 5:30:15 PM	3611979015	1013.00	28.47	19.00	99.7	28.67	19.00	97.9	28.92	19.00	95.6	NaN	19.00	NaN
16/06/2018 5:30:16 PM	3611979016	1013.00	28.47	19.00	99.7	28.65	19.00	98.0	28.92	19.00	95.6	NaN	19.00	NaN
16/06/2018 5:30:17 PM	3611979017	1013.00	28.48	18.99	99.6	28.67	18.99	97.9	28.93	18.99	95.6	NaN	18.99	NaN
16/06/2018 5:30:18 PM	3611979018	1013.00	28.49	18.98	99.5	28.69	18.98	97.7	28.97	18.98	95.2	NaN	18.98	NaN
16/06/2018 5:30:19 PM	3611979019	1013.00	28.50	18.99	99.4	28.65	18.99	98.1	28.93	18.99	95.6	NaN	18.99	NaN
16/06/2018 5:30:20 PM	3611979020	1013.00	28.49	18.99	99.5	28.65	18.99	98.1	28.94	18.99	95.5	NaN	18.99	NaN
16/06/2018 5:30:21 PM	3611979021	1013.00	28.50	18.99	99.4	28.72	18.99	97.4	28.96	18.99	95.3	NaN	18.99	NaN
16/06/2018 5:30:22 PM	3611979022	1013.00	28.50	19.00	99.4	28.67	19.00	97.9	28.95	19.00	95.4	NaN	19.00	NaN
16/06/2018 5:30:23 PM	3611979023	1013.00	28.50	19.00	99.4	28.70	19.00	97.6	28.97	19.00	95.2	NaN	19.00	NaN
16/06/2018 5:30:24 PM	3611979024	1013.00	28.48	19.00	99.6	28.73	19.00	97.3	28.99	19.00	95.0	NaN	19.00	NaN
16/06/2018 5:30:25 PM	3611979025	1013.00	28.46	19.00	99.8	28.73	19.00	97.3	28.98	19.00	95.1	NaN	19.00	NaN
16/06/2018 5:30:26 PM	3611979026	1013.00	28.49	19.00	99.5	28.68	19.00	97.8	29.00	19.00	94.9	NaN	19.00	NaN
16/06/2018 5:30:27 PM	3611979027	1013.00	28.47	19.00	99.7	28.73	19.00	97.3	28.96	19.00	95.3	NaN	19.00	NaN
16/06/2018 5:30:28 PM	3611979028	1013.00	28.48	19.01	99.6	28.69	19.01	97.7	29.02	19.01	94.8	NaN	19.01	NaN
16/06/2018 5:30:29 PM	3611979029	1013.00	28.50	19.00	99.4	28.71	19.00	97.5	29.01	19.00	94.9	NaN	19.00	NaN
16/06/2018 5:30:30 PM	3611979030	1013.00	28.50	19.00	99.4	28.70	19.00	97.6	28.99	19.00	95.0	NaN	19.00	NaN
16/06/2018 5:30:31 PM	3611979031	1013.00	28.48	19.01	99.6	28.73	19.01	97.3	28.96	19.01	95.3	NaN	19.01	NaN
16/06/2018 5:30:32 PM	3611979032	1013.00	28.48	19.01	99.6	28.70	19.01	97.6	28.97	19.01	95.2	NaN	19.01	NaN
16/06/2018 5:30:33 PM	3611979033	1013.00	28.47	19.00	99.7	28.76	19.00	97.1	29.00	19.00	94.9	NaN	19.00	NaN
16/06/2018 5:30:34 PM	3611979034	1013.00	28.48	19.00	99.6	28.71	19.00	97.5	28.99	19.00	95.0	NaN	19.00	NaN
16/06/2018 5:30:35 PM	3611979035	1013.00	28.49	19.00	99.5	28.74	19.00	97.2	29.00	19.00	94.9	NaN	19.00	NaN
16/06/2018 5:30:36 PM	3611979036	1013.00	28.48	19.00	99.6	28.74	19.00	97.2	28.99	19.00	95.0	NaN	19.00	NaN
16/06/2018 5:30:37 PM	3611979037	1013.00	28.51	18.99	99.3	28.74	18.99	97.2	29.02	18.99	94.8	NaN	18.99	NaN
16/06/2018 5:30:38 PM	3611979038	1013.00	28.50	18.99	99.4	28.77	18.99	97.0	29.00	18.99	95.0	NaN	18.99	NaN
16/06/2018 5:30:39 PM	3611979039	1013.00	28.50	19.00	99.4	28.77	19.00	97.0	29.05	19.00	94.5	NaN	19.00	NaN
16/06/2018 5:30:40 PM	3611979040	1013.00	28.51	18.99	99.3	28.76	18.99	97.1	29.05	18.99	94.5	NaN	18.99	NaN
16/06/2018 5:30:41 PM	3611979041	1013.00	28.50	18.99	99.4	28.76	18.99	97.1	29.04	18.99	94.6	NaN	18.99	NaN
16/06/2018 5:30:42 PM	3611979042	1013.00	28.49	19.00	99.5	28.76	19.00	97.1	29.02	19.00	94.8	NaN	19.00	NaN
16/06/2018 5:30:43 PM	3611979043	1013.00	28.49	19.00	99.5	28.79	19.00	96.8	29.04	19.00	94.6	NaN	19.00	NaN
16/06/2018 5:30:44 PM	3611979044	1013.00	28.50	19.00	99.4	28.78	19.00	96.9	29.07	19.00	94.3	NaN	19.00	NaN
16/06/2018 5:30:45 PM	3611979045	1013.00	28.49	19.00	99.5	28.79	19.00	96.8	29.05	19.00	94.5	NaN	19.00	NaN
16/06/2018 5:30:46 PM	3611979046	1013.00	28.50	19.00	99.4	28.86	19.00	96.2	29.06	19.00	94.4	NaN	19.00	NaN
16/06/2018 5:30:47 PM	3611979047	1013.00	28.49	19.00	99.5	28.81	19.00	96.6	29.04	19.00	94.6	NaN	19.00	NaN
16/06/2018 5:30:48 PM	3611979048	1013.00	28.50	19.00	99.4	28.79	19.00	96.8	29.07	19.00	94.3	NaN	19.00	NaN
16/06/2018 5:30:49 PM	3611979049	1013.00	28.49	19.00	99.5	28.80	19.00	96.7	29.05	19.00	94.5	NaN	19.00	NaN
16/06/2018 5:30:50 PM	3611979050	1013.00	28.49	19.00	99.5	28.83	19.00	96.4	29.06	19.00	94.4	NaN	19.00	NaN
16/06/2018 5:30:51 PM	3611979051	1013.00	28.49	19.00	99.5	28.83	19.00	96.4	29.09	19.00	94.2	NaN	19.00	NaN
16/06/2018 5:30:52 PM	3611979052	1013.00	28.52	18.99	99.2	28.84	18.99	96.4	29.10	18.99	94.1	NaN	18.99	NaN
16/06/2018 5:30:53 PM	3611979053	1013.00	28.49	18.99	99.5	28.85	18.99	96.3	29.13	18.99	93.8	NaN	18.99	NaN
16/06/2018 5:30:54 PM	3611979054	1013.00	28.51	19.00	99.3	28.80	19.00	96.7	29.09	19.00	94.2	NaN	19.00	NaN
16/06/2018 5:30:55 PM	3611979055	1013.00	28.54	19.00	99.0	28.84	19.00	96.3	29.13	19.00	93.8	NaN	19.00	NaN
16/06/2018 5:30:56 PM	3611979056	1013.00	28.50	19.00	99.4	28.82	19.00	96.5	29.10	19.00	94.1	NaN	19.00	NaN
16/06/2018 5:30:57 PM	3611979057	1013.00	28.51	18.99	99.3	28.84	18.99	96.4	29.11	18.99	94.0	NaN	18.99	NaN
16/06/2018 5:30:58 PM	3611979058	1013.00	28.51	19.00	99.3	28.85	19.00	96.3	29.13	19.00	93.8	NaN	19.00	NaN
16/06/2018 5:30:59 PM	3611979059	1013.00	28.52	18.99	99.2	28.85	18.99	96.3	29.12	18.99	93.9	NaN	18.99	NaN
16/06/2018 5:31:00 PM	3611979060	1013.00	28.50	19.00	99.4	28.88	19.00	96.0	29.15	19.00	93.7	NaN	19.00	NaN
16/06/2018 5:31:01 PM	3611979061	1013.00	28.50	19.00	99.4	28.84	19.00	96.3	29.14	19.00	93.7	NaN	19.00	NaN
16/06/2018 5:31:02 PM	3611979062	1013.00	28.51	19.00	99.3	28.94	19.00	95.5	29.13	19.00	93.8	NaN	19.00	NaN
16/06/2018 5:31:03 PM	3611979063	1013.00	28.53	18.99	99.1	28.88	18.99	96.0	29.15	18.99	93.7	NaN	18.99	NaN
16/06/2018 5:31:04 PM	3611979064	1013.00	28.49	18.99	99.5	28.89	18.99	95.9	29.13	18.99	93.8	NaN	18.99	NaN
16/06/2018 5:31:05 PM	3611979065	1013.00	28.52	18.99	99.2	28.86	18.99	96.2	29.18	18.99	93.4	NaN	18.99	NaN
16/06/2018 5:31:06 PM	3611979066	1013.00	28.52	18.99	99.2	28.91	18.99	95.7	29.18	18.99	93.4	NaN	18.99	NaN
16/06/2018 5:31:07 PM	3611979067	1013.00	28.55	18.99	99.0	28.93	18.99	95.6	29.17	18.99	93.5	NaN	18.99	NaN
16/06/2018 5:31:08 PM	3611979068	1013.00	28.54	19.00	99.0	28.91	19.00	95.7	29.20	19.00	93.2	NaN	19.00	NaN
16/06/2018 5:31:09 PM	3611979069	1013.00	28.54	19.00	99.0	28.96	19.00	95.3	29.16	19.00	93.6	NaN	19.00	NaN
16/06/2018 5:31:10 PM	3611979070	1013.00	28.55	19.00	98.9	28.88	19.00	96.0	29.18	19.00	93.4	NaN	19.00	NaN
16/06/2018 5:31:11 PM	3611979071	1013.00	28.55	18.99	99.0	28.94	18.99	95.5	29.18	18.99	93.4	NaN	18.99	NaN
16/06/2018 5:31:12 PM	3611979072	1013.00	28.54	19.00	99.0	28.92	19.00	95.6	29.19	19.00	93.3	NaN	19.00	NaN
16/06/2018 5:31:13 PM	3611979073	1013.00	28.53	18.99	99.1	28.90	18.99	95.8	29.19	18.99	93.3	NaN	18.99	NaN
16/06/2018 5:31:14 PM	3611979074	1013.00	28.51	19.00	99.3	28.91	19.00	95.7	29.21	19.00	93.2	NaN	19.00	NaN
16/06/2018 5:31:15 PM	3611979075	1013.00	28.56	19.00	98.8	28.94	19.00	95.5	29.23	19.00	93.0	NaN	19.00	NaN
16/06/2018 5:31:16 PM	3611979076	1013.00	28.52	19.00	99.2	28.96	19.00	95.3	29.24	19.00	92.9	NaN	19.00	NaN
16/06/2018 5:31:17 PM	3611979077	1013.00	28.52	18.99	99.2	28.95	18.99	95.4	29.21	18.99	93.2	NaN	18.99	NaN
16/06/2018 5:31:18 PM	3611979078	1013.00	28.56	18.99	98.9	28.91	18.99	95.7	29.27	18.99	92.7	NaN	18.99	NaN
16/06/2018 5:31:19 PM	3611979079	1013.00	28.55	19.00	98.9	28.96	19.00	95.3	29.24	19.00	92.9	NaN	19.00	NaN
16/06/2018 5:31:20 PM	3611979080	1013.00	28.54	19.00	99.0	28.94	19.00	95.5	29.27	19.00	92.6	NaN	19.00	NaN
16/06/2018 5:31:21 PM	3611979081	1013.00	28.56	18.99	98.9	28.96	18.99	95.3	29.28	18.99	92.6	NaN	18.99	NaN
16/06/2018 5:31:22 PM	3611979082	1013.00	28.54	19.00	99.0	28.94	19.00	95.5	29.23	19.00	93.0	NaN	19.00	NaN
16/06/2018 5:31:23 PM	3611979083	1013.00	28.56	19.00	98.8	28.99	19.00	95.0	29.26	19.00	92.7	NaN	19.00	NaN
16/06/2018 5:31:24 PM	3611979084	1013.00	28.55	18.99	99.0	28.98	18.99	95.1	29.27	18.99	92.7	NaN	18.99	NaN
16/06/2018 5:31:25 PM	3611979085	1013.00	28.58	18.99	98.7	28.99	18.99	95.1	29.31	18.99	92.3	NaN	18.99	NaN
16/06/2018 5:31:26 PM	3611979086	1013.00	28.56	18.99	98.9	29.00	18.99	95.0	29.31	18.99	92.3	NaN	18.99	NaN
16/06/2018 5:31:27 PM	3611979087	1013.00	28.54	18.99	99.0	28.98	18.99	95.1	29.30	18.99	92.4	NaN	18.99	NaN
16/06/2018 5:31:28 PM	3611979088	1013.00	28.56	18.99	98.9	28.98	18.99	95.1	29.33	18.99	92.2	NaN	18.99	NaN
16/06/2018 5:31:29 PM	3611979089	1013.00	28.58	18.99	98.7	29.04	18.99	94.6	29.34	18.99	92.1	NaN	18.99	NaN
16/06/2018 5:31:30 PM	3611979090	1013.00	28.57	18.99	98.8	29.03	18.99	94.7	29.31	18.99	92.3	NaN	18.99	NaN
16/06/2018 5:31:31 PM	3611979091	1013.00	28.53	18.99	99.1	28.98	18.99	95.1	29.35	18.99	92.0	NaN	18.99	NaN
16/06/2018 5:31:32 PM	3611979092	1013.00	28.58	18.99	98.7	28.99	18.99	95.1	29.33	18.99	92.2	NaN	18.99	NaN
16/06/2018 5:31:33 PM	3611979093	1013.00	28.59	18.98	98.6	29.00	18.98	95.0	29.37	18.98	91.8	NaN	18.98	NaN
16/06/2018 5:31:34 PM	3611979094	1013.00	28.59	18.98	98.6	29.02	18.98	94.8	29.36	18.98	91.9	NaN	18.98	NaN
16/06/2018 5:31:35 PM	3611979095	1013.00	28.57	18.98	98.8	29.03	18.98	94.7	29.34	18.98	92.1	NaN	18.98	NaN
16/06/2018 5:31:36 PM	3611979096	1013.00	28.56	18.98	98.9	29.03	18.98	94.7	29.36	18.98	91.9	NaN	18.98	NaN
16/06/2018 5:31:37 PM	3611979097	1013.00	28.57	18.99	98.8	29.02	18.99	94.8	29.36	18.99	91.9	NaN	18.99	NaN
16/06/2018 5:31:38 PM	3611979098	1013.00	28.58	18.99	98.7	28.99	18.99	95.1	29.35	18.99	92.0	NaN	18.99	NaN
16/06/2018 5:31:39 PM	3611979099	1013.00	28.58	18.99	98.7	29.05	18.99	94.5	29.32	18.99	92.2	NaN	18.99	NaN
16/06/2018 5:31:40 PM	3611979100	1013.00	28.57	18.99	98.8	29.07	18.99	94.4	29.37	18.99	91.8	NaN	18.99	NaN
16/06/2018 5:31:41 PM	3611979101	1013.00	28.58	18.99	98.7	29.07	18.99	94.4	29.35	18.99	92.0	NaN	18.99	NaN
16/06/2018 5:31:42 PM	3611979102	1013.00	28.58	18.99	98.7	29.04	18.99	94.6	29.39	18.99	91.7	NaN	18.99	NaN
16/06/2018 5:31:43 PM	3611979103	1013.00	28.58	18.99	98.7	29.10	18.99	94.1	29.39	18.99	91.7	NaN	18.99	NaN
16/06/2018 5:31:44 PM	3611979104	1013.00	28.59	19.00	98.6	29.07	19.00	94.3	29.37	19.00	91.8	NaN	19.00	NaN
16/06/2018 5:31:45 PM	3611979105	1013.00	28.56	19.00	98.8	29.08	19.00	94.3	29.40	19.00	91.6	NaN	19.00	NaN
16/06/2018 5:31:46 PM	3611979106	1013.00	28.60	18.99	98.5	29.06	18.99	94.4	29.36	18.99	91.9	NaN	18.99	NaN
16/06/2018 5:31:47 PM	3611979107	1013.00	28.58	18.99	98.7	29.06	18.99	94.4	29.41	18.99	91.5	NaN	18.99	NaN
16/06/2018 5:31:48 PM	3611979108	1013.00	28.60	18.99	98.5	29.09	18.99	94.2	29.37	18.99	91.8	NaN	18.99	NaN
16/06/2018 5:31:49 PM	3611979109	1013.00	28.61	18.98	98.4	29.10	18.98	94.1	29.37	18.98	91.8	NaN	18.98	NaN
16/06/2018 5:31:50 PM	3611979110	1013.00	28.59	18.99	98.6	29.12	18.99	93.9	29.39	18.99	91.7	NaN	18.99	NaN
16/06/2018 5:31:51 PM	3611979111	1013.00	28.58	18.99	98.7	29.12	18.99	93.9	29.39	18.99	91.7	NaN	18.99	NaN
16/06/2018 5:31:52 PM	3611979112	1013.00	28.60	19.00	98.5	29.11	19.00	94.0	29.39	19.00	91.6	NaN	19.00	NaN
16/06/2018 5:31:53 PM	3611979113	1013.00	28.60	18.99	98.5	29.10	18.99	94.1	29.39	18.99	91.7	NaN	18.99	NaN
16/06/2018 5:31:54 PM	3611979114	1013.00	28.60	18.99	98.5	29.08	18.99	94.3	29.42	18.99	91.4	NaN	18.99	NaN
16/06/2018 5:31:55 PM	3611979115	1013.00	28.62	18.99	98.3	29.09	18.99	94.2	29.43	18.99	91.3	NaN	18.99	NaN
16/06/2018 5:31:56 PM	3611979116	1013.00	28.59	18.99	98.6	29.15	18.99	93.7	29.41	18.99	91.5	NaN	18.99	NaN
16/06/2018 5:31:57 PM	3611979117	1013.00	28.60	18.98	98.5	29.11	18.98	94.0	29.44	18.98	91.3	NaN	18.98	NaN
16/06/2018 5:31:58 PM	3611979118	1013.00	28.61	18.99	98.4	29.17	18.99	93.5	29.41	18.99	91.5	NaN	18.99	NaN
16/06/2018 5:31:59 PM	3611979119	1013.00	28.62	18.99	98.3	29.15	18.99	93.7	29.44	18.99	91.2	NaN	18.99	NaN
16/06/2018 5:32:00 PM	3611979120	1013.00	28.61	19.00	98.4	29.10	19.00	94.1	29.43	19.00	91.3	NaN	19.00	NaN
16/06/2018 5:32:01 PM	3611979121	1013.00	28.62	19.00	98.3	29.17	19.00	93.5	29.44	19.00	91.2	NaN	19.00	NaN
16/06/2018 5:32:02 PM	3611979122	1013.00	28.59	19.00	98.6	29.13	19.00	93.8	29.47	19.00	91.0	NaN	19.00	NaN
16/06/2018 5:32:03 PM	3611979123	1013.00	28.63	18.98	98.3	29.19	18.98	93.4	29.42	18.98	91.4	NaN	18.98	NaN
16/06/2018 5:32:04 PM	3611979124	1013.00	28.63	18.99	98.2	29.18	18.99	93.4	29.43	18.99	91.3	NaN	18.99	NaN
16/06/2018 5:32:05 PM	3611979125	1013.00	28.62	18.98	98.3	29.18	18.98	93.4	29.43	18.98	91.3	NaN	18.98	NaN
16/06/2018 5:32:06 PM	3611979126	1013.00	28.63	18.98	98.3	29.20	18.98	93.3	29.46	18.98	91.1	NaN	18.98	NaN
16/06/2018 5:32:07 PM	3611979127	1013.00	28.63	18.99	98.2	29.17	18.99	93.5	29.48	18.99	90.9	NaN	18.99	NaN
16/06/2018 5:32:08 PM	3611979128	1013.00	28.61	18.98	98.4	29.21	18.98	93.2	29.45	18.98	91.2	NaN	18.98	NaN
16/06/2018 5:32:09 PM	3611979129	1013.00	28.61	18.99	98.4	29.21	18.99	93.2	29.49	18.99	90.8	NaN	18.99	NaN
16/06/2018 5:32:10 PM	3611979130	1013.00	28.63	18.99	98.2	29.21	18.99	93.2	29.46	18.99	91.1	NaN	18.99	NaN
16/06/2018 5:32:11 PM	3611979131	1013.00	28.63	18.99	98.2	29.21	18.99	93.2	29.46	18.99	91.1	NaN	18.99	NaN
16/06/2018 5:32:12 PM	3611979132	1013.00	28.65	18.98	98.1	29.23	18.98	93.0	29.49	18.98	90.9	NaN	18.98	NaN
16/06/2018 5:32:13 PM	3611979133	1013.00	28.63	18.99	98.2	29.21	18.99	93.2	29.46	18.99	91.1	NaN	18.99	NaN
16/06/2018 5:32:14 PM	3611979134	1013.00	28.64	18.97	98.2	29.23	18.97	93.0	29.48	18.97	91.0	NaN	18.97	NaN
16/06/2018 5:32:15 PM	3611979135	1013.00	28.64	18.97	98.2	29.23	18.97	93.0	29.50	18.97	90.8	NaN	18.97	NaN
16/06/2018 5:32:16 PM	3611979136	1013.00	28.63	18.97	98.3	29.21	18.97	93.2	29.50	18.97	90.8	NaN	18.97	NaN
16/06/2018 5:32:17 PM	3611979137	1013.00	28.64	18.97	98.2	29.24	18.97	93.0	29.54	18.97	90.5	NaN	18.97	NaN
16/06/2018 5:32:18 PM	3611979138	1013.00	28.63	18.98	98.3	29.24	18.98	92.9	29.49	18.98	90.9	NaN	18.98	NaN
16/06/2018 5:32:19 PM	3611979139	1013.00	28.62	18.97	98.4	29.23	18.97	93.0	29.52	18.97	90.6	NaN	18.97	NaN
16/06/2018 5:32:20 PM	3611979140	1013.00	28.64	18.97	98.2	29.26	18.97	92.8	29.51	18.97	90.7	NaN	18.97	NaN
16/06/2018 5:32:21 PM	3611979141	1013.00	28.63	18.97	98.3	29.24	18.97	93.0	29.52	18.97	90.6	NaN	18.97	NaN
16/06/2018 5:32:22 PM	3611979142	1013.00	28.64	18.97	98.2	29.27	18.97	92.7	29.54	18.97	90.5	NaN	18.97	NaN
16/06/2018 5:32:23 PM	3611979143	1013.00	28.69	18.97	97.7	29.30	18.97	92.4	29.55	18.97	90.4	NaN	18.97	NaN
16/06/2018 5:32:24 PM	3611979144	1013.00	28.67	18.98	97.9	29.26	18.98	92.8	29.53	18.98	90.5	NaN	18.98	NaN
16/06/2018 5:32:25 PM	3611979145	1013.00	28.66	18.98	98.0	29.25	18.98	92.8	29.53	18.98	90.5	NaN	18.98	NaN
16/06/2018 5:32:26 PM	3611979146	1013.00	28.67	18.99	97.9	29.30	18.99	92.4	29.53	18.99	90.5	NaN	18.99	NaN
16/06/2018 5:32:27 PM	3611979147	1013.00	28.67	18.98	97.9	29.30	18.98	92.4	29.56	18.98	90.3	NaN	18.98	NaN
16/06/2018 5:32:28 PM	3611979148	1013.00	28.65	18.97	98.1	29.31	18.97	92.4	29.53	18.97	90.5	NaN	18.97	NaN
16/06/2018 5:32:29 PM	3611979149	1013.00	28.63	18.97	98.3	29.29	18.97	92.5	29.50	18.97	90.8	NaN	18.97	NaN
16/06/2018 5:32:30 PM	3611979150	1013.00	28.67	18.97	97.9	29.30	18.97	92.4	29.54	18.97	90.5	NaN	18.97	NaN
16/06/2018 5:32:31 PM	3611979151	1013.00	28.66	18.97	98.0	29.31	18.97	92.4	29.58	18.97	90.1	NaN	18.97	NaN
16/06/2018 5:32:32 PM	3611979152	1013.00	28.65	18.97	98.1	29.35	18.97	92.0	29.54	18.97	90.5	NaN	18.97	NaN
16/06/2018 5:32:33 PM	3611979153	1013.00	28.68	18.97	97.8	29.33	18.97	92.2	29.55	18.97	90.4	NaN	18.97	NaN
16/06/2018 5:32:34 PM	3611979154	1013.00	28.70	18.98	97.6	29.35	18.98	92.0	29.54	18.98	90.4	NaN	18.98	NaN
16/06/2018 5:32:35 PM	3611979155	1013.00	28.67	18.98	97.9	29.35	18.98	92.0	29.54	18.98	90.4	NaN	18.98	NaN
16/06/2018 5:32:36 PM	3611979156	1013.00	28.69	18.98	97.7	29.37	18.98	91.8	29.59	18.98	90.0	NaN	18.98	NaN
16/06/2018 5:32:37 PM	3611979157	1013.00	28.67	18.98	97.9	29.33	18.98	92.2	29.57	18.98	90.2	NaN	18.98	NaN
16/06/2018 5:32:38 PM	3611979158	1013.00	28.67	18.98	97.9	29.34	18.98	92.1	29.58	18.98	90.1	NaN	18.98	NaN
16/06/2018 5:32:39 PM	3611979159	1013.00	28.66	18.98	98.0	29.32	18.98	92.3	29.59	18.98	90.0	NaN	18.98	NaN
16/06/2018 5:32:40 PM	3611979160	1013.00	28.70	18.98	97.6	29.38	18.98	91.8	29.59	18.98	90.0	NaN	18.98	NaN
16/06/2018 5:32:41 PM	3611979161	1013.00	28.68	18.98	97.8	29.39	18.98	91.7	29.60	18.98	90.0	NaN	18.98	NaN
16/06/2018 5:32:42 PM	3611979162	1013.00	28.68	18.97	97.8	29.35	18.97	92.0	29.59	18.97	90.1	NaN	18.97	NaN
16/06/2018 5:32:43 PM	3611979163	1013.00	28.70	18.98	97.6	29.38	18.98	91.8	29.60	18.98	90.0	NaN	18.98	NaN
16/06/2018 5:32:44 PM	3611979164	1013.00	28.66	18.98	98.0	29.35	18.98	92.0	29.61	18.98	89.9	NaN	18.98	NaN
16/06/2018 5:32:45 PM	3611979165	1013.00	28.70	18.98	97.6	29.38	18.98	91.8	29.60	18.98	90.0	NaN	18.98	NaN
16/06/2018 5:32:46 PM	3611979166	1013.00	28.71	18.98	97.5	29.34	18.98	92.1	29.59	18.98	90.0	NaN	18.98	NaN
16/06/2018 5:32:47 PM	3611979167	1013.00	28.69	18.99	97.7	29.39	18.99	91.7	29.62	18.99	89.8	NaN	18.99	NaN
16/06/2018 5:32:48 PM	3611979168	1013.00	28.71	18.98	97.5	29.42	18.98	91.4	29.64	18.98	89.6	NaN	18.98	NaN
16/06/2018 5:32:49 PM	3611979169	1013.00	28.71	18.98	97.5	29.39	18.98	91.7	29.61	18.98	89.9	NaN	18.98	NaN
16/06/2018 5:32:50 PM	3611979170	1013.00	28.72	18.99	97.4	29.37	18.99	91.8	29.59	18.99	90.0	NaN	18.99	NaN
16/06/2018 5:32:51 PM	3611979171	1013.00	28.70	18.98	97.6	29.38	18.98	91.8	29.62	18.98	89.8	NaN	18.98	NaN
16/06/2018 5:32:52 PM	3611979172	1013.00	28.73	18.97	97.4	29.40	18.97	91.6	29.62	18.97	89.8	NaN	18.97	NaN
16/06/2018 5:32:53 PM	3611979173	1013.00	28.73	18.97	97.4	29.40	18.97	91.6	29.63	18.97	89.7	NaN	18.97	NaN
16/06/2018 5:32:54 PM	3611979174	1013.00	28.72	18.96	97.5	29.41	18.96	91.5	29.62	18.96	89.8	NaN	18.96	NaN
16/06/2018 5:32:55 PM	3611979175	1013.00	28.74	18.96	97.3	29.43	18.96	91.4	29.61	18.96	89.9	NaN	18.96	NaN
16/06/2018 5:32:56 PM	3611979176	1013.00	28.73	18.96	97.4	29.44	18.96	91.3	29.62	18.96	89.8	NaN	18.96	NaN
16/06/2018 5:32:57 PM	3611979177	1013.00	28.74	18.98	97.3	29.44	18.98	91.3	29.63	18.98	89.7	NaN	18.98	NaN
16/06/2018 5:32:58 PM	3611979178	1013.00	28.74	18.99	97.2	29.41	18.99	91.5	29.62	18.99	89.8	NaN	18.99	NaN
16/06/2018 5:32:59 PM	3611979179	1013.00	28.73	18.99	97.3	29.44	18.99	91.2	29.64	18.99	89.6	NaN	18.99	NaN
16/06/2018 5:33:00 PM	3611979180	1013.00	28.73	18.99	97.3	29.44	18.99	91.2	29.59	18.99	90.0	NaN	18.99	NaN
16/06/2018 5:33:01 PM	3611979181	1013.00	28.73	18.99	97.3	29.42	18.99	91.4	29.67	18.99	89.4	NaN	18.99	NaN
16/06/2018 5:33:02 PM	3611979182	1013.00	28.74	18.99	97.2	29.45	18.99	91.2	29.64	18.99	89.6	NaN	18.99	NaN
16/06/2018 5:33:03 PM	3611979183	1013.00	28.74	18.98	97.3	29.50	18.98	90.8	29.67	18.98	89.4	NaN	18.98	NaN
16/06/2018 5:33:04 PM	3611979184	1013.00	28.77	18.98	97.0	29.49	18.98	90.9	29.67	18.98	89.4	NaN	18.98	NaN
16/06/2018 5:33:05 PM	3611979185	1013.00	28.76	18.99	97.1	29.49	18.99	90.8	29.67	18.99	89.4	NaN	18.99	NaN
16/06/2018 5:33:06 PM	3611979186	1013.00	28.78	18.98	96.9	29.49	18.98	90.9	29.67	18.98	89.4	NaN	18.98	NaN
16/06/2018 5:33:07 PM	3611979187	1013.00	28.77	18.98	97.0	29.51	18.98	90.7	29.67	18.98	89.4	NaN	18.98	NaN
16/06/2018 5:33:08 PM	3611979188	1013.00	28.74	18.98	97.3	29.47	18.98	91.0	29.65	18.98	89.6	NaN	18.98	NaN
16/06/2018 5:33:09 PM	3611979189	1013.00	28.75	18.99	97.2	29.50	18.99	90.8	29.63	18.99	89.7	NaN	18.99	NaN
16/06/2018 5:33:10 PM	3611979190	1013.00	28.76	18.98	97.1	29.52	18.98	90.6	29.64	18.98	89.6	NaN	18.98	NaN
16/06/2018 5:33:11 PM	3611979191	1013.00	28.76	18.99	97.1	29.50	18.99	90.8	29.67	18.99	89.4	NaN	18.99	NaN
16/06/2018 5:33:12 PM	3611979192	1013.00	28.78	18.99	96.9	29.50	18.99	90.8	29.67	18.99	89.4	NaN	18.99	NaN
16/06/2018 5:33:13 PM	3611979193	1013.00	28.77	18.99	97.0	29.54	18.99	90.4	29.68	18.99	89.3	NaN	18.99	NaN
16/06/2018 5:33:14 PM	3611979194	1013.00	28.77	18.98	97.0	29.50	18.98	90.8	29.66	18.98	89.5	NaN	18.98	NaN
16/06/2018 5:33:15 PM	3611979195	1013.00	28.77	18.98	97.0	29.52	18.98	90.6	29.66	18.98	89.5	NaN	18.98	NaN
16/06/2018 5:33:16 PM	3611979196	1013.00	28.80	18.98	96.7	29.56	18.98	90.3	29.68	18.98	89.3	NaN	18.98	NaN
16/06/2018 5:33:17 PM	3611979197	1013.00	28.77	18.98	97.0	29.56	18.98	90.3	29.68	18.98	89.3	NaN	18.98	NaN
16/06/2018 5:33:18 PM	3611979198	1013.00	28.78	18.97	96.9	29.58	18.97	90.1	29.69	18.97	89.2	NaN	18.97	NaN
16/06/2018 5:33:19 PM	3611979199	1013.00	28.81	18.98	96.6	29.58	18.98	90.1	29.71	18.98	89.1	NaN	18.98	NaN
16/06/2018 5:33:20 PM	3611979200	1013.00	28.79	18.98	96.8	29.59	18.98	90.0	29.67	18.98	89.4	NaN	18.98	NaN
16/06/2018 5:33:21 PM	3611979201	1013.00	28.79	18.98	96.8	29.55	18.98	90.4	29.71	18.98	89.1	NaN	18.98	NaN
16/06/2018 5:33:22 PM	3611979202	1013.00	28.81	18.98	96.6	29.56	18.98	90.3	29.71	18.98	89.1	NaN	18.98	NaN
16/06/2018 5:33:23 PM	3611979203	1013.00	28.80	18.99	96.7	29.57	18.99	90.2	29.70	18.99	89.1	NaN	18.99	NaN
16/06/2018 5:33:24 PM	3611979204	1013.00	28.81	18.99	96.6	29.59	18.99	90.0	29.74	18.99	88.8	NaN	18.99	NaN
16/06/2018 5:33:25 PM	3611979205	1013.00	28.80	18.98	96.7	29.58	18.98	90.1	29.71	18.98	89.1	NaN	18.98	NaN
16/06/2018 5:33:26 PM	3611979206	1013.00	28.78	18.98	96.9	29.56	18.98	90.3	29.73	18.98	88.9	NaN	18.98	NaN
16/06/2018 5:33:27 PM	3611979207	1013.00	28.82	18.99	96.5	29.59	18.99	90.0	29.78	18.99	88.5	NaN	18.99	NaN
16/06/2018 5:33:28 PM	3611979208	1013.00	28.80	18.98	96.7	29.58	18.98	90.1	29.74	18.98	88.8	NaN	18.98	NaN
16/06/2018 5:33:29 PM	3611979209	1013.00	28.81	18.98	96.6	29.60	18.98	90.0	29.72	18.98	89.0	NaN	18.98	NaN
16/06/2018 5:33:30 PM	3611979210	1013.00	28.83	18.98	96.5	29.58	18.98	90.1	29.73	18.98	88.9	NaN	18.98	NaN
16/06/2018 5:33:31 PM	3611979211	1013.00	28.83	18.98	96.5	29.62	18.98	89.8	29.74	18.98	88.8	NaN	18.98	NaN
16/06/2018 5:33:32 PM	3611979212	1013.00	28.84	18.98	96.4	29.61	18.98	89.9	29.74	18.98	88.8	NaN	18.98	NaN
16/06/2018 5:33:33 PM	3611979213	1013.00	28.83	18.99	96.4	29.63	18.99	89.7	29.71	18.99	89.1	NaN	18.99	NaN
16/06/2018 5:33:34 PM	3611979214	1013.00	28.81	18.99	96.6	29.58	18.99	90.1	29.75	18.99	88.7	NaN	18.99	NaN
16/06/2018 5:33:35 PM	3611979215	1013.00	28.86	18.99	96.2	29.59	18.99	90.0	29.75	18.99	88.7	NaN	18.99	NaN
16/06/2018 5:33:36 PM	3611979216	1013.00	28.83	18.99	96.4	29.60	18.99	89.9	29.78	18.99	88.5	NaN	18.99	NaN
16/06/2018 5:33:37 PM	3611979217	1013.00	28.85	18.98	96.3	29.66	18.98	89.5	29.74	18.98	88.8	NaN	18.98	NaN
16/06/2018 5:33:38 PM	3611979218	1013.00	28.82	18.98	96.6	29.64	18.98	89.6	29.77	18.98	88.6	NaN	18.98	NaN
16/06/2018 5:33:39 PM	3611979219	1013.00	28.82	18.98	96.6	29.62	18.98	89.8	29.75	18.98	88.8	NaN	18.98	NaN
16/06/2018 5:33:40 PM	3611979220	1013.00	28.82	18.98	96.6	29.65	18.98	89.6	29.75	18.98	88.8	NaN	18.98	NaN
16/06/2018 5:33:41 PM	3611979221	1013.00	28.83	18.98	96.5	29.67	18.98	89.4	29.81	18.98	88.3	NaN	18.98	NaN
16/06/2018 5:33:42 PM	3611979222	1013.00	28.86	18.98	96.2	29.62	18.98	89.8	29.75	18.98	88.8	NaN	18.98	NaN
16/06/2018 5:33:43 PM	3611979223	1013.00	28.84	18.98	96.4	29.65	18.98	89.6	29.77	18.98	88.6	NaN	18.98	NaN
16/06/2018 5:33:44 PM	3611979224	1013.00	28.87	18.98	96.1	29.67	18.98	89.4	29.80	18.98	88.4	NaN	18.98	NaN
16/06/2018 5:33:45 PM	3611979225	1013.00	28.84	18.98	96.4	29.67	18.98	89.4	29.83	18.98	88.1	NaN	18.98	NaN
16/06/2018 5:33:46 PM	3611979226	1013.00	28.86	18.98	96.2	29.65	18.98	89.6	29.78	18.98	88.5	NaN	18.98	NaN
16/06/2018 5:33:47 PM	3611979227	1013.00	28.85	18.98	96.3	29.67	18.98	89.4	29.84	18.98	88.0	NaN	18.98	NaN
16/06/2018 5:33:48 PM	3611979228	1013.00	28.86	18.99	96.2	29.71	18.99	89.1	29.82	18.99	88.2	NaN	18.99	NaN
16/06/2018 5:33:49 PM	3611979229	1013.00	28.84	18.99	96.4	29.66	18.99	89.5	29.80	18.99	88.3	NaN	18.99	NaN
16/06/2018 5:33:50 PM	3611979230	1013.00	28.87	18.98	96.1	29.67	18.98	89.4	29.83	18.98	88.1	NaN	18.98	NaN
16/06/2018 5:33:51 PM	3611979231	1013.00	28.84	18.98	96.4	29.65	18.98	89.6	29.87	18.98	87.8	NaN	18.98	NaN
16/06/2018 5:33:52 PM	3611979232	1013.00	28.87	18.99	96.1	29.68	18.99	89.3	29.80	18.99	88.3	NaN	18.99	NaN
16/06/2018 5:33:53 PM	3611979233	1013.00	28.88	18.98	96.0	29.68	18.98	89.3	29.83	18.98	88.1	NaN	18.98	NaN
16/06/2018 5:33:54 PM	3611979234	1013.00	28.86	18.98	96.2	29.66	18.98	89.5	29.86	18.98	87.9	NaN	18.98	NaN
16/06/2018 5:33:55 PM	3611979235	1013.00	28.86	18.98	96.2	29.68	18.98	89.3	29.83	18.98	88.1	NaN	18.98	NaN
16/06/2018 5:33:56 PM	3611979236	1013.00	28.86	18.98	96.2	29.70	18.98	89.2	29.83	18.98	88.1	NaN	18.98	NaN
16/06/2018 5:33:57 PM	3611979237	1013.00	28.88	18.97	96.0	29.67	18.97	89.4	29.85	18.97	88.0	NaN	18.97	NaN
16/06/2018 5:33:58 PM	3611979238	1013.00	28.86	18.97	96.2	29.66	18.97	89.5	29.82	18.97	88.2	NaN	18.97	NaN
16/06/2018 5:33:59 PM	3611979239	1013.00	28.87	18.97	96.1	29.71	18.97	89.1	29.85	18.97	88.0	NaN	18.97	NaN
16/06/2018 5:34:00 PM	3611979240	1013.00	28.86	18.98	96.2	29.68	18.98	89.3	29.86	18.98	87.9	NaN	18.98	NaN
16/06/2018 5:34:01 PM	3611979241	1013.00	28.88	18.98	96.0	29.70	18.98	89.2	29.88	18.98	87.7	NaN	18.98	NaN
16/06/2018 5:34:02 PM	3611979242	1013.00	28.89	18.98	95.9	29.66	18.98	89.5	29.87	18.98	87.8	NaN	18.98	NaN
16/06/2018 5:34:03 PM	3611979243	1013.00	28.90	18.98	95.9	29.71	18.98	89.1	29.89	18.98	87.6	NaN	18.98	NaN
16/06/2018 5:34:04 PM	3611979244	1013.00	28.89	18.98	95.9	29.70	18.98	89.2	29.89	18.98	87.6	NaN	18.98	NaN
16/06/2018 5:34:05 PM	3611979245	1013.00	28.89	18.98	95.9	29.70	18.98	89.2	29.89	18.98	87.6	NaN	18.98	NaN
16/06/2018 5:34:06 PM	3611979246	1013.00	28.90	18.98	95.9	29.70	18.98	89.2	29.91	18.98	87.5	NaN	18.98	NaN
16/06/2018 5:34:07 PM	3611979247	1013.00	28.90	18.97	95.9	29.72	18.97	89.0	29.88	18.97	87.7	NaN	18.97	NaN
16/06/2018 5:34:08 PM	3611979248	1013.00	28.86	18.97	96.2	29.71	18.97	89.1	29.90	18.97	87.6	NaN	18.97	NaN
16/06/2018 5:34:09 PM	3611979249	1013.00	28.89	18.97	96.0	29.72	18.97	89.0	29.91	18.97	87.5	NaN	18.97	NaN
16/06/2018 5:34:10 PM	3611979250	1013.00	28.90	18.97	95.9	29.72	18.97	89.0	29.88	18.97	87.7	NaN	18.97	NaN
16/06/2018 5:34:11 PM	3611979251	1013.00	28.91	18.97	95.8	29.67	18.97	89.4	29.89	18.97	87.7	NaN	18.97	NaN
16/06/2018 5:34:12 PM	3611979252	1013.00	28.89	18.97	96.0	29.76	18.97	88.7	29.90	18.97	87.6	NaN	18.97	NaN
16/06/2018 5:34:13 PM	3611979253	1013.00	28.90	18.97	95.9	29.76	18.97	88.7	29.90	18.97	87.6	NaN	18.97	NaN
16/06/2018 5:34:14 PM	3611979254	1013.00	28.91	18.98	95.8	29.75	18.98	88.8	29.94	18.98	87.3	NaN	18.98	NaN
16/06/2018 5:34:15 PM	3611979255	1013.00	28.91	18.98	95.8	29.76	18.98	88.7	29.92	18.98	87.4	NaN	18.98	NaN
16/06/2018 5:34:16 PM	3611979256	1013.00	28.93	18.97	95.6	29.73	18.97	88.9	29.92	18.97	87.4	NaN	18.97	NaN
16/06/2018 5:34:17 PM	3611979257	1013.00	28.91	18.97	95.8	29.76	18.97	88.7	29.94	18.97	87.3	NaN	18.97	NaN
16/06/2018 5:34:18 PM	3611979258	1013.00	28.93	18.98	95.6	29.73	18.98	88.9	29.95	18.98	87.2	NaN	18.98	NaN
16/06/2018 5:34:19 PM	3611979259	1013.00	28.90	18.98	95.9	29.76	18.98	88.7	29.92	18.98	87.4	NaN	18.98	NaN
16/06/2018 5:34:20 PM	3611979260	1013.00	28.93	18.98	95.6	29.76	18.98	88.7	29.96	18.98	87.1	NaN	18.98	NaN
16/06/2018 5:34:21 PM	3611979261	1013.00	28.92	18.97	95.7	29.79	18.97	88.5	29.94	18.97	87.3	NaN	18.97	NaN
16/06/2018 5:34:22 PM	3611979262	1013.00	28.91	18.98	95.8	29.77	18.98	88.6	29.95	18.98	87.2	NaN	18.98	NaN
16/06/2018 5:34:23 PM	3611979263	1013.00	28.92	18.97	95.7	29.76	18.97	88.7	29.95	18.97	87.2	NaN	18.97	NaN
16/06/2018 5:34:24 PM	3611979264	1013.00	28.91	18.96	95.8	29.79	18.96	88.5	29.96	18.96	87.1	NaN	18.96	NaN
16/06/2018 5:34:25 PM	3611979265	1013.00	28.94	18.96	95.5	29.80	18.96	88.4	29.98	18.96	87.0	NaN	18.96	NaN
16/06/2018 5:34:26 PM	3611979266	1013.00	28.91	18.97	95.8	29.76	18.97	88.7	29.96	18.97	87.1	NaN	18.97	NaN
16/06/2018 5:34:27 PM	3611979267	1013.00	28.92	18.97	95.7	29.74	18.97	88.8	29.98	18.97	87.0	NaN	18.97	NaN
16/06/2018 5:34:28 PM	3611979268	1013.00	28.93	18.98	95.6	29.79	18.98	88.4	29.98	18.98	86.9	NaN	18.98	NaN
16/06/2018 5:34:29 PM	3611979269	1013.00	28.93	18.98	95.6	29.77	18.98	88.6	29.99	18.98	86.9	NaN	18.98	NaN
16/06/2018 5:34:30 PM	3611979270	1013.00	28.93	18.98	95.6	29.83	18.98	88.1	29.97	18.98	87.0	NaN	18.98	NaN
16/06/2018 5:34:31 PM	3611979271	1013.00	28.92	18.98	95.7	29.81	18.98	88.3	29.95	18.98	87.2	NaN	18.98	NaN
16/06/2018 5:34:32 PM	3611979272	1013.00	28.95	18.98	95.4	29.79	18.98	88.4	30.00	18.98	86.8	NaN	18.98	NaN
16/06/2018 5:34:33 PM	3611979273	1013.00	28.94	18.98	95.5	29.82	18.98	88.2	30.00	18.98	86.8	NaN	18.98	NaN
16/06/2018 5:34:34 PM	3611979274	1013.00	28.96	18.98	95.3	29.77	18.98	88.6	30.00	18.98	86.8	NaN	18.98	NaN
16/06/2018 5:34:35 PM	3611979275	1013.00	28.94	18.98	95.5	29.86	18.98	87.9	29.98	18.98	86.9	NaN	18.98	NaN
16/06/2018 5:34:36 PM	3611979276	1013.00	28.93	18.99	95.6	29.81	18.99	88.3	30.01	18.99	86.7	NaN	18.99	NaN
16/06/2018 5:34:37 PM	3611979277	1013.00	28.95	18.98	95.4	29.82	18.98	88.2	30.00	18.98	86.8	NaN	18.98	NaN
16/06/2018 5:34:38 PM	3611979278	1013.00	28.92	18.98	95.7	29.84	18.98	88.0	30.00	18.98	86.8	NaN	18.98	NaN
16/06/2018 5:34:39 PM	3611979279	1013.00	28.93	18.98	95.6	29.84	18.98	88.0	30.04	18.98	86.5	NaN	18.98	NaN
16/06/2018 5:34:40 PM	3611979280	1013.00	28.94	18.98	95.5	29.80	18.98	88.4	29.99	18.98	86.9	NaN	18.98	NaN
16/06/2018 5:34:41 PM	3611979281	1013.00	28.94	18.98	95.5	29.85	18.98	88.0	29.99	18.98	86.9	NaN	18.98	NaN
16/06/2018 5:34:42 PM	3611979282	1013.00	28.95	18.98	95.4	29.82	18.98	88.2	30.03	18.98	86.6	NaN	18.98	NaN
16/06/2018 5:34:43 PM	3611979283	1013.00	28.97	18.99	95.2	29.85	18.99	87.9	30.03	18.99	86.5	NaN	18.99	NaN
16/06/2018 5:34:44 PM	3611979284	1013.00	28.96	18.99	95.3	29.87	18.99	87.8	30.02	18.99	86.6	NaN	18.99	NaN
16/06/2018 5:34:45 PM	3611979285	1013.00	28.95	18.98	95.4	29.86	18.98	87.9	30.04	18.98	86.5	NaN	18.98	NaN
16/06/2018 5:34:46 PM	3611979286	1013.00	28.96	18.99	95.3	29.82	18.99	88.2	30.04	18.99	86.5	NaN	18.99	NaN
16/06/2018 5:34:47 PM	3611979287	1013.00	28.99	18.98	95.1	29.84	18.98	88.0	30.06	18.98	86.3	NaN	18.98	NaN
16/06/2018 5:34:48 PM	3611979288	1013.00	28.97	18.98	95.2	29.88	18.98	87.7	30.08	18.98	86.2	NaN	18.98	NaN
16/06/2018 5:34:49 PM	3611979289	1013.00	28.96	18.98	95.3	29.90	18.98	87.6	30.11	18.98	85.9	NaN	18.98	NaN
16/06/2018 5:34:50 PM	3611979290	1013.00	29.00	18.99	95.0	29.88	18.99	87.7	30.13	18.99	85.8	NaN	18.99	NaN
16/06/2018 5:34:51 PM	3611979291	1013.00	28.94	18.98	95.5	29.89	18.98	87.6	30.11	18.98	85.9	NaN	18.98	NaN
16/06/2018 5:34:52 PM	3611979292	1013.00	28.96	18.98	95.3	29.87	18.98	87.8	30.11	18.98	85.9	NaN	18.98	NaN
16/06/2018 5:34:53 PM	3611979293	1013.00	28.96	18.98	95.3	29.87	18.98	87.8	30.08	18.98	86.2	NaN	18.98	NaN
16/06/2018 5:34:54 PM	3611979294	1013.00	28.98	18.98	95.2	29.84	18.98	88.0	30.11	18.98	85.9	NaN	18.98	NaN
16/06/2018 5:34:55 PM	3611979295	1013.00	28.97	18.99	95.2	29.94	18.99	87.2	30.14	18.99	85.7	NaN	18.99	NaN
16/06/2018 5:34:56 PM	3611979296	1013.00	28.98	18.98	95.2	29.90	18.98	87.6	30.13	18.98	85.8	NaN	18.98	NaN
16/06/2018 5:34:57 PM	3611979297	1013.00	28.99	18.99	95.1	29.91	18.99	87.5	30.17	18.99	85.5	NaN	18.99	NaN
16/06/2018 5:34:58 PM	3611979298	1013.00	28.97	18.99	95.2	29.93	18.99	87.3	30.12	18.99	85.8	NaN	18.99	NaN
16/06/2018 5:34:59 PM	3611979299	1013.00	28.96	18.98	95.3	29.92	18.98	87.4	30.17	18.98	85.5	NaN	18.98	NaN
16/06/2018 5:35:00 PM	3611979300	1013.00	28.99	18.97	95.1	29.97	18.97	87.0	30.17	18.97	85.5	NaN	18.97	NaN
16/06/2018 5:35:01 PM	3611979301	1013.00	28.99	18.98	95.1	29.91	18.98	87.5	30.13	18.98	85.8	NaN	18.98	NaN
16/06/2018 5:35:02 PM	3611979302	1013.00	28.98	18.98	95.2	29.90	18.98	87.6	30.15	18.98	85.6	NaN	18.98	NaN
16/06/2018 5:35:03 PM	3611979303	1013.00	28.98	18.98	95.2	29.93	18.98	87.3	30.15	18.98	85.6	NaN	18.98	NaN
16/06/2018 5:35:04 PM	3611979304	1013.00	29.00	18.98	95.0	29.92	18.98	87.4	30.17	18.98	85.5	NaN	18.98	NaN
16/06/2018 5:35:05 PM	3611979305	1013.00	29.00	18.98	95.0	29.96	18.98	87.1	30.20	18.98	85.2	NaN	18.98	NaN
16/06/2018 5:35:06 PM	3611979306	1013.00	28.99	18.98	95.1	29.99	18.98	86.9	30.15	18.98	85.6	NaN	18.98	NaN
16/06/2018 5:35:07 PM	3611979307	1013.00	29.00	18.98	95.0	29.99	18.98	86.9	30.20	18.98	85.2	NaN	18.98	NaN
16/06/2018 5:35:08 PM	3611979308	1013.00	28.99	18.97	95.1	29.95	18.97	87.2	30.20	18.97	85.3	NaN	18.97	NaN
16/06/2018 5:35:09 PM	3611979309	1013.00	29.00	18.97	95.0	29.98	18.97	87.0	30.20	18.97	85.3	NaN	18.97	NaN
16/06/2018 5:35:10 PM	3611979310	1013.00	28.98	18.97	95.2	29.98	18.97	87.0	30.21	18.97	85.2	NaN	18.97	NaN
16/06/2018 5:35:11 PM	3611979311	1013.00	28.99	18.97	95.1	29.99	18.97	86.9	30.25	18.97	84.9	NaN	18.97	NaN
16/06/2018 5:35:12 PM	3611979312	1013.00	29.01	18.97	94.9	30.00	18.97	86.8	30.22	18.97	85.1	NaN	18.97	NaN
16/06/2018 5:35:13 PM	3611979313	1013.00	29.00	18.97	95.0	30.01	18.97	86.7	30.26	18.97	84.8	NaN	18.97	NaN
16/06/2018 5:35:14 PM	3611979314	1013.00	29.02	18.97	94.8	30.02	18.97	86.6	30.22	18.97	85.1	NaN	18.97	NaN
16/06/2018 5:35:15 PM	3611979315	1013.00	29.01	18.97	94.9	30.01	18.97	86.7	30.24	18.97	85.0	NaN	18.97	NaN
16/06/2018 5:35:16 PM	3611979316	1013.00	29.04	18.97	94.7	30.00	18.97	86.8	30.27	18.97	84.7	NaN	18.97	NaN
16/06/2018 5:35:17 PM	3611979317	1013.00	29.02	18.97	94.8	30.04	18.97	86.5	30.25	18.97	84.9	NaN	18.97	NaN
16/06/2018 5:35:18 PM	3611979318	1013.00	29.02	18.97	94.8	30.03	18.97	86.6	30.30	18.97	84.5	NaN	18.97	NaN
16/06/2018 5:35:19 PM	3611979319	1013.00	29.01	18.97	94.9	30.00	18.97	86.8	30.27	18.97	84.7	NaN	18.97	NaN
16/06/2018 5:35:20 PM	3611979320	1013.00	29.01	18.97	94.9	30.04	18.97	86.5	30.25	18.97	84.9	NaN	18.97	NaN
16/06/2018 5:35:21 PM	3611979321	1013.00	29.03	18.97	94.7	30.06	18.97	86.3	30.29	18.97	84.6	NaN	18.97	NaN
16/06/2018 5:35:22 PM	3611979322	1013.00	29.02	18.98	94.8	30.07	18.98	86.2	30.25	18.98	84.9	NaN	18.98	NaN
16/06/2018 5:35:23 PM	3611979323	1013.00	29.02	18.98	94.8	30.06	18.98	86.3	30.27	18.98	84.7	NaN	18.98	NaN
16/06/2018 5:35:24 PM	3611979324	1013.00	29.02	18.97	94.8	30.06	18.97	86.3	30.27	18.97	84.7	NaN	18.97	NaN
16/06/2018 5:35:25 PM	3611979325	1013.00	29.02	18.97	94.8	30.05	18.97	86.4	30.25	18.97	84.9	NaN	18.97	NaN
16/06/2018 5:35:26 PM	3611979326	1013.00	29.03	18.97	94.7	30.09	18.97	86.1	30.32	18.97	84.4	NaN	18.97	NaN
16/06/2018 5:35:27 PM	3611979327	1013.00	29.02	18.97	94.8	30.08	18.97	86.2	30.32	18.97	84.4	NaN	18.97	NaN
16/06/2018 5:35:28 PM	3611979328	1013.00	29.03	18.98	94.7	30.09	18.98	86.1	30.28	18.98	84.6	NaN	18.98	NaN
16/06/2018 5:35:29 PM	3611979329	1013.00	29.02	18.98	94.8	30.11	18.98	85.9	30.33	18.98	84.3	NaN	18.98	NaN
16/06/2018 5:35:30 PM	3611979330	1013.00	29.03	18.98	94.7	30.12	18.98	85.9	30.34	18.98	84.2	NaN	18.98	NaN
16/06/2018 5:35:31 PM	3611979331	1013.00	29.03	18.99	94.7	30.14	18.99	85.7	30.34	18.99	84.2	NaN	18.99	NaN
16/06/2018 5:35:32 PM	3611979332	1013.00	29.04	18.98	94.6	30.12	18.98	85.9	30.35	18.98	84.1	NaN	18.98	NaN
16/06/2018 5:35:33 PM	3611979333	1013.00	29.03	18.98	94.7	30.10	18.98	86.0	30.37	18.98	84.0	NaN	18.98	NaN
16/06/2018 5:35:34 PM	3611979334	1013.00	29.06	18.98	94.5	30.14	18.98	85.7	30.35	18.98	84.1	NaN	18.98	NaN
16/06/2018 5:35:35 PM	3611979335	1013.00	29.07	18.97	94.4	30.15	18.97	85.6	30.36	18.97	84.1	NaN	18.97	NaN
16/06/2018 5:35:36 PM	3611979336	1013.00	29.04	18.97	94.7	30.09	18.97	86.1	30.39	18.97	83.8	NaN	18.97	NaN
16/06/2018 5:35:37 PM	3611979337	1013.00	29.05	18.97	94.6	30.14	18.97	85.7	30.39	18.97	83.8	NaN	18.97	NaN
16/06/2018 5:35:38 PM	3611979338	1013.00	29.05	18.97	94.6	30.16	18.97	85.6	30.38	18.97	83.9	NaN	18.97	NaN
16/06/2018 5:35:39 PM	3611979339	1013.00	29.06	18.98	94.5	30.17	18.98	85.5	30.37	18.98	84.0	NaN	18.98	NaN
16/06/2018 5:35:40 PM	3611979340	1013.00	29.07	18.98	94.4	30.16	18.98	85.6	30.38	18.98	83.9	NaN	18.98	NaN
16/06/2018 5:35:41 PM	3611979341	1013.00	29.06	18.98	94.5	30.17	18.98	85.5	30.38	18.98	83.9	NaN	18.98	NaN
16/06/2018 5:35:42 PM	3611979342	1013.00	29.07	18.98	94.4	30.15	18.98	85.6	30.41	18.98	83.7	NaN	18.98	NaN
16/06/2018 5:35:43 PM	3611979343	1013.00	29.06	18.97	94.5	30.18	18.97	85.4	30.40	18.97	83.8	NaN	18.97	NaN
16/06/2018 5:35:44 PM	3611979344	1013.00	29.06	18.97	94.5	30.17	18.97	85.5	30.40	18.97	83.8	NaN	18.97	NaN
16/06/2018 5:35:45 PM	3611979345	1013.00	29.08	18.97	94.3	30.15	18.97	85.6	30.41	18.97	83.7	NaN	18.97	NaN
16/06/2018 5:35:46 PM	3611979346	1013.00	29.05	18.96	94.6	30.20	18.96	85.3	30.34	18.96	84.2	NaN	18.96	NaN
16/06/2018 5:35:47 PM	3611979347	1013.00	29.06	18.96	94.5	30.22	18.96	85.1	30.42	18.96	83.6	NaN	18.96	NaN
16/06/2018 5:35:48 PM	3611979348	1013.00	29.09	18.97	94.2	30.22	18.97	85.1	30.41	18.97	83.7	NaN	18.97	NaN
16/06/2018 5:35:49 PM	3611979349	1013.00	29.09	18.98	94.2	30.22	18.98	85.1	30.40	18.98	83.7	NaN	18.98	NaN
16/06/2018 5:35:50 PM	3611979350	1013.00	29.08	18.98	94.3	30.23	18.98	85.0	30.44	18.98	83.4	NaN	18.98	NaN
16/06/2018 5:35:51 PM	3611979351	1013.00	29.07	18.98	94.4	30.23	18.98	85.0	30.40	18.98	83.7	NaN	18.98	NaN
16/06/2018 5:35:52 PM	3611979352	1013.00	29.09	18.98	94.2	30.23	18.98	85.0	30.40	18.98	83.7	NaN	18.98	NaN
16/06/2018 5:35:53 PM	3611979353	1013.00	29.10	18.98	94.1	30.25	18.98	84.9	30.43	18.98	83.5	NaN	18.98	NaN
16/06/2018 5:35:54 PM	3611979354	1013.00	29.10	18.97	94.1	30.26	18.97	84.8	30.39	18.97	83.8	NaN	18.97	NaN
16/06/2018 5:35:55 PM	3611979355	1013.00	29.11	18.97	94.1	30.26	18.97	84.8	30.45	18.97	83.4	NaN	18.97	NaN
16/06/2018 5:35:56 PM	3611979356	1013.00	29.13	18.98	93.9	30.20	18.98	85.2	30.41	18.98	83.7	NaN	18.98	NaN
16/06/2018 5:35:57 PM	3611979357	1013.00	29.11	18.98	94.0	30.27	18.98	84.7	30.43	18.98	83.5	NaN	18.98	NaN
16/06/2018 5:35:58 PM	3611979358	1013.00	29.12	18.98	94.0	30.31	18.98	84.4	30.47	18.98	83.2	NaN	18.98	NaN
16/06/2018 5:35:59 PM	3611979359	1013.00	29.11	18.98	94.0	30.23	18.98	85.0	30.44	18.98	83.4	NaN	18.98	NaN
16/06/2018 5:36:00 PM	3611979360	1013.00	29.14	18.99	93.8	30.27	18.99	84.7	30.47	18.99	83.2	NaN	18.99	NaN
16/06/2018 5:36:01 PM	3611979361	1013.00	29.10	18.99	94.1	30.30	18.99	84.5	30.43	18.99	83.5	NaN	18.99	NaN
16/06/2018 5:36:02 PM	3611979362	1013.00	29.14	18.98	93.8	30.30	18.98	84.5	30.46	18.98	83.3	NaN	18.98	NaN
16/06/2018 5:36:03 PM	3611979363	1013.00	29.13	18.98	93.9	30.29	18.98	84.6	30.46	18.98	83.3	NaN	18.98	NaN
16/06/2018 5:36:04 PM	3611979364	1013.00	29.15	18.97	93.7	30.28	18.97	84.7	30.50	18.97	83.0	NaN	18.97	NaN
16/06/2018 5:36:05 PM	3611979365	1013.00	29.17	18.97	93.5	30.30	18.97	84.5	30.49	18.97	83.1	NaN	18.97	NaN
16/06/2018 5:36:06 PM	3611979366	1013.00	29.15	18.97	93.7	30.31	18.97	84.4	30.51	18.97	82.9	NaN	18.97	NaN
16/06/2018 5:36:07 PM	3611979367	1013.00	29.15	18.97	93.7	30.30	18.97	84.5	30.48	18.97	83.2	NaN	18.97	NaN
16/06/2018 5:36:08 PM	3611979368	1013.00	29.18	18.97	93.5	30.30	18.97	84.5	30.52	18.97	82.9	NaN	18.97	NaN
16/06/2018 5:36:09 PM	3611979369	1013.00	29.15	18.97	93.7	30.32	18.97	84.4	30.51	18.97	82.9	NaN	18.97	NaN
16/06/2018 5:36:10 PM	3611979370	1013.00	29.15	18.97	93.7	30.32	18.97	84.4	30.53	18.97	82.8	NaN	18.97	NaN
16/06/2018 5:36:11 PM	3611979371	1013.00	29.19	18.97	93.4	30.31	18.97	84.4	30.53	18.97	82.8	NaN	18.97	NaN
16/06/2018 5:36:12 PM	3611979372	1013.00	29.16	18.97	93.6	30.36	18.97	84.1	30.51	18.97	82.9	NaN	18.97	NaN
16/06/2018 5:36:13 PM	3611979373	1013.00	29.18	18.97	93.5	30.34	18.97	84.2	30.54	18.97	82.7	NaN	18.97	NaN
16/06/2018 5:36:14 PM	3611979374	1013.00	29.20	18.97	93.3	30.35	18.97	84.1	30.56	18.97	82.6	NaN	18.97	NaN
16/06/2018 5:36:15 PM	3611979375	1013.00	29.20	18.97	93.3	30.36	18.97	84.1	30.55	18.97	82.7	NaN	18.97	NaN
16/06/2018 5:36:16 PM	3611979376	1013.00	29.17	18.97	93.5	30.34	18.97	84.2	30.51	18.97	82.9	NaN	18.97	NaN
16/06/2018 5:36:17 PM	3611979377	1013.00	29.20	18.98	93.3	30.37	18.98	84.0	30.57	18.98	82.5	NaN	18.98	NaN
16/06/2018 5:36:18 PM	3611979378	1013.00	29.23	18.99	93.0	30.31	18.99	84.4	30.59	18.99	82.3	NaN	18.99	NaN
16/06/2018 5:36:19 PM	3611979379	1013.00	29.18	18.99	93.4	30.37	18.99	84.0	30.59	18.99	82.3	NaN	18.99	NaN
16/06/2018 5:36:20 PM	3611979380	1013.00	29.20	18.98	93.3	30.34	18.98	84.2	30.58	18.98	82.4	NaN	18.98	NaN
16/06/2018 5:36:21 PM	3611979381	1013.00	29.20	18.98	93.3	30.34	18.98	84.2	30.56	18.98	82.6	NaN	18.98	NaN
16/06/2018 5:36:22 PM	3611979382	1013.00	29.22	18.97	93.1	30.41	18.97	83.7	30.59	18.97	82.4	NaN	18.97	NaN
16/06/2018 5:36:23 PM	3611979383	1013.00	29.20	18.98	93.3	30.39	18.98	83.8	30.58	18.98	82.4	NaN	18.98	NaN
16/06/2018 5:36:24 PM	3611979384	1013.00	29.22	18.97	93.1	30.37	18.97	84.0	30.60	18.97	82.3	NaN	18.97	NaN
16/06/2018 5:36:25 PM	3611979385	1013.00	29.21	18.97	93.2	30.35	18.97	84.1	30.59	18.97	82.4	NaN	18.97	NaN
