Date & time of file creation	18/06/2018 8:35 PM													
Data file path	C:\Users\ameli\Desktop\Luke Strasiotto\18062018\New_19.txt													
														
														
CALIBRATION DATA														
Parameter/Channel	N moving average	LO phase [r.U.]	HI phase [r.U.]	LO oxygen [%air saturation]	HI oxygen [%air saturation]	LO temperature [°C]	HI temperature [°C]	Salinity [‰]						
S WOT 0041 000001   , CH 1	1	59.70	27.12	0.00	100.00	28.00	28.00	0.000						
S WOT 0041 000001   , CH 2	1	59.70	27.12	0.00	100.00	28.00	28.00	0.000						
S WOT 0041 000001   , CH 3	1	59.70	27.12	0.00	100.00	28.00	28.00	0.000						
S WOT 0041 000001   , CH 4	1	59.70	27.12	0.00	100.00	28.00	28.00	0.000						
														
														
Date &Time [DD-MM-YYYY HH:MM:SS]	Time stamp code	Barometric pressure [hPa]	S WOT 0041 000001   , CH 1 phase [r.U.]	S WOT 0041 000001   , CH 1 temp [°C]	S WOT 0041 000001   , CH 1 O2 [% air saturation]	S WOT 0041 000001   , CH 2 phase [r.U.]	S WOT 0041 000001   , CH 2 temp [°C]	S WOT 0041 000001   , CH 2 O2 [% air saturation]	S WOT 0041 000001   , CH 3 phase [r.U.]	S WOT 0041 000001   , CH 3 temp [°C]	S WOT 0041 000001   , CH 3 O2 [% air saturation]	S WOT 0041 000001   , CH 4 phase [r.U.]	S WOT 0041 000001   , CH 4 temp [°C]	S WOT 0041 000001   , CH 4 O2 [% air saturation]
18/06/2018 8:54:08 PM	3612164048	1013.00	27.12	28.01	100.0	27.17	28.01	99.5	27.13	28.01	99.9	NaN	28.01	NaN
18/06/2018 8:54:09 PM	3612164049	1013.00	27.16	28.02	99.6	27.21	28.02	99.1	27.08	28.02	100.3	NaN	28.02	NaN
18/06/2018 8:54:10 PM	3612164050	1013.00	27.12	28.02	100.0	27.15	28.02	99.7	27.15	28.02	99.7	NaN	28.02	NaN
18/06/2018 8:54:11 PM	3612164051	1013.00	27.14	28.01	99.8	27.20	28.01	99.2	27.14	28.01	99.8	NaN	28.01	NaN
18/06/2018 8:54:12 PM	3612164052	1013.00	27.12	28.01	100.0	27.21	28.01	99.1	27.15	28.01	99.7	NaN	28.01	NaN
18/06/2018 8:54:13 PM	3612164053	1013.00	27.13	28.00	99.9	27.19	28.00	99.3	27.13	28.00	99.9	NaN	28.00	NaN
18/06/2018 8:54:14 PM	3612164054	1013.00	27.10	27.99	100.2	27.20	27.99	99.3	27.11	27.99	100.1	NaN	27.99	NaN
18/06/2018 8:54:15 PM	3612164055	1013.00	27.13	28.00	99.9	27.24	28.00	98.9	27.11	28.00	100.1	NaN	28.00	NaN
18/06/2018 8:54:16 PM	3612164056	1013.00	27.12	28.01	100.0	27.21	28.01	99.1	27.14	28.01	99.8	NaN	28.01	NaN
18/06/2018 8:54:17 PM	3612164057	1013.00	27.14	28.01	99.8	27.21	28.01	99.1	27.13	28.01	99.9	NaN	28.01	NaN
18/06/2018 8:54:18 PM	3612164058	1013.00	27.11	28.02	100.1	27.21	28.02	99.1	27.14	28.02	99.8	NaN	28.02	NaN
18/06/2018 8:54:19 PM	3612164059	1013.00	27.13	28.02	99.9	27.19	28.02	99.3	27.17	28.02	99.5	NaN	28.02	NaN
18/06/2018 8:54:20 PM	3612164060	1013.00	27.13	28.02	99.9	27.22	28.02	99.0	27.11	28.02	100.1	NaN	28.02	NaN
18/06/2018 8:54:21 PM	3612164061	1013.00	27.11	28.01	100.1	27.22	28.01	99.0	27.13	28.01	99.9	NaN	28.01	NaN
18/06/2018 8:54:22 PM	3612164062	1013.00	27.12	28.02	100.0	27.21	28.02	99.1	27.15	28.02	99.7	NaN	28.02	NaN
18/06/2018 8:54:23 PM	3612164063	1013.00	27.14	28.02	99.8	27.19	28.02	99.3	27.16	28.02	99.6	NaN	28.02	NaN
18/06/2018 8:54:24 PM	3612164064	1013.00	27.10	28.02	100.2	27.19	28.02	99.3	27.12	28.02	100.0	NaN	28.02	NaN
18/06/2018 8:54:25 PM	3612164065	1013.00	27.13	28.02	99.9	27.22	28.02	99.0	27.13	28.02	99.9	NaN	28.02	NaN
18/06/2018 8:54:26 PM	3612164066	1013.00	27.14	28.02	99.8	27.22	28.02	99.0	27.13	28.02	99.9	NaN	28.02	NaN
18/06/2018 8:54:27 PM	3612164067	1013.00	27.12	28.02	100.0	27.19	28.02	99.3	27.13	28.02	99.9	NaN	28.02	NaN
18/06/2018 8:54:28 PM	3612164068	1013.00	27.12	28.02	100.0	27.19	28.02	99.3	27.15	28.02	99.7	NaN	28.02	NaN
18/06/2018 8:54:29 PM	3612164069	1013.00	27.11	28.02	100.1	27.23	28.02	98.9	27.13	28.02	99.9	NaN	28.02	NaN
18/06/2018 8:54:30 PM	3612164070	1013.00	27.14	28.02	99.8	27.24	28.02	98.8	27.12	28.02	100.0	NaN	28.02	NaN
18/06/2018 8:54:31 PM	3612164071	1013.00	27.11	28.02	100.1	27.17	28.02	99.5	27.16	28.02	99.6	NaN	28.02	NaN
18/06/2018 8:54:32 PM	3612164072	1013.00	27.12	28.01	100.0	27.22	28.01	99.0	27.14	28.01	99.8	NaN	28.01	NaN
18/06/2018 8:54:33 PM	3612164073	1013.00	27.10	28.01	100.2	27.23	28.01	98.9	27.11	28.01	100.1	NaN	28.01	NaN
18/06/2018 8:54:34 PM	3612164074	1013.00	27.13	28.01	99.9	27.20	28.01	99.2	27.14	28.01	99.8	NaN	28.01	NaN
18/06/2018 8:54:35 PM	3612164075	1013.00	27.12	28.01	100.0	27.21	28.01	99.1	27.13	28.01	99.9	NaN	28.01	NaN
18/06/2018 8:54:36 PM	3612164076	1013.00	27.13	28.01	99.9	27.21	28.01	99.1	27.10	28.01	100.2	NaN	28.01	NaN
18/06/2018 8:54:37 PM	3612164077	1013.00	27.11	28.01	100.1	27.21	28.01	99.1	27.10	28.01	100.2	NaN	28.01	NaN
18/06/2018 8:54:38 PM	3612164078	1013.00	27.12	28.01	100.0	27.21	28.01	99.1	27.11	28.01	100.1	NaN	28.01	NaN
18/06/2018 8:54:39 PM	3612164079	1013.00	27.12	28.01	100.0	27.20	28.01	99.2	27.11	28.01	100.1	NaN	28.01	NaN
18/06/2018 8:54:40 PM	3612164080	1013.00	27.15	28.01	99.7	27.19	28.01	99.3	27.11	28.01	100.1	NaN	28.01	NaN
18/06/2018 8:54:41 PM	3612164081	1013.00	27.12	28.02	100.0	27.22	28.02	99.0	27.11	28.02	100.1	NaN	28.02	NaN
18/06/2018 8:54:42 PM	3612164082	1013.00	27.14	28.01	99.8	27.21	28.01	99.1	27.13	28.01	99.9	NaN	28.01	NaN
18/06/2018 8:54:43 PM	3612164083	1013.00	27.11	28.01	100.1	27.21	28.01	99.1	27.12	28.01	100.0	NaN	28.01	NaN
18/06/2018 8:54:44 PM	3612164084	1013.00	27.13	28.01	99.9	27.22	28.01	99.0	27.13	28.01	99.9	NaN	28.01	NaN
18/06/2018 8:54:45 PM	3612164085	1013.00	27.11	28.01	100.1	27.23	28.01	98.9	27.11	28.01	100.1	NaN	28.01	NaN
18/06/2018 8:54:46 PM	3612164086	1013.00	27.12	28.01	100.0	27.22	28.01	99.0	27.10	28.01	100.2	NaN	28.01	NaN
18/06/2018 8:54:47 PM	3612164087	1013.00	27.11	28.02	100.1	27.23	28.02	98.9	27.13	28.02	99.9	NaN	28.02	NaN
18/06/2018 8:54:48 PM	3612164088	1013.00	27.14	28.02	99.8	27.20	28.02	99.2	27.14	28.02	99.8	NaN	28.02	NaN
18/06/2018 8:54:49 PM	3612164089	1013.00	27.12	28.01	100.0	27.22	28.01	99.0	27.13	28.01	99.9	NaN	28.01	NaN
18/06/2018 8:54:50 PM	3612164090	1013.00	27.11	28.01	100.1	27.21	28.01	99.1	27.15	28.01	99.7	NaN	28.01	NaN
18/06/2018 8:54:51 PM	3612164091	1013.00	27.11	28.01	100.1	27.20	28.01	99.2	27.12	28.01	100.0	NaN	28.01	NaN
18/06/2018 8:54:52 PM	3612164092	1013.00	27.12	28.01	100.0	27.21	28.01	99.1	27.11	28.01	100.1	NaN	28.01	NaN
18/06/2018 8:54:53 PM	3612164093	1013.00	27.13	28.02	99.9	27.24	28.02	98.8	27.13	28.02	99.9	NaN	28.02	NaN
18/06/2018 8:54:54 PM	3612164094	1013.00	27.13	28.02	99.9	27.22	28.02	99.0	27.10	28.02	100.2	NaN	28.02	NaN
18/06/2018 8:54:55 PM	3612164095	1013.00	27.12	28.02	100.0	27.19	28.02	99.3	27.13	28.02	99.9	NaN	28.02	NaN
18/06/2018 8:54:56 PM	3612164096	1013.00	27.13	28.04	99.8	27.24	28.04	98.8	27.13	28.04	99.8	NaN	28.04	NaN
18/06/2018 8:54:57 PM	3612164097	1013.00	27.11	28.03	100.0	27.23	28.03	98.9	27.13	28.03	99.9	NaN	28.03	NaN
18/06/2018 8:54:58 PM	3612164098	1013.00	27.11	28.04	100.0	27.24	28.04	98.8	27.16	28.04	99.6	NaN	28.04	NaN
18/06/2018 8:54:59 PM	3612164099	1013.00	27.12	28.05	99.9	27.23	28.05	98.9	27.17	28.05	99.4	NaN	28.05	NaN
18/06/2018 8:55:00 PM	3612164100	1013.00	27.11	28.03	100.0	27.23	28.03	98.9	27.12	28.03	99.9	NaN	28.03	NaN
18/06/2018 8:55:01 PM	3612164101	1013.00	27.11	28.03	100.0	27.24	28.03	98.8	27.14	28.03	99.8	NaN	28.03	NaN
18/06/2018 8:55:02 PM	3612164102	1013.00	27.11	28.03	100.0	27.20	28.03	99.2	27.14	28.03	99.8	NaN	28.03	NaN
18/06/2018 8:55:03 PM	3612164103	1013.00	27.14	28.02	99.8	27.20	28.02	99.2	27.17	28.02	99.5	NaN	28.02	NaN
18/06/2018 8:55:04 PM	3612164104	1013.00	27.14	28.02	99.8	27.20	28.02	99.2	27.16	28.02	99.6	NaN	28.02	NaN
18/06/2018 8:55:05 PM	3612164105	1013.00	27.14	28.03	99.8	27.23	28.03	98.9	27.17	28.03	99.5	NaN	28.03	NaN
18/06/2018 8:55:06 PM	3612164106	1013.00	27.15	28.02	99.7	27.24	28.02	98.8	27.17	28.02	99.5	NaN	28.02	NaN
18/06/2018 8:55:07 PM	3612164107	1013.00	27.13	28.03	99.9	27.22	28.03	99.0	27.15	28.03	99.7	NaN	28.03	NaN
18/06/2018 8:55:08 PM	3612164108	1013.00	27.12	28.02	100.0	27.20	28.02	99.2	27.16	28.02	99.6	NaN	28.02	NaN
18/06/2018 8:55:09 PM	3612164109	1013.00	27.13	28.02	99.9	27.23	28.02	98.9	27.18	28.02	99.4	NaN	28.02	NaN
18/06/2018 8:55:10 PM	3612164110	1013.00	27.14	28.02	99.8	27.28	28.02	98.5	27.18	28.02	99.4	NaN	28.02	NaN
18/06/2018 8:55:11 PM	3612164111	1013.00	27.14	28.01	99.8	27.23	28.01	98.9	27.16	28.01	99.6	NaN	28.01	NaN
18/06/2018 8:55:12 PM	3612164112	1013.00	27.15	28.01	99.7	27.25	28.01	98.8	27.16	28.01	99.6	NaN	28.01	NaN
18/06/2018 8:55:13 PM	3612164113	1013.00	27.15	28.01	99.7	27.24	28.01	98.9	27.17	28.01	99.5	NaN	28.01	NaN
18/06/2018 8:55:14 PM	3612164114	1013.00	27.14	28.01	99.8	27.21	28.01	99.1	27.14	28.01	99.8	NaN	28.01	NaN
18/06/2018 8:55:15 PM	3612164115	1013.00	27.12	28.01	100.0	27.24	28.01	98.9	27.15	28.01	99.7	NaN	28.01	NaN
18/06/2018 8:55:16 PM	3612164116	1013.00	27.16	28.01	99.6	27.23	28.01	98.9	27.15	28.01	99.7	NaN	28.01	NaN
18/06/2018 8:55:17 PM	3612164117	1013.00	27.18	28.02	99.4	27.24	28.02	98.8	27.19	28.02	99.3	NaN	28.02	NaN
18/06/2018 8:55:18 PM	3612164118	1013.00	27.12	28.03	99.9	27.25	28.03	98.7	27.19	28.03	99.3	NaN	28.03	NaN
18/06/2018 8:55:19 PM	3612164119	1013.00	27.12	28.02	100.0	27.25	28.02	98.7	27.17	28.02	99.5	NaN	28.02	NaN
18/06/2018 8:55:20 PM	3612164120	1013.00	27.15	28.02	99.7	27.20	28.02	99.2	27.18	28.02	99.4	NaN	28.02	NaN
18/06/2018 8:55:21 PM	3612164121	1013.00	27.15	28.03	99.7	27.20	28.03	99.2	27.18	28.03	99.4	NaN	28.03	NaN
18/06/2018 8:55:22 PM	3612164122	1013.00	27.14	28.03	99.8	27.26	28.03	98.6	27.18	28.03	99.4	NaN	28.03	NaN
18/06/2018 8:55:23 PM	3612164123	1013.00	27.14	28.02	99.8	27.22	28.02	99.0	27.19	28.02	99.3	NaN	28.02	NaN
18/06/2018 8:55:24 PM	3612164124	1013.00	27.16	28.03	99.6	27.23	28.03	98.9	27.16	28.03	99.6	NaN	28.03	NaN
18/06/2018 8:55:25 PM	3612164125	1013.00	27.17	28.02	99.5	27.25	28.02	98.7	27.17	28.02	99.5	NaN	28.02	NaN
18/06/2018 8:55:26 PM	3612164126	1013.00	27.17	28.03	99.5	27.23	28.03	98.9	27.20	28.03	99.2	NaN	28.03	NaN
18/06/2018 8:55:27 PM	3612164127	1013.00	27.15	28.02	99.7	27.24	28.02	98.8	27.18	28.02	99.4	NaN	28.02	NaN
18/06/2018 8:55:28 PM	3612164128	1013.00	27.16	28.02	99.6	27.23	28.02	98.9	27.18	28.02	99.4	NaN	28.02	NaN
18/06/2018 8:55:29 PM	3612164129	1013.00	27.14	28.02	99.8	27.25	28.02	98.7	27.22	28.02	99.0	NaN	28.02	NaN
18/06/2018 8:55:30 PM	3612164130	1013.00	27.16	28.02	99.6	27.25	28.02	98.7	27.17	28.02	99.5	NaN	28.02	NaN
18/06/2018 8:55:31 PM	3612164131	1013.00	27.18	28.02	99.4	27.23	28.02	98.9	27.21	28.02	99.1	NaN	28.02	NaN
18/06/2018 8:55:32 PM	3612164132	1013.00	27.17	28.03	99.5	27.26	28.03	98.6	27.17	28.03	99.5	NaN	28.03	NaN
18/06/2018 8:55:33 PM	3612164133	1013.00	27.19	28.02	99.3	27.26	28.02	98.7	27.16	28.02	99.6	NaN	28.02	NaN
18/06/2018 8:55:34 PM	3612164134	1013.00	27.15	28.02	99.7	27.25	28.02	98.7	27.17	28.02	99.5	NaN	28.02	NaN
18/06/2018 8:55:35 PM	3612164135	1013.00	27.19	28.02	99.3	27.23	28.02	98.9	27.21	28.02	99.1	NaN	28.02	NaN
18/06/2018 8:55:36 PM	3612164136	1013.00	27.19	28.02	99.3	27.78	28.02	93.9	27.21	28.02	99.1	NaN	28.02	NaN
18/06/2018 8:55:37 PM	3612164137	1013.00	27.17	28.02	99.5	27.23	28.02	98.9	27.19	28.02	99.3	NaN	28.02	NaN
18/06/2018 8:55:38 PM	3612164138	1013.00	27.17	28.03	99.5	27.24	28.03	98.8	27.20	28.03	99.2	NaN	28.03	NaN
18/06/2018 8:55:39 PM	3612164139	1013.00	27.18	28.03	99.4	27.28	28.03	98.4	27.22	28.03	99.0	NaN	28.03	NaN
18/06/2018 8:55:40 PM	3612164140	1013.00	27.20	28.03	99.2	27.21	28.03	99.1	27.21	28.03	99.1	NaN	28.03	NaN
18/06/2018 8:55:41 PM	3612164141	1013.00	27.18	28.03	99.4	27.22	28.03	99.0	27.19	28.03	99.3	NaN	28.03	NaN
18/06/2018 8:55:42 PM	3612164142	1013.00	27.17	28.03	99.5	27.26	28.03	98.6	27.21	28.03	99.1	NaN	28.03	NaN
18/06/2018 8:55:43 PM	3612164143	1013.00	27.19	28.02	99.3	27.26	28.02	98.7	27.22	28.02	99.0	NaN	28.02	NaN
18/06/2018 8:55:44 PM	3612164144	1013.00	27.18	28.02	99.4	27.23	28.02	98.9	27.18	28.02	99.4	NaN	28.02	NaN
18/06/2018 8:55:45 PM	3612164145	1013.00	27.19	28.01	99.3	27.29	28.01	98.4	27.18	28.01	99.4	NaN	28.01	NaN
18/06/2018 8:55:46 PM	3612164146	1013.00	27.18	28.01	99.4	27.27	28.01	98.6	27.17	28.01	99.5	NaN	28.01	NaN
18/06/2018 8:55:47 PM	3612164147	1013.00	27.17	28.01	99.5	27.23	28.01	98.9	27.20	28.01	99.2	NaN	28.01	NaN
18/06/2018 8:55:48 PM	3612164148	1013.00	27.19	28.02	99.3	27.24	28.02	98.8	27.21	28.02	99.1	NaN	28.02	NaN
18/06/2018 8:55:49 PM	3612164149	1013.00	27.19	28.01	99.3	27.26	28.01	98.7	27.24	28.01	98.9	NaN	28.01	NaN
18/06/2018 8:55:50 PM	3612164150	1013.00	27.21	28.02	99.1	27.29	28.02	98.4	27.19	28.02	99.3	NaN	28.02	NaN
18/06/2018 8:55:51 PM	3612164151	1013.00	27.20	28.02	99.2	27.24	28.02	98.8	27.21	28.02	99.1	NaN	28.02	NaN
18/06/2018 8:55:52 PM	3612164152	1013.00	27.21	28.02	99.1	27.23	28.02	98.9	27.21	28.02	99.1	NaN	28.02	NaN
18/06/2018 8:55:53 PM	3612164153	1013.00	27.20	28.02	99.2	27.23	28.02	98.9	27.20	28.02	99.2	NaN	28.02	NaN
18/06/2018 8:55:54 PM	3612164154	1013.00	27.20	28.02	99.2	27.29	28.02	98.4	27.22	28.02	99.0	NaN	28.02	NaN
18/06/2018 8:55:55 PM	3612164155	1013.00	27.23	28.01	98.9	27.26	28.01	98.7	27.22	28.01	99.0	NaN	28.01	NaN
18/06/2018 8:55:56 PM	3612164156	1013.00	27.22	28.01	99.0	27.26	28.01	98.7	27.23	28.01	98.9	NaN	28.01	NaN
18/06/2018 8:55:57 PM	3612164157	1013.00	27.21	28.01	99.1	27.29	28.01	98.4	27.20	28.01	99.2	NaN	28.01	NaN
18/06/2018 8:55:58 PM	3612164158	1013.00	27.23	28.01	98.9	27.26	28.01	98.7	27.21	28.01	99.1	NaN	28.01	NaN
18/06/2018 8:55:59 PM	3612164159	1013.00	27.24	28.02	98.8	27.30	28.02	98.3	27.19	28.02	99.3	NaN	28.02	NaN
18/06/2018 8:56:00 PM	3612164160	1013.00	27.22	28.02	99.0	27.76	28.02	94.1	27.24	28.02	98.8	NaN	28.02	NaN
18/06/2018 8:56:01 PM	3612164161	1013.00	27.23	28.02	98.9	27.27	28.02	98.6	27.21	28.02	99.1	NaN	28.02	NaN
18/06/2018 8:56:02 PM	3612164162	1013.00	27.24	28.02	98.8	27.26	28.02	98.7	27.21	28.02	99.1	NaN	28.02	NaN
18/06/2018 8:56:03 PM	3612164163	1013.00	27.22	28.01	99.0	27.26	28.01	98.7	27.22	28.01	99.0	NaN	28.01	NaN
18/06/2018 8:56:04 PM	3612164164	1013.00	27.22	28.01	99.0	27.26	28.01	98.7	27.25	28.01	98.8	NaN	28.01	NaN
18/06/2018 8:56:05 PM	3612164165	1013.00	27.23	28.02	98.9	27.27	28.02	98.6	27.21	28.02	99.1	NaN	28.02	NaN
18/06/2018 8:56:06 PM	3612164166	1013.00	27.22	28.01	99.0	27.26	28.01	98.7	27.25	28.01	98.8	NaN	28.01	NaN
18/06/2018 8:56:07 PM	3612164167	1013.00	27.25	28.01	98.8	27.29	28.01	98.4	27.24	28.01	98.9	NaN	28.01	NaN
18/06/2018 8:56:08 PM	3612164168	1013.00	27.24	28.02	98.8	27.24	28.02	98.8	27.20	28.02	99.2	NaN	28.02	NaN
18/06/2018 8:56:09 PM	3612164169	1013.00	27.24	28.02	98.8	27.27	28.02	98.6	27.23	28.02	98.9	NaN	28.02	NaN
18/06/2018 8:56:10 PM	3612164170	1013.00	27.23	28.02	98.9	27.29	28.02	98.4	27.20	28.02	99.2	NaN	28.02	NaN
18/06/2018 8:56:11 PM	3612164171	1013.00	27.27	28.02	98.6	27.33	28.02	98.0	27.22	28.02	99.0	NaN	28.02	NaN
18/06/2018 8:56:12 PM	3612164172	1013.00	27.25	28.02	98.7	27.27	28.02	98.6	27.25	28.02	98.7	NaN	28.02	NaN
18/06/2018 8:56:13 PM	3612164173	1013.00	27.24	28.03	98.8	27.31	28.03	98.2	27.25	28.03	98.7	NaN	28.03	NaN
18/06/2018 8:56:14 PM	3612164174	1013.00	27.27	28.02	98.6	27.30	28.02	98.3	27.25	28.02	98.7	NaN	28.02	NaN
18/06/2018 8:56:15 PM	3612164175	1013.00	27.26	28.02	98.7	27.32	28.02	98.1	27.23	28.02	98.9	NaN	28.02	NaN
18/06/2018 8:56:16 PM	3612164176	1013.00	27.27	28.02	98.6	27.28	28.02	98.5	27.24	28.02	98.8	NaN	28.02	NaN
18/06/2018 8:56:17 PM	3612164177	1013.00	27.26	28.02	98.7	27.31	28.02	98.2	27.26	28.02	98.7	NaN	28.02	NaN
18/06/2018 8:56:18 PM	3612164178	1013.00	27.24	28.02	98.8	27.34	28.02	97.9	27.24	28.02	98.8	NaN	28.02	NaN
18/06/2018 8:56:19 PM	3612164179	1013.00	27.26	28.02	98.7	27.33	28.02	98.0	27.23	28.02	98.9	NaN	28.02	NaN
18/06/2018 8:56:20 PM	3612164180	1013.00	27.27	28.02	98.6	27.35	28.02	97.8	27.25	28.02	98.7	NaN	28.02	NaN
18/06/2018 8:56:21 PM	3612164181	1013.00	27.27	28.03	98.5	27.37	28.03	97.6	27.26	28.03	98.6	NaN	28.03	NaN
18/06/2018 8:56:22 PM	3612164182	1013.00	27.26	28.02	98.7	27.35	28.02	97.8	27.25	28.02	98.7	NaN	28.02	NaN
18/06/2018 8:56:23 PM	3612164183	1013.00	27.27	28.02	98.6	27.37	28.02	97.6	27.26	28.02	98.7	NaN	28.02	NaN
18/06/2018 8:56:24 PM	3612164184	1013.00	27.30	28.02	98.3	27.34	28.02	97.9	27.25	28.02	98.7	NaN	28.02	NaN
18/06/2018 8:56:25 PM	3612164185	1013.00	27.29	28.02	98.4	27.38	28.02	97.5	27.27	28.02	98.6	NaN	28.02	NaN
18/06/2018 8:56:26 PM	3612164186	1013.00	27.29	28.02	98.4	27.40	28.02	97.4	27.23	28.02	98.9	NaN	28.02	NaN
18/06/2018 8:56:27 PM	3612164187	1013.00	27.28	28.03	98.4	27.37	28.03	97.6	27.25	28.03	98.7	NaN	28.03	NaN
18/06/2018 8:56:28 PM	3612164188	1013.00	27.30	28.02	98.3	27.35	28.02	97.8	27.25	28.02	98.7	NaN	28.02	NaN
18/06/2018 8:56:29 PM	3612164189	1013.00	27.29	28.02	98.4	27.39	28.02	97.4	27.23	28.02	98.9	NaN	28.02	NaN
18/06/2018 8:56:30 PM	3612164190	1013.00	27.29	28.03	98.4	27.39	28.03	97.4	27.27	28.03	98.5	NaN	28.03	NaN
18/06/2018 8:56:31 PM	3612164191	1013.00	27.28	28.02	98.5	27.38	28.02	97.5	27.28	28.02	98.5	NaN	28.02	NaN
18/06/2018 8:56:32 PM	3612164192	1013.00	27.26	28.02	98.7	27.42	28.02	97.2	27.25	28.02	98.7	NaN	28.02	NaN
18/06/2018 8:56:33 PM	3612164193	1013.00	27.29	28.02	98.4	27.40	28.02	97.4	27.27	28.02	98.6	NaN	28.02	NaN
18/06/2018 8:56:34 PM	3612164194	1013.00	27.31	28.02	98.2	27.39	28.02	97.4	27.27	28.02	98.6	NaN	28.02	NaN
18/06/2018 8:56:35 PM	3612164195	1013.00	27.32	28.02	98.1	27.39	28.02	97.4	27.27	28.02	98.6	NaN	28.02	NaN
18/06/2018 8:56:36 PM	3612164196	1013.00	27.32	28.02	98.1	27.41	28.02	97.3	27.27	28.02	98.6	NaN	28.02	NaN
18/06/2018 8:56:37 PM	3612164197	1013.00	27.32	28.02	98.1	27.43	28.02	97.1	27.27	28.02	98.6	NaN	28.02	NaN
18/06/2018 8:56:38 PM	3612164198	1013.00	27.32	28.02	98.1	27.43	28.02	97.1	27.26	28.02	98.7	NaN	28.02	NaN
18/06/2018 8:56:39 PM	3612164199	1013.00	27.35	28.03	97.8	27.43	28.03	97.1	27.25	28.03	98.7	NaN	28.03	NaN
18/06/2018 8:56:40 PM	3612164200	1013.00	27.33	28.02	98.0	27.39	28.02	97.4	27.30	28.02	98.3	NaN	28.02	NaN
18/06/2018 8:56:41 PM	3612164201	1013.00	27.34	28.03	97.9	27.42	28.03	97.2	27.29	28.03	98.4	NaN	28.03	NaN
18/06/2018 8:56:42 PM	3612164202	1013.00	27.36	28.03	97.7	27.43	28.03	97.1	27.27	28.03	98.5	NaN	28.03	NaN
18/06/2018 8:56:43 PM	3612164203	1013.00	27.34	28.03	97.9	27.40	28.03	97.3	27.25	28.03	98.7	NaN	28.03	NaN
18/06/2018 8:56:44 PM	3612164204	1013.00	27.34	28.03	97.9	27.42	28.03	97.2	27.24	28.03	98.8	NaN	28.03	NaN
18/06/2018 8:56:45 PM	3612164205	1013.00	27.34	28.03	97.9	27.41	28.03	97.2	27.29	28.03	98.4	NaN	28.03	NaN
18/06/2018 8:56:46 PM	3612164206	1013.00	27.36	28.03	97.7	27.42	28.03	97.2	27.28	28.03	98.4	NaN	28.03	NaN
18/06/2018 8:56:47 PM	3612164207	1013.00	27.34	28.03	97.9	27.45	28.03	96.9	27.27	28.03	98.5	NaN	28.03	NaN
18/06/2018 8:56:48 PM	3612164208	1013.00	27.37	28.03	97.6	27.40	28.03	97.3	27.29	28.03	98.4	NaN	28.03	NaN
18/06/2018 8:56:49 PM	3612164209	1013.00	27.34	28.03	97.9	27.43	28.03	97.1	27.28	28.03	98.4	NaN	28.03	NaN
18/06/2018 8:56:50 PM	3612164210	1013.00	27.35	28.03	97.8	27.44	28.03	97.0	27.28	28.03	98.4	NaN	28.03	NaN
18/06/2018 8:56:51 PM	3612164211	1013.00	27.37	28.03	97.6	27.44	28.03	97.0	27.30	28.03	98.3	NaN	28.03	NaN
18/06/2018 8:56:52 PM	3612164212	1013.00	27.37	28.03	97.6	27.43	28.03	97.1	27.29	28.03	98.4	NaN	28.03	NaN
18/06/2018 8:56:53 PM	3612164213	1013.00	27.37	28.03	97.6	27.48	28.03	96.6	27.30	28.03	98.3	NaN	28.03	NaN
18/06/2018 8:56:54 PM	3612164214	1013.00	27.37	28.03	97.6	27.45	28.03	96.9	27.32	28.03	98.1	NaN	28.03	NaN
18/06/2018 8:56:55 PM	3612164215	1013.00	27.35	28.03	97.8	27.49	28.03	96.5	27.29	28.03	98.4	NaN	28.03	NaN
18/06/2018 8:56:56 PM	3612164216	1013.00	27.40	28.03	97.3	27.43	28.03	97.1	27.29	28.03	98.4	NaN	28.03	NaN
18/06/2018 8:56:57 PM	3612164217	1013.00	27.39	28.03	97.4	27.46	28.03	96.8	27.32	28.03	98.1	NaN	28.03	NaN
18/06/2018 8:56:58 PM	3612164218	1013.00	27.39	28.03	97.4	27.48	28.03	96.6	27.30	28.03	98.3	NaN	28.03	NaN
18/06/2018 8:56:59 PM	3612164219	1013.00	27.41	28.02	97.3	27.42	28.02	97.2	27.33	28.02	98.0	NaN	28.02	NaN
18/06/2018 8:57:00 PM	3612164220	1013.00	27.40	28.03	97.3	27.47	28.03	96.7	27.26	28.03	98.6	NaN	28.03	NaN
18/06/2018 8:57:01 PM	3612164221	1013.00	27.41	28.02	97.3	27.46	28.02	96.8	27.31	28.02	98.2	NaN	28.02	NaN
18/06/2018 8:57:02 PM	3612164222	1013.00	27.43	28.02	97.1	27.48	28.02	96.6	27.32	28.02	98.1	NaN	28.02	NaN
18/06/2018 8:57:03 PM	3612164223	1013.00	27.40	28.02	97.4	27.44	28.02	97.0	27.31	28.02	98.2	NaN	28.02	NaN
18/06/2018 8:57:04 PM	3612164224	1013.00	27.42	28.02	97.2	27.46	28.02	96.8	27.33	28.02	98.0	NaN	28.02	NaN
18/06/2018 8:57:05 PM	3612164225	1013.00	27.43	28.02	97.1	27.43	28.02	97.1	27.34	28.02	97.9	NaN	28.02	NaN
18/06/2018 8:57:06 PM	3612164226	1013.00	27.42	28.02	97.2	27.48	28.02	96.6	27.35	28.02	97.8	NaN	28.02	NaN
18/06/2018 8:57:07 PM	3612164227	1013.00	27.41	28.03	97.2	27.47	28.03	96.7	27.35	28.03	97.8	NaN	28.03	NaN
18/06/2018 8:57:08 PM	3612164228	1013.00	27.44	28.03	97.0	27.45	28.03	96.9	27.34	28.03	97.9	NaN	28.03	NaN
18/06/2018 8:57:09 PM	3612164229	1013.00	27.43	28.03	97.1	27.48	28.03	96.6	27.35	28.03	97.8	NaN	28.03	NaN
18/06/2018 8:57:10 PM	3612164230	1013.00	27.44	28.03	97.0	27.47	28.03	96.7	27.37	28.03	97.6	NaN	28.03	NaN
18/06/2018 8:57:11 PM	3612164231	1013.00	27.46	28.04	96.8	27.47	28.04	96.7	27.36	28.04	97.7	NaN	28.04	NaN
18/06/2018 8:57:12 PM	3612164232	1013.00	27.46	28.03	96.8	27.47	28.03	96.7	27.37	28.03	97.6	NaN	28.03	NaN
18/06/2018 8:57:13 PM	3612164233	1013.00	27.45	28.03	96.9	27.49	28.03	96.5	27.35	28.03	97.8	NaN	28.03	NaN
18/06/2018 8:57:14 PM	3612164234	1013.00	27.46	28.03	96.8	27.48	28.03	96.6	27.37	28.03	97.6	NaN	28.03	NaN
18/06/2018 8:57:15 PM	3612164235	1013.00	27.44	28.02	97.0	27.47	28.02	96.7	27.38	28.02	97.5	NaN	28.02	NaN
18/06/2018 8:57:16 PM	3612164236	1013.00	27.48	28.02	96.6	27.47	28.02	96.7	27.38	28.02	97.5	NaN	28.02	NaN
18/06/2018 8:57:17 PM	3612164237	1013.00	27.48	28.03	96.6	27.49	28.03	96.5	27.35	28.03	97.8	NaN	28.03	NaN
18/06/2018 8:57:18 PM	3612164238	1013.00	27.45	28.03	96.9	27.49	28.03	96.5	27.40	28.03	97.3	NaN	28.03	NaN
18/06/2018 8:57:19 PM	3612164239	1013.00	27.47	28.03	96.7	27.52	28.03	96.2	27.40	28.03	97.3	NaN	28.03	NaN
18/06/2018 8:57:20 PM	3612164240	1013.00	27.48	28.03	96.6	27.51	28.03	96.3	27.42	28.03	97.2	NaN	28.03	NaN
18/06/2018 8:57:21 PM	3612164241	1013.00	27.52	28.03	96.2	27.51	28.03	96.3	27.39	28.03	97.4	NaN	28.03	NaN
18/06/2018 8:57:22 PM	3612164242	1013.00	27.49	28.03	96.5	27.50	28.03	96.4	27.41	28.03	97.2	NaN	28.03	NaN
18/06/2018 8:57:23 PM	3612164243	1013.00	27.49	28.02	96.5	27.51	28.02	96.4	27.40	28.02	97.4	NaN	28.02	NaN
18/06/2018 8:57:24 PM	3612164244	1013.00	27.48	28.02	96.6	27.51	28.02	96.4	27.42	28.02	97.2	NaN	28.02	NaN
18/06/2018 8:57:25 PM	3612164245	1013.00	27.52	28.02	96.3	27.51	28.02	96.4	27.43	28.02	97.1	NaN	28.02	NaN
18/06/2018 8:57:26 PM	3612164246	1013.00	27.52	28.02	96.3	27.52	28.02	96.3	27.42	28.02	97.2	NaN	28.02	NaN
18/06/2018 8:57:27 PM	3612164247	1013.00	27.52	28.01	96.3	27.55	28.01	96.0	27.46	28.01	96.8	NaN	28.01	NaN
18/06/2018 8:57:28 PM	3612164248	1013.00	27.52	28.03	96.2	27.56	28.03	95.9	27.44	28.03	97.0	NaN	28.03	NaN
18/06/2018 8:57:29 PM	3612164249	1013.00	27.51	28.03	96.3	27.55	28.03	96.0	27.43	28.03	97.1	NaN	28.03	NaN
18/06/2018 8:57:30 PM	3612164250	1013.00	27.53	28.03	96.2	27.55	28.03	96.0	27.43	28.03	97.1	NaN	28.03	NaN
18/06/2018 8:57:31 PM	3612164251	1013.00	27.53	28.03	96.2	27.56	28.03	95.9	27.42	28.03	97.2	NaN	28.03	NaN
18/06/2018 8:57:32 PM	3612164252	1013.00	27.54	28.03	96.1	27.56	28.03	95.9	27.43	28.03	97.1	NaN	28.03	NaN
18/06/2018 8:57:33 PM	3612164253	1013.00	27.53	28.02	96.2	27.57	28.02	95.8	27.43	28.02	97.1	NaN	28.02	NaN
18/06/2018 8:57:34 PM	3612164254	1013.00	27.54	28.02	96.1	27.58	28.02	95.7	27.48	28.02	96.6	NaN	28.02	NaN
18/06/2018 8:57:35 PM	3612164255	1013.00	27.56	28.02	95.9	27.61	28.02	95.5	27.43	28.02	97.1	NaN	28.02	NaN
18/06/2018 8:57:36 PM	3612164256	1013.00	27.54	28.03	96.1	27.59	28.03	95.6	27.45	28.03	96.9	NaN	28.03	NaN
18/06/2018 8:57:37 PM	3612164257	1013.00	27.54	28.03	96.1	27.60	28.03	95.5	27.45	28.03	96.9	NaN	28.03	NaN
18/06/2018 8:57:38 PM	3612164258	1013.00	27.55	28.03	96.0	27.60	28.03	95.5	27.47	28.03	96.7	NaN	28.03	NaN
18/06/2018 8:57:39 PM	3612164259	1013.00	27.57	28.03	95.8	27.63	28.03	95.3	27.45	28.03	96.9	NaN	28.03	NaN
18/06/2018 8:57:40 PM	3612164260	1013.00	27.54	28.04	96.1	27.61	28.04	95.4	27.48	28.04	96.6	NaN	28.04	NaN
18/06/2018 8:57:41 PM	3612164261	1013.00	27.56	28.03	95.9	27.61	28.03	95.4	27.45	28.03	96.9	NaN	28.03	NaN
18/06/2018 8:57:42 PM	3612164262	1013.00	27.59	28.04	95.6	27.64	28.04	95.2	27.47	28.04	96.7	NaN	28.04	NaN
18/06/2018 8:57:43 PM	3612164263	1013.00	27.57	28.04	95.8	27.63	28.04	95.2	27.46	28.04	96.8	NaN	28.04	NaN
18/06/2018 8:57:44 PM	3612164264	1013.00	27.58	28.04	95.7	27.67	28.04	94.9	27.49	28.04	96.5	NaN	28.04	NaN
18/06/2018 8:57:45 PM	3612164265	1013.00	27.59	28.03	95.6	27.66	28.03	95.0	27.48	28.03	96.6	NaN	28.03	NaN
18/06/2018 8:57:46 PM	3612164266	1013.00	27.59	28.03	95.6	27.64	28.03	95.2	27.47	28.03	96.7	NaN	28.03	NaN
18/06/2018 8:57:47 PM	3612164267	1013.00	27.56	28.03	95.9	27.70	28.03	94.6	27.47	28.03	96.7	NaN	28.03	NaN
18/06/2018 8:57:48 PM	3612164268	1013.00	27.56	28.02	95.9	27.65	28.02	95.1	27.49	28.02	96.5	NaN	28.02	NaN
18/06/2018 8:57:49 PM	3612164269	1013.00	27.59	28.02	95.6	27.66	28.02	95.0	27.48	28.02	96.6	NaN	28.02	NaN
18/06/2018 8:57:50 PM	3612164270	1013.00	27.58	28.03	95.7	27.66	28.03	95.0	27.48	28.03	96.6	NaN	28.03	NaN
18/06/2018 8:57:51 PM	3612164271	1013.00	27.55	28.02	96.0	27.70	28.02	94.7	27.53	28.02	96.2	NaN	28.02	NaN
18/06/2018 8:57:52 PM	3612164272	1013.00	27.58	28.02	95.7	27.69	28.02	94.7	27.48	28.02	96.6	NaN	28.02	NaN
18/06/2018 8:57:53 PM	3612164273	1013.00	27.59	28.03	95.6	27.69	28.03	94.7	27.47	28.03	96.7	NaN	28.03	NaN
18/06/2018 8:57:54 PM	3612164274	1013.00	27.59	28.03	95.6	27.70	28.03	94.6	27.49	28.03	96.5	NaN	28.03	NaN
18/06/2018 8:57:55 PM	3612164275	1013.00	27.59	28.03	95.6	27.70	28.03	94.6	27.50	28.03	96.4	NaN	28.03	NaN
18/06/2018 8:57:56 PM	3612164276	1013.00	27.59	28.03	95.6	27.71	28.03	94.5	27.50	28.03	96.4	NaN	28.03	NaN
18/06/2018 8:57:57 PM	3612164277	1013.00	27.61	28.04	95.4	27.73	28.04	94.4	27.53	28.04	96.1	NaN	28.04	NaN
18/06/2018 8:57:58 PM	3612164278	1013.00	27.61	28.04	95.4	27.71	28.04	94.5	27.53	28.04	96.1	NaN	28.04	NaN
18/06/2018 8:57:59 PM	3612164279	1013.00	27.61	28.04	95.4	27.73	28.04	94.4	27.54	28.04	96.1	NaN	28.04	NaN
18/06/2018 8:58:00 PM	3612164280	1013.00	27.61	28.04	95.4	27.71	28.04	94.5	27.56	28.04	95.9	NaN	28.04	NaN
18/06/2018 8:58:01 PM	3612164281	1013.00	27.61	28.04	95.4	27.75	28.04	94.2	27.57	28.04	95.8	NaN	28.04	NaN
18/06/2018 8:58:02 PM	3612164282	1013.00	27.63	28.04	95.2	27.72	28.04	94.4	27.56	28.04	95.9	NaN	28.04	NaN
18/06/2018 8:58:03 PM	3612164283	1013.00	27.64	28.04	95.2	27.77	28.04	94.0	27.53	28.04	96.1	NaN	28.04	NaN
18/06/2018 8:58:04 PM	3612164284	1013.00	27.62	28.04	95.3	27.75	28.04	94.2	27.58	28.04	95.7	NaN	28.04	NaN
18/06/2018 8:58:05 PM	3612164285	1013.00	27.64	28.04	95.2	27.78	28.04	93.9	27.57	28.04	95.8	NaN	28.04	NaN
18/06/2018 8:58:06 PM	3612164286	1013.00	27.62	28.04	95.3	27.79	28.04	93.8	27.58	28.04	95.7	NaN	28.04	NaN
18/06/2018 8:58:07 PM	3612164287	1013.00	27.63	28.04	95.2	27.81	28.04	93.7	27.60	28.04	95.5	NaN	28.04	NaN
18/06/2018 8:58:08 PM	3612164288	1013.00	27.64	28.04	95.2	27.81	28.04	93.7	27.57	28.04	95.8	NaN	28.04	NaN
18/06/2018 8:58:09 PM	3612164289	1013.00	27.63	28.04	95.2	27.82	28.04	93.6	27.58	28.04	95.7	NaN	28.04	NaN
18/06/2018 8:58:10 PM	3612164290	1013.00	27.65	28.03	95.1	27.81	28.03	93.7	27.62	28.03	95.3	NaN	28.03	NaN
18/06/2018 8:58:11 PM	3612164291	1013.00	27.65	28.02	95.1	27.80	28.02	93.8	27.62	28.02	95.4	NaN	28.02	NaN
18/06/2018 8:58:12 PM	3612164292	1013.00	27.66	28.03	95.0	27.81	28.03	93.7	27.60	28.03	95.5	NaN	28.03	NaN
18/06/2018 8:58:13 PM	3612164293	1013.00	27.64	28.02	95.2	27.81	28.02	93.7	27.63	28.02	95.3	NaN	28.02	NaN
18/06/2018 8:58:14 PM	3612164294	1013.00	27.68	28.02	94.8	27.82	28.02	93.6	27.60	28.02	95.5	NaN	28.02	NaN
18/06/2018 8:58:15 PM	3612164295	1013.00	27.67	28.03	94.9	27.82	28.03	93.6	27.61	28.03	95.4	NaN	28.03	NaN
18/06/2018 8:58:16 PM	3612164296	1013.00	27.66	28.03	95.0	27.87	28.03	93.1	27.67	28.03	94.9	NaN	28.03	NaN
18/06/2018 8:58:17 PM	3612164297	1013.00	27.65	28.03	95.1	27.87	28.03	93.1	27.66	28.03	95.0	NaN	28.03	NaN
18/06/2018 8:58:18 PM	3612164298	1013.00	27.69	28.03	94.7	27.86	28.03	93.2	27.67	28.03	94.9	NaN	28.03	NaN
18/06/2018 8:58:19 PM	3612164299	1013.00	27.68	28.03	94.8	27.87	28.03	93.1	27.64	28.03	95.2	NaN	28.03	NaN
18/06/2018 8:58:20 PM	3612164300	1013.00	27.69	28.03	94.7	27.85	28.03	93.3	27.69	28.03	94.7	NaN	28.03	NaN
18/06/2018 8:58:21 PM	3612164301	1013.00	27.68	28.03	94.8	27.88	28.03	93.1	27.69	28.03	94.7	NaN	28.03	NaN
18/06/2018 8:58:22 PM	3612164302	1013.00	27.69	28.03	94.7	27.86	28.03	93.2	27.69	28.03	94.7	NaN	28.03	NaN
18/06/2018 8:58:23 PM	3612164303	1013.00	27.67	28.04	94.9	27.85	28.04	93.3	27.70	28.04	94.6	NaN	28.04	NaN
18/06/2018 8:58:24 PM	3612164304	1013.00	27.70	28.04	94.6	27.87	28.04	93.1	27.71	28.04	94.5	NaN	28.04	NaN
18/06/2018 8:58:25 PM	3612164305	1013.00	27.68	28.04	94.8	27.88	28.04	93.0	27.68	28.04	94.8	NaN	28.04	NaN
18/06/2018 8:58:26 PM	3612164306	1013.00	27.71	28.03	94.5	27.88	28.03	93.1	27.69	28.03	94.7	NaN	28.03	NaN
18/06/2018 8:58:27 PM	3612164307	1013.00	27.67	28.03	94.9	27.88	28.03	93.1	27.71	28.03	94.5	NaN	28.03	NaN
18/06/2018 8:58:28 PM	3612164308	1013.00	27.70	28.03	94.6	27.91	28.03	92.8	27.73	28.03	94.4	NaN	28.03	NaN
18/06/2018 8:58:29 PM	3612164309	1013.00	27.69	28.03	94.7	27.90	28.03	92.9	27.69	28.03	94.7	NaN	28.03	NaN
18/06/2018 8:58:30 PM	3612164310	1013.00	27.71	28.03	94.5	27.86	28.03	93.2	27.71	28.03	94.5	NaN	28.03	NaN
18/06/2018 8:58:31 PM	3612164311	1013.00	27.72	28.03	94.5	27.92	28.03	92.7	27.72	28.03	94.5	NaN	28.03	NaN
18/06/2018 8:58:32 PM	3612164312	1013.00	27.71	28.03	94.5	27.88	28.03	93.1	27.75	28.03	94.2	NaN	28.03	NaN
18/06/2018 8:58:33 PM	3612164313	1013.00	27.70	28.03	94.6	27.92	28.03	92.7	27.72	28.03	94.5	NaN	28.03	NaN
18/06/2018 8:58:34 PM	3612164314	1013.00	27.72	28.03	94.5	27.92	28.03	92.7	27.71	28.03	94.5	NaN	28.03	NaN
18/06/2018 8:58:35 PM	3612164315	1013.00	27.73	28.04	94.4	27.93	28.04	92.6	27.76	28.04	94.1	NaN	28.04	NaN
18/06/2018 8:58:36 PM	3612164316	1013.00	27.72	28.04	94.4	27.93	28.04	92.6	27.73	28.04	94.4	NaN	28.04	NaN
18/06/2018 8:58:37 PM	3612164317	1013.00	27.72	28.05	94.4	27.88	28.05	93.0	27.74	28.05	94.3	NaN	28.05	NaN
18/06/2018 8:58:38 PM	3612164318	1013.00	27.74	28.04	94.3	27.90	28.04	92.9	27.74	28.04	94.3	NaN	28.04	NaN
18/06/2018 8:58:39 PM	3612164319	1013.00	27.72	28.04	94.4	27.93	28.04	92.6	27.73	28.04	94.4	NaN	28.04	NaN
18/06/2018 8:58:40 PM	3612164320	1013.00	27.73	28.04	94.4	27.93	28.04	92.6	27.79	28.04	93.8	NaN	28.04	NaN
18/06/2018 8:58:41 PM	3612164321	1013.00	27.74	28.03	94.3	27.92	28.03	92.7	27.76	28.03	94.1	NaN	28.03	NaN
18/06/2018 8:58:42 PM	3612164322	1013.00	27.76	28.03	94.1	27.93	28.03	92.6	27.77	28.03	94.0	NaN	28.03	NaN
18/06/2018 8:58:43 PM	3612164323	1013.00	27.73	28.03	94.4	27.94	28.03	92.5	27.77	28.03	94.0	NaN	28.03	NaN
18/06/2018 8:58:44 PM	3612164324	1013.00	27.76	28.02	94.1	27.98	28.02	92.2	27.80	28.02	93.8	NaN	28.02	NaN
18/06/2018 8:58:45 PM	3612164325	1013.00	27.74	28.02	94.3	27.98	28.02	92.2	27.73	28.02	94.4	NaN	28.02	NaN
18/06/2018 8:58:46 PM	3612164326	1013.00	27.76	28.01	94.1	27.99	28.01	92.1	27.79	28.01	93.9	NaN	28.01	NaN
18/06/2018 8:58:47 PM	3612164327	1013.00	27.76	28.02	94.1	27.95	28.02	92.5	27.84	28.02	93.4	NaN	28.02	NaN
18/06/2018 8:58:48 PM	3612164328	1013.00	27.74	28.02	94.3	27.93	28.02	92.6	27.80	28.02	93.8	NaN	28.02	NaN
18/06/2018 8:58:49 PM	3612164329	1013.00	27.76	28.02	94.1	27.98	28.02	92.2	27.78	28.02	93.9	NaN	28.02	NaN
18/06/2018 8:58:50 PM	3612164330	1013.00	27.78	28.04	93.9	27.99	28.04	92.1	27.78	28.04	93.9	NaN	28.04	NaN
18/06/2018 8:58:51 PM	3612164331	1013.00	27.77	28.03	94.0	27.97	28.03	92.3	27.82	28.03	93.6	NaN	28.03	NaN
18/06/2018 8:58:52 PM	3612164332	1013.00	27.78	28.03	93.9	27.96	28.03	92.4	27.80	28.03	93.8	NaN	28.03	NaN
18/06/2018 8:58:53 PM	3612164333	1013.00	27.79	28.03	93.8	28.01	28.03	91.9	27.80	28.03	93.8	NaN	28.03	NaN
18/06/2018 8:58:54 PM	3612164334	1013.00	27.80	28.03	93.8	27.98	28.03	92.2	27.80	28.03	93.8	NaN	28.03	NaN
18/06/2018 8:58:55 PM	3612164335	1013.00	27.80	28.03	93.8	28.02	28.03	91.9	27.82	28.03	93.6	NaN	28.03	NaN
18/06/2018 8:58:56 PM	3612164336	1013.00	27.81	28.03	93.7	27.98	28.03	92.2	27.80	28.03	93.8	NaN	28.03	NaN
18/06/2018 8:58:57 PM	3612164337	1013.00	27.82	28.02	93.6	28.04	28.02	91.7	27.81	28.02	93.7	NaN	28.02	NaN
18/06/2018 8:58:58 PM	3612164338	1013.00	27.83	28.02	93.5	28.02	28.02	91.9	27.84	28.02	93.4	NaN	28.02	NaN
18/06/2018 8:58:59 PM	3612164339	1013.00	27.80	28.02	93.8	28.03	28.02	91.8	27.81	28.02	93.7	NaN	28.02	NaN
18/06/2018 8:59:00 PM	3612164340	1013.00	27.80	28.02	93.8	28.02	28.02	91.9	27.85	28.02	93.3	NaN	28.02	NaN
18/06/2018 8:59:01 PM	3612164341	1013.00	27.83	28.02	93.5	28.03	28.02	91.8	27.81	28.02	93.7	NaN	28.02	NaN
18/06/2018 8:59:02 PM	3612164342	1013.00	27.83	28.03	93.5	28.05	28.03	91.6	27.85	28.03	93.3	NaN	28.03	NaN
18/06/2018 8:59:03 PM	3612164343	1013.00	27.85	28.03	93.3	28.05	28.03	91.6	27.83	28.03	93.5	NaN	28.03	NaN
18/06/2018 8:59:04 PM	3612164344	1013.00	27.82	28.03	93.6	28.07	28.03	91.4	27.85	28.03	93.3	NaN	28.03	NaN
18/06/2018 8:59:05 PM	3612164345	1013.00	27.84	28.02	93.4	28.08	28.02	91.4	27.84	28.02	93.4	NaN	28.02	NaN
18/06/2018 8:59:06 PM	3612164346	1013.00	27.85	28.02	93.3	28.10	28.02	91.2	27.86	28.02	93.2	NaN	28.02	NaN
18/06/2018 8:59:07 PM	3612164347	1013.00	27.87	28.02	93.2	28.12	28.02	91.0	27.84	28.02	93.4	NaN	28.02	NaN
18/06/2018 8:59:08 PM	3612164348	1013.00	27.87	28.02	93.2	28.11	28.02	91.1	27.85	28.02	93.3	NaN	28.02	NaN
18/06/2018 8:59:09 PM	3612164349	1013.00	27.85	28.02	93.3	28.14	28.02	90.9	27.85	28.02	93.3	NaN	28.02	NaN
18/06/2018 8:59:10 PM	3612164350	1013.00	27.88	28.02	93.1	28.15	28.02	90.8	27.85	28.02	93.3	NaN	28.02	NaN
18/06/2018 8:59:11 PM	3612164351	1013.00	27.87	28.02	93.2	28.14	28.02	90.9	27.88	28.02	93.1	NaN	28.02	NaN
18/06/2018 8:59:12 PM	3612164352	1013.00	27.86	28.03	93.2	28.16	28.03	90.7	27.87	28.03	93.1	NaN	28.03	NaN
18/06/2018 8:59:13 PM	3612164353	1013.00	27.89	28.03	93.0	28.18	28.03	90.5	27.87	28.03	93.1	NaN	28.03	NaN
18/06/2018 8:59:14 PM	3612164354	1013.00	27.87	28.03	93.1	28.17	28.03	90.6	27.86	28.03	93.2	NaN	28.03	NaN
18/06/2018 8:59:15 PM	3612164355	1013.00	27.91	28.04	92.8	28.20	28.04	90.3	27.82	28.04	93.6	NaN	28.04	NaN
18/06/2018 8:59:16 PM	3612164356	1013.00	27.88	28.03	93.1	28.23	28.03	90.1	27.92	28.03	92.7	NaN	28.03	NaN
18/06/2018 8:59:17 PM	3612164357	1013.00	27.91	28.03	92.8	28.20	28.03	90.3	27.86	28.03	93.2	NaN	28.03	NaN
18/06/2018 8:59:18 PM	3612164358	1013.00	27.91	28.04	92.8	28.22	28.04	90.2	27.84	28.04	93.4	NaN	28.04	NaN
18/06/2018 8:59:19 PM	3612164359	1013.00	27.90	28.03	92.9	28.21	28.03	90.3	27.90	28.03	92.9	NaN	28.03	NaN
18/06/2018 8:59:20 PM	3612164360	1013.00	27.88	28.03	93.1	28.21	28.03	90.3	27.87	28.03	93.1	NaN	28.03	NaN
18/06/2018 8:59:21 PM	3612164361	1013.00	27.90	28.03	92.9	28.22	28.03	90.2	27.88	28.03	93.1	NaN	28.03	NaN
18/06/2018 8:59:22 PM	3612164362	1013.00	27.90	28.03	92.9	28.23	28.03	90.1	27.89	28.03	93.0	NaN	28.03	NaN
18/06/2018 8:59:23 PM	3612164363	1013.00	27.92	28.03	92.7	28.26	28.03	89.8	27.89	28.03	93.0	NaN	28.03	NaN
18/06/2018 8:59:24 PM	3612164364	1013.00	27.95	28.03	92.5	28.26	28.03	89.8	27.92	28.03	92.7	NaN	28.03	NaN
18/06/2018 8:59:25 PM	3612164365	1013.00	27.91	28.03	92.8	28.27	28.03	89.8	27.89	28.03	93.0	NaN	28.03	NaN
18/06/2018 8:59:26 PM	3612164366	1013.00	27.93	28.03	92.6	28.27	28.03	89.8	27.90	28.03	92.9	NaN	28.03	NaN
18/06/2018 8:59:27 PM	3612164367	1013.00	27.92	28.03	92.7	28.29	28.03	89.6	27.93	28.03	92.6	NaN	28.03	NaN
18/06/2018 8:59:28 PM	3612164368	1013.00	27.95	28.02	92.5	28.32	28.02	89.4	27.89	28.02	93.0	NaN	28.02	NaN
18/06/2018 8:59:29 PM	3612164369	1013.00	27.93	28.03	92.6	28.29	28.03	89.6	27.89	28.03	93.0	NaN	28.03	NaN
18/06/2018 8:59:30 PM	3612164370	1013.00	27.94	28.02	92.6	28.31	28.02	89.4	27.91	28.02	92.8	NaN	28.02	NaN
18/06/2018 8:59:31 PM	3612164371	1013.00	27.95	28.03	92.5	28.34	28.03	89.2	27.91	28.03	92.8	NaN	28.03	NaN
18/06/2018 8:59:32 PM	3612164372	1013.00	27.94	28.03	92.5	28.29	28.03	89.6	27.89	28.03	93.0	NaN	28.03	NaN
18/06/2018 8:59:33 PM	3612164373	1013.00	27.97	28.03	92.3	28.36	28.03	89.0	27.92	28.03	92.7	NaN	28.03	NaN
18/06/2018 8:59:34 PM	3612164374	1013.00	27.96	28.03	92.4	28.32	28.03	89.3	27.89	28.03	93.0	NaN	28.03	NaN
18/06/2018 8:59:35 PM	3612164375	1013.00	27.96	28.04	92.4	28.33	28.04	89.2	27.90	28.04	92.9	NaN	28.04	NaN
18/06/2018 8:59:36 PM	3612164376	1013.00	27.96	28.03	92.4	28.38	28.03	88.8	27.93	28.03	92.6	NaN	28.03	NaN
18/06/2018 8:59:37 PM	3612164377	1013.00	27.96	28.04	92.4	28.36	28.04	89.0	27.94	28.04	92.5	NaN	28.04	NaN
18/06/2018 8:59:38 PM	3612164378	1013.00	27.97	28.04	92.3	28.38	28.04	88.8	27.93	28.04	92.6	NaN	28.04	NaN
18/06/2018 8:59:39 PM	3612164379	1013.00	27.99	28.03	92.1	28.39	28.03	88.8	27.92	28.03	92.7	NaN	28.03	NaN
18/06/2018 8:59:40 PM	3612164380	1013.00	27.97	28.03	92.3	28.41	28.03	88.6	27.94	28.03	92.5	NaN	28.03	NaN
18/06/2018 8:59:41 PM	3612164381	1013.00	27.97	28.03	92.3	28.40	28.03	88.7	27.92	28.03	92.7	NaN	28.03	NaN
18/06/2018 8:59:42 PM	3612164382	1013.00	27.98	28.02	92.2	28.41	28.02	88.6	27.94	28.02	92.6	NaN	28.02	NaN
18/06/2018 8:59:43 PM	3612164383	1013.00	28.00	28.02	92.0	28.41	28.02	88.6	27.97	28.02	92.3	NaN	28.02	NaN
18/06/2018 8:59:44 PM	3612164384	1013.00	27.99	28.02	92.1	28.41	28.02	88.6	27.99	28.02	92.1	NaN	28.02	NaN
18/06/2018 8:59:45 PM	3612164385	1013.00	28.01	28.01	92.0	28.41	28.01	88.6	27.96	28.01	92.4	NaN	28.01	NaN
18/06/2018 8:59:46 PM	3612164386	1013.00	27.99	28.01	92.1	28.43	28.01	88.5	27.96	28.01	92.4	NaN	28.01	NaN
18/06/2018 8:59:47 PM	3612164387	1013.00	27.99	28.02	92.1	28.44	28.02	88.4	27.96	28.02	92.4	NaN	28.02	NaN
18/06/2018 8:59:48 PM	3612164388	1013.00	28.01	28.02	92.0	28.43	28.02	88.5	27.97	28.02	92.3	NaN	28.02	NaN
18/06/2018 8:59:49 PM	3612164389	1013.00	28.00	28.03	92.0	28.43	28.03	88.4	27.98	28.03	92.2	NaN	28.03	NaN
18/06/2018 8:59:50 PM	3612164390	1013.00	28.04	28.03	91.7	28.45	28.03	88.3	27.99	28.03	92.1	NaN	28.03	NaN
18/06/2018 8:59:51 PM	3612164391	1013.00	28.02	28.04	91.8	28.46	28.04	88.2	28.01	28.04	91.9	NaN	28.04	NaN
18/06/2018 8:59:52 PM	3612164392	1013.00	28.02	28.04	91.8	28.46	28.04	88.2	28.05	28.04	91.6	NaN	28.04	NaN
18/06/2018 8:59:53 PM	3612164393	1013.00	28.02	28.03	91.9	28.46	28.03	88.2	27.98	28.03	92.2	NaN	28.03	NaN
18/06/2018 8:59:54 PM	3612164394	1013.00	28.04	28.03	91.7	28.46	28.03	88.2	28.02	28.03	91.9	NaN	28.03	NaN
18/06/2018 8:59:55 PM	3612164395	1013.00	28.04	28.03	91.7	28.46	28.03	88.2	28.04	28.03	91.7	NaN	28.03	NaN
18/06/2018 8:59:56 PM	3612164396	1013.00	28.07	28.02	91.4	28.48	28.02	88.0	28.03	28.02	91.8	NaN	28.02	NaN
18/06/2018 8:59:57 PM	3612164397	1013.00	28.04	28.03	91.7	28.50	28.03	87.9	28.01	28.03	91.9	NaN	28.03	NaN
18/06/2018 8:59:58 PM	3612164398	1013.00	28.08	28.02	91.4	28.48	28.02	88.0	28.03	28.02	91.8	NaN	28.02	NaN
18/06/2018 8:59:59 PM	3612164399	1013.00	28.06	28.02	91.5	28.50	28.02	87.9	28.02	28.02	91.9	NaN	28.02	NaN
18/06/2018 9:00:00 PM	3612164400	1013.00	28.08	28.02	91.4	28.49	28.02	88.0	28.05	28.02	91.6	NaN	28.02	NaN
18/06/2018 9:00:01 PM	3612164401	1013.00	28.08	28.03	91.3	28.49	28.03	87.9	28.07	28.03	91.4	NaN	28.03	NaN
18/06/2018 9:00:02 PM	3612164402	1013.00	28.09	28.02	91.3	28.53	28.02	87.6	28.05	28.02	91.6	NaN	28.02	NaN
18/06/2018 9:00:03 PM	3612164403	1013.00	28.10	28.02	91.2	28.50	28.02	87.9	28.10	28.02	91.2	NaN	28.02	NaN
18/06/2018 9:00:04 PM	3612164404	1013.00	28.11	28.02	91.1	28.49	28.02	88.0	28.07	28.02	91.4	NaN	28.02	NaN
18/06/2018 9:00:05 PM	3612164405	1013.00	28.12	28.01	91.0	28.54	28.01	87.6	28.10	28.01	91.2	NaN	28.01	NaN
18/06/2018 9:00:06 PM	3612164406	1013.00	28.13	28.00	91.0	28.54	28.00	87.6	28.09	28.00	91.3	NaN	28.00	NaN
18/06/2018 9:00:07 PM	3612164407	1013.00	28.12	28.00	91.1	28.53	28.00	87.7	28.09	28.00	91.3	NaN	28.00	NaN
18/06/2018 9:00:08 PM	3612164408	1013.00	28.13	28.01	91.0	28.55	28.01	87.5	28.08	28.01	91.4	NaN	28.01	NaN
18/06/2018 9:00:09 PM	3612164409	1013.00	28.14	28.01	90.9	28.53	28.01	87.7	28.08	28.01	91.4	NaN	28.01	NaN
18/06/2018 9:00:10 PM	3612164410	1013.00	28.13	28.01	91.0	28.57	28.01	87.3	28.10	28.01	91.2	NaN	28.01	NaN
18/06/2018 9:00:11 PM	3612164411	1013.00	28.16	28.02	90.7	28.56	28.02	87.4	28.10	28.02	91.2	NaN	28.02	NaN
18/06/2018 9:00:12 PM	3612164412	1013.00	28.15	28.03	90.8	28.54	28.03	87.5	28.10	28.03	91.2	NaN	28.03	NaN
18/06/2018 9:00:13 PM	3612164413	1013.00	28.19	28.03	90.4	28.56	28.03	87.4	28.11	28.03	91.1	NaN	28.03	NaN
18/06/2018 9:00:14 PM	3612164414	1013.00	28.17	28.03	90.6	28.59	28.03	87.1	28.09	28.03	91.3	NaN	28.03	NaN
18/06/2018 9:00:15 PM	3612164415	1013.00	28.18	28.02	90.5	28.58	28.02	87.2	28.12	28.02	91.0	NaN	28.02	NaN
18/06/2018 9:00:16 PM	3612164416	1013.00	28.22	28.02	90.2	28.57	28.02	87.3	28.09	28.02	91.3	NaN	28.02	NaN
18/06/2018 9:00:17 PM	3612164417	1013.00	28.19	28.02	90.4	28.61	28.02	87.0	28.14	28.02	90.9	NaN	28.02	NaN
18/06/2018 9:00:18 PM	3612164418	1013.00	28.20	28.02	90.4	28.59	28.02	87.2	28.14	28.02	90.9	NaN	28.02	NaN
18/06/2018 9:00:19 PM	3612164419	1013.00	28.19	28.02	90.4	28.59	28.02	87.2	28.13	28.02	90.9	NaN	28.02	NaN
18/06/2018 9:00:20 PM	3612164420	1013.00	28.20	28.02	90.4	28.57	28.02	87.3	28.09	28.02	91.3	NaN	28.02	NaN
18/06/2018 9:00:21 PM	3612164421	1013.00	28.23	28.02	90.1	28.58	28.02	87.2	28.13	28.02	90.9	NaN	28.02	NaN
18/06/2018 9:00:22 PM	3612164422	1013.00	28.22	28.02	90.2	28.60	28.02	87.1	28.13	28.02	90.9	NaN	28.02	NaN
18/06/2018 9:00:23 PM	3612164423	1013.00	28.23	28.02	90.1	28.62	28.02	86.9	28.12	28.02	91.0	NaN	28.02	NaN
