Date & time of file creation	9/06/2018 9:02 PM													
Data file path	C:\Users\ameli\Desktop\Luke Strasiotto\new_4.txt													
														
														
CALIBRATION DATA														
Parameter/Channel	N moving average	LO phase [r.U.]	HI phase [r.U.]	LO oxygen [%air saturation]	HI oxygen [%air saturation]	LO temperature [°C]	HI temperature [°C]	Salinity [‰]						
SDWD0003000199      , CH 1	1	60.04	28.47	0.00	100.00	19.08	18.86	0.000						
SDWD0003000199      , CH 2	1	60.04	28.47	0.00	100.00	19.08	18.86	0.000						
SDWD0003000199      , CH 3	1	60.04	28.47	0.00	100.00	19.07	18.85	0.000						
SDWD0003000199      , CH 4	1	60.04	28.47	0.00	100.00	19.07	18.84	0.000						
														
														
Date &Time [DD-MM-YYYY HH:MM:SS]	Time stamp code	Barometric pressure [hPa]	SDWD0003000199      , CH 1 phase [r.U.]	SDWD0003000199      , CH 1 temp [°C]	SDWD0003000199      , CH 1 O2 [% air saturation]	SDWD0003000199      , CH 2 phase [r.U.]	SDWD0003000199      , CH 2 temp [°C]	SDWD0003000199      , CH 2 O2 [% air saturation]	SDWD0003000199      , CH 3 phase [r.U.]	SDWD0003000199      , CH 3 temp [°C]	SDWD0003000199      , CH 3 O2 [% air saturation]	SDWD0003000199      , CH 4 phase [r.U.]	SDWD0003000199      , CH 4 temp [°C]	SDWD0003000199      , CH 4 O2 [% air saturation]
9/06/2018 9:02:58 PM	3611386978	1013.00	25.94	27.76	108.6	26.52	27.76	102.7	26.41	27.76	103.8	26.15	27.76	106.4
9/06/2018 9:02:59 PM	3611386979	1013.00	26.00	27.76	108.0	26.50	27.76	102.9	26.44	27.76	103.5	26.16	27.76	106.3
9/06/2018 9:03:00 PM	3611386980	1013.00	25.95	27.76	108.5	26.48	27.76	103.1	26.39	27.76	104.0	26.15	27.76	106.4
9/06/2018 9:03:01 PM	3611386981	1013.00	25.94	27.76	108.6	26.49	27.76	103.0	26.45	27.76	103.4	26.16	27.76	106.3
9/06/2018 9:03:02 PM	3611386982	1013.00	25.97	27.76	108.3	26.48	27.76	103.1	26.38	27.76	104.1	26.18	27.76	106.1
9/06/2018 9:03:03 PM	3611386983	1013.00	26.00	27.76	108.0	26.47	27.76	103.2	26.47	27.76	103.2	26.16	27.76	106.3
9/06/2018 9:03:04 PM	3611386984	1013.00	26.00	27.76	108.0	26.46	27.76	103.3	26.43	27.76	103.6	26.17	27.76	106.2
9/06/2018 9:03:05 PM	3611386985	1013.00	26.00	27.76	108.0	26.51	27.76	102.8	26.40	27.76	103.9	26.15	27.76	106.4
9/06/2018 9:03:06 PM	3611386986	1013.00	25.99	27.75	108.1	26.48	27.75	103.1	26.34	27.75	104.5	26.15	27.75	106.4
9/06/2018 9:03:07 PM	3611386987	1013.00	25.97	27.75	108.3	26.52	27.75	102.7	26.34	27.75	104.5	26.15	27.75	106.4
9/06/2018 9:03:08 PM	3611386988	1013.00	25.97	27.75	108.3	26.51	27.75	102.8	26.39	27.75	104.0	26.19	27.75	106.0
9/06/2018 9:03:09 PM	3611386989	1013.00	26.02	27.75	107.8	26.51	27.75	102.8	26.39	27.75	104.0	26.14	27.75	106.5
9/06/2018 9:03:10 PM	3611386990	1013.00	25.97	27.75	108.3	26.54	27.75	102.5	26.40	27.75	103.9	26.15	27.75	106.4
9/06/2018 9:03:11 PM	3611386991	1013.00	25.98	27.76	108.2	26.49	27.76	103.0	26.37	27.76	104.2	26.16	27.76	106.3
9/06/2018 9:03:12 PM	3611386992	1013.00	25.97	27.75	108.3	26.50	27.75	102.9	26.38	27.75	104.1	26.14	27.75	106.5
9/06/2018 9:03:13 PM	3611386993	1013.00	25.97	27.75	108.3	26.50	27.75	102.9	26.39	27.75	104.0	26.15	27.75	106.4
9/06/2018 9:03:14 PM	3611386994	1013.00	25.95	27.75	108.5	26.49	27.75	103.0	26.40	27.75	103.9	26.17	27.75	106.2
9/06/2018 9:03:15 PM	3611386995	1013.00	25.99	27.75	108.1	26.48	27.75	103.1	26.39	27.75	104.0	26.16	27.75	106.3
9/06/2018 9:03:16 PM	3611386996	1013.00	26.01	27.74	107.9	26.49	27.74	103.0	26.41	27.74	103.8	26.18	27.74	106.1
9/06/2018 9:03:17 PM	3611386997	1013.00	26.00	27.74	108.0	26.48	27.74	103.1	26.43	27.74	103.6	26.17	27.74	106.2
9/06/2018 9:03:18 PM	3611386998	1013.00	26.02	27.74	107.8	26.50	27.74	102.9	26.42	27.74	103.7	26.13	27.74	106.6
9/06/2018 9:03:19 PM	3611386999	1013.00	25.99	27.74	108.1	26.51	27.74	102.8	26.41	27.74	103.8	26.14	27.74	106.5
9/06/2018 9:03:20 PM	3611387000	1013.00	26.09	27.74	107.1	26.48	27.74	103.1	26.41	27.74	103.8	26.16	27.74	106.3
9/06/2018 9:03:21 PM	3611387001	1013.00	26.00	27.74	108.0	26.47	27.74	103.2	26.36	27.74	104.3	26.14	27.74	106.5
9/06/2018 9:03:22 PM	3611387002	1013.00	25.98	27.74	108.2	26.49	27.74	103.0	26.47	27.74	103.2	26.14	27.74	106.5
9/06/2018 9:03:23 PM	3611387003	1013.00	25.99	27.74	108.1	26.51	27.74	102.8	26.41	27.74	103.8	26.17	27.74	106.2
9/06/2018 9:03:24 PM	3611387004	1013.00	25.94	27.74	108.6	26.52	27.74	102.7	26.33	27.74	104.6	26.16	27.74	106.3
9/06/2018 9:03:25 PM	3611387005	1013.00	25.99	27.74	108.1	26.51	27.74	102.8	26.41	27.74	103.8	26.17	27.74	106.2
9/06/2018 9:03:26 PM	3611387006	1013.00	25.98	27.74	108.2	26.52	27.74	102.7	26.40	27.74	103.9	26.15	27.74	106.4
9/06/2018 9:03:27 PM	3611387007	1013.00	25.99	27.74	108.1	26.52	27.74	102.7	26.45	27.74	103.4	26.17	27.74	106.2
9/06/2018 9:03:28 PM	3611387008	1013.00	25.95	27.74	108.5	26.53	27.74	102.6	26.41	27.74	103.8	26.16	27.74	106.3
9/06/2018 9:03:29 PM	3611387009	1013.00	26.00	27.74	108.0	26.51	27.74	102.8	26.39	27.74	104.0	26.16	27.74	106.3
9/06/2018 9:03:30 PM	3611387010	1013.00	25.96	27.73	108.5	26.52	27.73	102.7	26.44	27.73	103.5	26.14	27.73	106.5
9/06/2018 9:03:31 PM	3611387011	1013.00	25.97	27.73	108.3	26.52	27.73	102.7	26.38	27.73	104.1	26.15	27.73	106.4
9/06/2018 9:03:32 PM	3611387012	1013.00	26.00	27.73	108.0	26.52	27.73	102.7	26.43	27.73	103.6	26.17	27.73	106.2
9/06/2018 9:03:33 PM	3611387013	1013.00	26.04	27.73	107.6	26.50	27.73	102.9	26.41	27.73	103.8	26.16	27.73	106.3
9/06/2018 9:03:34 PM	3611387014	1013.00	25.98	27.73	108.2	26.54	27.73	102.5	26.42	27.73	103.7	26.18	27.73	106.1
9/06/2018 9:03:35 PM	3611387015	1013.00	26.04	27.73	107.6	26.53	27.73	102.6	26.41	27.73	103.8	26.17	27.73	106.2
9/06/2018 9:03:36 PM	3611387016	1013.00	25.96	27.73	108.5	26.55	27.73	102.4	26.39	27.73	104.0	26.15	27.73	106.4
9/06/2018 9:03:37 PM	3611387017	1013.00	25.96	27.73	108.5	26.51	27.73	102.8	26.41	27.73	103.8	26.18	27.73	106.1
9/06/2018 9:03:38 PM	3611387018	1013.00	25.95	27.72	108.6	26.56	27.72	102.4	26.39	27.72	104.0	26.14	27.72	106.6
9/06/2018 9:03:39 PM	3611387019	1013.00	25.99	27.72	108.2	26.52	27.72	102.7	26.47	27.72	103.2	26.16	27.72	106.3
9/06/2018 9:03:40 PM	3611387020	1013.00	26.02	27.73	107.8	26.58	27.73	102.1	26.38	27.73	104.1	26.17	27.73	106.2
9/06/2018 9:03:41 PM	3611387021	1013.00	25.99	27.73	108.1	26.52	27.73	102.7	26.40	27.73	103.9	26.16	27.73	106.3
9/06/2018 9:03:42 PM	3611387022	1013.00	25.97	27.73	108.3	26.51	27.73	102.8	26.46	27.73	103.3	26.17	27.73	106.2
9/06/2018 9:03:43 PM	3611387023	1013.00	25.99	27.73	108.1	26.56	27.73	102.3	26.38	27.73	104.1	26.17	27.73	106.2
9/06/2018 9:03:44 PM	3611387024	1013.00	25.97	27.73	108.3	26.52	27.73	102.7	26.33	27.73	104.6	26.17	27.73	106.2
9/06/2018 9:03:45 PM	3611387025	1013.00	25.99	27.73	108.1	26.56	27.73	102.3	26.45	27.73	103.4	26.16	27.73	106.3
9/06/2018 9:03:46 PM	3611387026	1013.00	26.01	27.73	107.9	26.52	27.73	102.7	26.41	27.73	103.8	26.19	27.73	106.0
9/06/2018 9:03:47 PM	3611387027	1013.00	25.99	27.72	108.2	26.54	27.72	102.6	26.44	27.72	103.5	26.18	27.72	106.1
9/06/2018 9:03:48 PM	3611387028	1013.00	25.99	27.72	108.2	26.53	27.72	102.7	26.36	27.72	104.3	26.19	27.72	106.0
9/06/2018 9:03:49 PM	3611387029	1013.00	25.96	27.72	108.5	26.51	27.72	102.8	26.29	27.72	105.0	26.16	27.72	106.3
9/06/2018 9:03:50 PM	3611387030	1013.00	26.02	27.72	107.8	26.52	27.72	102.7	26.49	27.72	103.0	26.18	27.72	106.1
9/06/2018 9:03:51 PM	3611387031	1013.00	26.00	27.72	108.1	26.55	27.72	102.5	26.42	27.72	103.7	26.18	27.72	106.1
9/06/2018 9:03:52 PM	3611387032	1013.00	25.98	27.72	108.3	26.51	27.72	102.8	26.45	27.72	103.4	26.16	27.72	106.3
9/06/2018 9:03:53 PM	3611387033	1013.00	25.98	27.72	108.3	26.52	27.72	102.7	26.40	27.72	103.9	26.15	27.72	106.5
9/06/2018 9:03:54 PM	3611387034	1013.00	26.00	27.72	108.1	26.51	27.72	102.8	26.41	27.72	103.8	26.15	27.72	106.5
9/06/2018 9:03:55 PM	3611387035	1013.00	25.93	27.72	108.8	26.53	27.72	102.7	26.50	27.72	102.9	26.19	27.72	106.0
9/06/2018 9:03:56 PM	3611387036	1013.00	26.06	27.72	107.4	26.55	27.72	102.5	26.40	27.72	103.9	26.18	27.72	106.1
9/06/2018 9:03:57 PM	3611387037	1013.00	25.99	27.72	108.2	26.53	27.72	102.7	26.39	27.72	104.0	26.17	27.72	106.2
9/06/2018 9:03:58 PM	3611387038	1013.00	25.99	27.73	108.1	26.51	27.73	102.8	26.48	27.73	103.1	26.17	27.73	106.2
9/06/2018 9:03:59 PM	3611387039	1013.00	25.99	27.73	108.1	26.53	27.73	102.6	26.46	27.73	103.3	26.17	27.73	106.2
9/06/2018 9:04:00 PM	3611387040	1013.00	26.01	27.73	107.9	26.54	27.73	102.5	26.42	27.73	103.7	26.19	27.73	106.0
9/06/2018 9:04:01 PM	3611387041	1013.00	25.97	27.73	108.3	26.56	27.73	102.3	26.34	27.73	104.5	26.16	27.73	106.3
9/06/2018 9:04:02 PM	3611387042	1013.00	26.02	27.73	107.8	26.53	27.73	102.6	26.43	27.73	103.6	26.15	27.73	106.4
9/06/2018 9:04:03 PM	3611387043	1013.00	25.95	27.73	108.6	26.60	27.73	101.9	26.44	27.73	103.5	26.19	27.73	106.0
9/06/2018 9:04:04 PM	3611387044	1013.00	25.98	27.73	108.2	26.61	27.73	101.8	26.50	27.73	102.9	26.19	27.73	106.0
9/06/2018 9:04:05 PM	3611387045	1013.00	25.99	27.73	108.1	26.61	27.73	101.8	26.51	27.73	102.8	26.16	27.73	106.3
9/06/2018 9:04:06 PM	3611387046	1013.00	26.01	27.73	107.9	26.63	27.73	101.7	26.45	27.73	103.4	26.16	27.73	106.3
9/06/2018 9:04:07 PM	3611387047	1013.00	25.97	27.73	108.3	26.59	27.73	102.0	26.44	27.73	103.5	26.15	27.73	106.4
9/06/2018 9:04:08 PM	3611387048	1013.00	25.98	27.73	108.2	26.63	27.73	101.7	26.46	27.73	103.3	26.18	27.73	106.1
9/06/2018 9:04:09 PM	3611387049	1013.00	25.97	27.74	108.3	26.63	27.74	101.6	26.46	27.74	103.3	26.18	27.74	106.1
9/06/2018 9:04:10 PM	3611387050	1013.00	25.98	27.73	108.2	26.60	27.73	101.9	26.46	27.73	103.3	26.20	27.73	105.9
9/06/2018 9:04:11 PM	3611387051	1013.00	26.05	27.74	107.5	26.66	27.74	101.3	26.42	27.74	103.7	26.15	27.74	106.4
9/06/2018 9:04:12 PM	3611387052	1013.00	26.04	27.73	107.6	26.67	27.73	101.3	26.53	27.73	102.6	26.17	27.73	106.2
9/06/2018 9:04:13 PM	3611387053	1013.00	26.02	27.73	107.8	26.70	27.73	101.0	26.51	27.73	102.8	26.18	27.73	106.1
9/06/2018 9:04:14 PM	3611387054	1013.00	26.00	27.73	108.0	26.65	27.73	101.5	26.53	27.73	102.6	26.18	27.73	106.1
9/06/2018 9:04:15 PM	3611387055	1013.00	26.06	27.72	107.4	26.67	27.72	101.3	26.51	27.72	102.8	26.15	27.72	106.5
9/06/2018 9:04:16 PM	3611387056	1013.00	26.02	27.72	107.8	26.67	27.72	101.3	26.62	27.72	101.7	26.16	27.72	106.3
9/06/2018 9:04:17 PM	3611387057	1013.00	26.06	27.72	107.4	26.69	27.72	101.1	26.55	27.72	102.4	26.18	27.72	106.1
9/06/2018 9:04:18 PM	3611387058	1013.00	25.92	27.72	108.9	26.72	27.72	100.8	26.54	27.72	102.5	26.17	27.72	106.2
9/06/2018 9:04:19 PM	3611387059	1013.00	25.99	27.72	108.2	26.72	27.72	100.8	26.58	27.72	102.1	26.18	27.72	106.1
9/06/2018 9:04:20 PM	3611387060	1013.00	25.96	27.72	108.5	26.75	27.72	100.5	26.52	27.72	102.7	26.17	27.72	106.2
9/06/2018 9:04:21 PM	3611387061	1013.00	25.99	27.71	108.2	26.71	27.71	100.9	26.49	27.71	103.0	26.17	27.71	106.3
9/06/2018 9:04:22 PM	3611387062	1013.00	25.99	27.71	108.2	26.77	27.71	100.3	26.46	27.71	103.3	26.17	27.71	106.3
9/06/2018 9:04:23 PM	3611387063	1013.00	25.98	27.71	108.3	26.72	27.71	100.8	26.52	27.71	102.7	26.16	27.71	106.4
9/06/2018 9:04:24 PM	3611387064	1013.00	25.95	27.71	108.6	26.72	27.71	100.8	26.45	27.71	103.4	26.16	27.71	106.4
9/06/2018 9:04:25 PM	3611387065	1013.00	26.05	27.71	107.5	26.75	27.71	100.5	26.48	27.71	103.1	26.15	27.71	106.5
9/06/2018 9:04:26 PM	3611387066	1013.00	25.98	27.72	108.3	26.76	27.72	100.4	26.53	27.72	102.6	26.18	27.72	106.1
9/06/2018 9:04:27 PM	3611387067	1013.00	26.02	27.72	107.8	26.76	27.72	100.4	26.48	27.72	103.1	26.20	27.72	105.9
9/06/2018 9:04:28 PM	3611387068	1013.00	26.02	27.72	107.8	26.77	27.72	100.3	26.54	27.72	102.5	26.15	27.72	106.5
9/06/2018 9:04:29 PM	3611387069	1013.00	26.01	27.72	107.9	26.76	27.72	100.4	26.50	27.72	102.9	26.18	27.72	106.1
9/06/2018 9:04:30 PM	3611387070	1013.00	25.97	27.72	108.4	26.78	27.72	100.2	26.45	27.72	103.4	26.15	27.72	106.5
9/06/2018 9:04:31 PM	3611387071	1013.00	26.00	27.72	108.1	26.80	27.72	100.0	26.49	27.72	103.0	26.18	27.72	106.1
9/06/2018 9:04:32 PM	3611387072	1013.00	25.95	27.72	108.6	26.83	27.72	99.7	26.47	27.72	103.2	26.14	27.72	106.6
9/06/2018 9:04:33 PM	3611387073	1013.00	26.02	27.72	107.8	26.81	27.72	99.9	26.50	27.72	102.9	26.15	27.72	106.5
9/06/2018 9:04:34 PM	3611387074	1013.00	25.98	27.72	108.3	26.79	27.72	100.1	26.51	27.72	102.8	26.17	27.72	106.2
9/06/2018 9:04:35 PM	3611387075	1013.00	26.03	27.72	107.7	26.83	27.72	99.7	26.50	27.72	102.9	26.22	27.72	105.7
9/06/2018 9:04:36 PM	3611387076	1013.00	26.02	27.72	107.8	26.84	27.72	99.6	26.51	27.72	102.8	26.16	27.72	106.3
9/06/2018 9:04:37 PM	3611387077	1013.00	26.02	27.73	107.8	26.81	27.73	99.9	26.51	27.73	102.8	26.16	27.73	106.3
9/06/2018 9:04:38 PM	3611387078	1013.00	26.03	27.72	107.7	26.82	27.72	99.8	26.51	27.72	102.8	26.16	27.72	106.3
9/06/2018 9:04:39 PM	3611387079	1013.00	25.99	27.72	108.2	26.83	27.72	99.7	26.60	27.72	101.9	26.17	27.72	106.2
9/06/2018 9:04:40 PM	3611387080	1013.00	26.03	27.73	107.7	26.82	27.73	99.8	26.54	27.73	102.5	26.19	27.73	106.0
9/06/2018 9:04:41 PM	3611387081	1013.00	26.01	27.72	107.9	26.84	27.72	99.6	26.51	27.72	102.8	26.17	27.72	106.2
9/06/2018 9:04:42 PM	3611387082	1013.00	25.97	27.72	108.4	26.85	27.72	99.6	26.57	27.72	102.2	26.17	27.72	106.2
9/06/2018 9:04:43 PM	3611387083	1013.00	26.01	27.72	107.9	26.78	27.72	100.2	26.50	27.72	102.9	26.17	27.72	106.2
9/06/2018 9:04:44 PM	3611387084	1013.00	25.98	27.72	108.3	26.83	27.72	99.7	26.51	27.72	102.8	26.18	27.72	106.1
9/06/2018 9:04:45 PM	3611387085	1013.00	26.03	27.72	107.7	26.82	27.72	99.8	26.49	27.72	103.0	26.15	27.72	106.5
9/06/2018 9:04:46 PM	3611387086	1013.00	26.04	27.73	107.6	26.87	27.73	99.3	26.54	27.73	102.5	26.17	27.73	106.2
9/06/2018 9:04:47 PM	3611387087	1013.00	26.06	27.73	107.4	26.87	27.73	99.3	26.53	27.73	102.6	26.15	27.73	106.4
9/06/2018 9:04:48 PM	3611387088	1013.00	26.02	27.74	107.8	26.81	27.74	99.9	26.58	27.74	102.1	26.18	27.74	106.1
9/06/2018 9:04:49 PM	3611387089	1013.00	26.04	27.73	107.6	26.88	27.73	99.3	26.60	27.73	101.9	26.16	27.73	106.3
9/06/2018 9:04:50 PM	3611387090	1013.00	25.98	27.73	108.2	26.83	27.73	99.7	26.56	27.73	102.3	26.16	27.73	106.3
9/06/2018 9:04:51 PM	3611387091	1013.00	25.98	27.73	108.2	26.83	27.73	99.7	26.53	27.73	102.6	26.17	27.73	106.2
9/06/2018 9:04:52 PM	3611387092	1013.00	25.98	27.72	108.3	26.85	27.72	99.6	26.55	27.72	102.4	26.18	27.72	106.1
9/06/2018 9:04:53 PM	3611387093	1013.00	25.97	27.72	108.4	26.83	27.72	99.7	26.58	27.72	102.1	26.17	27.72	106.2
9/06/2018 9:04:54 PM	3611387094	1013.00	26.04	27.72	107.6	26.88	27.72	99.3	26.61	27.72	101.8	26.15	27.72	106.5
9/06/2018 9:04:55 PM	3611387095	1013.00	25.95	27.72	108.6	26.88	27.72	99.3	26.51	27.72	102.8	26.17	27.72	106.2
9/06/2018 9:04:56 PM	3611387096	1013.00	26.00	27.72	108.1	26.85	27.72	99.6	26.57	27.72	102.2	26.18	27.72	106.1
9/06/2018 9:04:57 PM	3611387097	1013.00	26.00	27.73	108.0	26.86	27.73	99.4	26.65	27.73	101.4	26.17	27.73	106.2
9/06/2018 9:04:58 PM	3611387098	1013.00	25.99	27.73	108.1	26.87	27.73	99.3	26.60	27.73	101.9	26.17	27.73	106.2
9/06/2018 9:04:59 PM	3611387099	1013.00	26.01	27.73	107.9	26.88	27.73	99.3	26.54	27.73	102.5	26.17	27.73	106.2
9/06/2018 9:05:00 PM	3611387100	1013.00	26.05	27.73	107.5	26.85	27.73	99.5	26.64	27.73	101.5	26.18	27.73	106.1
9/06/2018 9:05:01 PM	3611387101	1013.00	26.03	27.73	107.7	26.85	27.73	99.5	26.57	27.73	102.2	26.18	27.73	106.1
9/06/2018 9:05:02 PM	3611387102	1013.00	26.04	27.72	107.6	26.86	27.72	99.5	26.55	27.72	102.4	26.19	27.72	106.0
9/06/2018 9:05:03 PM	3611387103	1013.00	26.04	27.72	107.6	26.89	27.72	99.2	26.62	27.72	101.7	26.18	27.72	106.1
9/06/2018 9:05:04 PM	3611387104	1013.00	26.02	27.72	107.8	26.85	27.72	99.6	26.59	27.72	102.0	26.19	27.72	106.0
9/06/2018 9:05:05 PM	3611387105	1013.00	26.05	27.72	107.5	26.84	27.72	99.6	26.67	27.72	101.3	26.17	27.72	106.2
9/06/2018 9:05:06 PM	3611387106	1013.00	26.07	27.72	107.3	26.88	27.72	99.3	26.59	27.72	102.0	26.17	27.72	106.2
9/06/2018 9:05:07 PM	3611387107	1013.00	25.98	27.72	108.3	26.89	27.72	99.2	26.64	27.72	101.6	26.19	27.72	106.0
9/06/2018 9:05:08 PM	3611387108	1013.00	26.07	27.72	107.3	26.89	27.72	99.2	26.66	27.72	101.4	26.17	27.72	106.2
9/06/2018 9:05:09 PM	3611387109	1013.00	26.02	27.72	107.8	26.89	27.72	99.2	26.55	27.72	102.4	26.18	27.72	106.1
9/06/2018 9:05:10 PM	3611387110	1013.00	26.02	27.73	107.8	26.91	27.73	99.0	26.62	27.73	101.7	26.15	27.73	106.4
9/06/2018 9:05:11 PM	3611387111	1013.00	26.04	27.73	107.6	26.91	27.73	99.0	26.59	27.73	102.0	26.19	27.73	106.0
9/06/2018 9:05:12 PM	3611387112	1013.00	26.00	27.73	108.0	26.90	27.73	99.1	26.64	27.73	101.5	26.16	27.73	106.3
9/06/2018 9:05:13 PM	3611387113	1013.00	25.96	27.73	108.5	26.95	27.73	98.6	26.57	27.73	102.2	26.19	27.73	106.0
9/06/2018 9:05:14 PM	3611387114	1013.00	26.04	27.73	107.6	26.88	27.73	99.3	26.55	27.73	102.4	26.18	27.73	106.1
9/06/2018 9:05:15 PM	3611387115	1013.00	26.00	27.72	108.1	26.90	27.72	99.1	26.67	27.72	101.3	26.17	27.72	106.2
9/06/2018 9:05:16 PM	3611387116	1013.00	26.05	27.73	107.5	26.89	27.73	99.2	26.60	27.73	101.9	26.16	27.73	106.3
9/06/2018 9:05:17 PM	3611387117	1013.00	26.08	27.73	107.2	26.94	27.73	98.7	26.64	27.73	101.5	26.15	27.73	106.4
9/06/2018 9:05:18 PM	3611387118	1013.00	25.96	27.72	108.5	26.91	27.72	99.0	26.67	27.72	101.3	26.18	27.72	106.1
9/06/2018 9:05:19 PM	3611387119	1013.00	26.01	27.72	107.9	26.91	27.72	99.0	26.67	27.72	101.3	26.24	27.72	105.5
9/06/2018 9:05:20 PM	3611387120	1013.00	25.97	27.72	108.4	26.96	27.72	98.5	26.60	27.72	101.9	26.19	27.72	106.0
9/06/2018 9:05:21 PM	3611387121	1013.00	26.02	27.72	107.8	26.90	27.72	99.1	26.66	27.72	101.4	26.17	27.72	106.2
9/06/2018 9:05:22 PM	3611387122	1013.00	26.02	27.72	107.8	26.94	27.72	98.7	26.72	27.72	100.8	26.21	27.72	105.8
9/06/2018 9:05:23 PM	3611387123	1013.00	26.03	27.72	107.7	26.91	27.72	99.0	26.69	27.72	101.1	26.20	27.72	105.9
9/06/2018 9:05:24 PM	3611387124	1013.00	26.00	27.71	108.1	26.94	27.71	98.7	26.63	27.71	101.7	26.19	27.71	106.1
9/06/2018 9:05:25 PM	3611387125	1013.00	25.98	27.71	108.3	26.97	27.71	98.4	26.69	27.71	101.1	26.21	27.71	105.9
9/06/2018 9:05:26 PM	3611387126	1013.00	26.02	27.71	107.9	26.94	27.71	98.7	26.67	27.71	101.3	26.19	27.71	106.1
9/06/2018 9:05:27 PM	3611387127	1013.00	26.03	27.70	107.8	26.93	27.70	98.8	26.68	27.70	101.2	26.20	27.70	106.0
9/06/2018 9:05:28 PM	3611387128	1013.00	25.99	27.70	108.2	26.98	27.70	98.4	26.69	27.70	101.1	26.20	27.70	106.0
9/06/2018 9:05:29 PM	3611387129	1013.00	25.93	27.71	108.8	26.94	27.71	98.7	26.66	27.71	101.4	26.23	27.71	105.6
9/06/2018 9:05:30 PM	3611387130	1013.00	26.04	27.70	107.7	26.95	27.70	98.6	26.73	27.70	100.7	26.22	27.70	105.8
9/06/2018 9:05:31 PM	3611387131	1013.00	25.98	27.71	108.3	26.98	27.71	98.3	26.70	27.71	101.0	26.22	27.71	105.7
9/06/2018 9:05:32 PM	3611387132	1013.00	26.03	27.71	107.8	27.01	27.71	98.1	26.74	27.71	100.6	26.21	27.71	105.9
9/06/2018 9:05:33 PM	3611387133	1013.00	26.03	27.71	107.8	26.95	27.71	98.6	26.68	27.71	101.2	26.19	27.71	106.1
9/06/2018 9:05:34 PM	3611387134	1013.00	26.03	27.71	107.8	26.97	27.71	98.4	26.72	27.71	100.8	26.22	27.71	105.7
9/06/2018 9:05:35 PM	3611387135	1013.00	26.01	27.71	108.0	26.96	27.71	98.5	26.70	27.71	101.0	26.21	27.71	105.9
9/06/2018 9:05:36 PM	3611387136	1013.00	26.06	27.71	107.4	27.00	27.71	98.2	26.70	27.71	101.0	26.20	27.71	106.0
9/06/2018 9:05:37 PM	3611387137	1013.00	26.01	27.71	108.0	27.01	27.71	98.1	26.75	27.71	100.5	26.21	27.71	105.9
9/06/2018 9:05:38 PM	3611387138	1013.00	26.01	27.71	108.0	26.99	27.71	98.2	26.71	27.71	100.9	26.23	27.71	105.6
9/06/2018 9:05:39 PM	3611387139	1013.00	26.05	27.71	107.5	27.03	27.71	97.9	26.60	27.71	102.0	26.20	27.71	106.0
9/06/2018 9:05:40 PM	3611387140	1013.00	26.05	27.71	107.5	27.01	27.71	98.1	26.70	27.71	101.0	26.24	27.71	105.5
9/06/2018 9:05:41 PM	3611387141	1013.00	26.08	27.70	107.3	27.02	27.70	98.0	26.71	27.70	100.9	26.24	27.70	105.6
9/06/2018 9:05:42 PM	3611387142	1013.00	26.03	27.70	107.8	27.04	27.70	97.8	26.70	27.70	101.0	26.23	27.70	105.7
9/06/2018 9:05:43 PM	3611387143	1013.00	26.02	27.69	107.9	27.06	27.69	97.6	26.71	27.69	100.9	26.26	27.69	105.4
9/06/2018 9:05:44 PM	3611387144	1013.00	25.99	27.70	108.2	27.04	27.70	97.8	26.75	27.70	100.5	26.22	27.70	105.8
9/06/2018 9:05:45 PM	3611387145	1013.00	26.04	27.70	107.7	27.05	27.70	97.7	26.80	27.70	100.0	26.25	27.70	105.5
9/06/2018 9:05:46 PM	3611387146	1013.00	26.05	27.70	107.6	27.07	27.70	97.5	26.71	27.70	100.9	26.24	27.70	105.6
9/06/2018 9:05:47 PM	3611387147	1013.00	26.02	27.70	107.9	27.10	27.70	97.2	26.69	27.70	101.1	26.22	27.70	105.8
9/06/2018 9:05:48 PM	3611387148	1013.00	26.06	27.70	107.5	27.08	27.70	97.4	26.73	27.70	100.7	26.23	27.70	105.7
9/06/2018 9:05:49 PM	3611387149	1013.00	25.99	27.70	108.2	27.10	27.70	97.2	26.71	27.70	100.9	26.24	27.70	105.6
9/06/2018 9:05:50 PM	3611387150	1013.00	26.04	27.70	107.7	27.10	27.70	97.2	26.78	27.70	100.2	26.24	27.70	105.6
9/06/2018 9:05:51 PM	3611387151	1013.00	26.06	27.70	107.5	27.09	27.70	97.3	26.72	27.70	100.8	26.22	27.70	105.8
9/06/2018 9:05:52 PM	3611387152	1013.00	26.04	27.70	107.7	27.11	27.70	97.2	26.80	27.70	100.0	26.24	27.70	105.6
9/06/2018 9:05:53 PM	3611387153	1013.00	26.04	27.70	107.7	27.16	27.70	96.7	26.86	27.70	99.5	26.24	27.70	105.6
9/06/2018 9:05:54 PM	3611387154	1013.00	26.05	27.70	107.6	27.13	27.70	97.0	26.71	27.70	100.9	26.25	27.70	105.5
9/06/2018 9:05:55 PM	3611387155	1013.00	26.05	27.69	107.6	27.20	27.69	96.3	26.74	27.69	100.6	26.25	27.69	105.5
9/06/2018 9:05:56 PM	3611387156	1013.00	26.01	27.69	108.0	27.19	27.69	96.4	26.77	27.69	100.3	26.25	27.69	105.5
9/06/2018 9:05:57 PM	3611387157	1013.00	26.07	27.68	107.4	27.20	27.68	96.4	26.83	27.68	99.8	26.24	27.68	105.6
9/06/2018 9:05:58 PM	3611387158	1013.00	26.04	27.69	107.7	27.20	27.69	96.3	26.87	27.69	99.4	26.25	27.69	105.5
9/06/2018 9:05:59 PM	3611387159	1013.00	26.03	27.68	107.8	27.20	27.68	96.4	26.80	27.68	100.1	26.25	27.68	105.5
9/06/2018 9:06:00 PM	3611387160	1013.00	26.02	27.69	107.9	27.23	27.69	96.1	26.83	27.69	99.8	26.24	27.69	105.6
9/06/2018 9:06:01 PM	3611387161	1013.00	26.05	27.68	107.6	27.20	27.68	96.4	26.83	27.68	99.8	26.26	27.68	105.4
9/06/2018 9:06:02 PM	3611387162	1013.00	26.03	27.69	107.8	27.22	27.69	96.2	26.84	27.69	99.7	26.26	27.69	105.4
9/06/2018 9:06:03 PM	3611387163	1013.00	26.06	27.69	107.5	27.24	27.69	96.0	26.80	27.69	100.1	26.26	27.69	105.4
9/06/2018 9:06:04 PM	3611387164	1013.00	26.05	27.69	107.6	27.23	27.69	96.1	26.86	27.69	99.5	26.25	27.69	105.5
9/06/2018 9:06:05 PM	3611387165	1013.00	25.98	27.69	108.3	27.24	27.69	96.0	26.88	27.69	99.3	26.25	27.69	105.5
9/06/2018 9:06:06 PM	3611387166	1013.00	26.07	27.69	107.4	27.23	27.69	96.1	26.89	27.69	99.2	26.23	27.69	105.7
9/06/2018 9:06:07 PM	3611387167	1013.00	26.08	27.69	107.3	27.27	27.69	95.7	26.87	27.69	99.4	26.27	27.69	105.3
9/06/2018 9:06:08 PM	3611387168	1013.00	26.02	27.68	107.9	27.27	27.68	95.7	26.92	27.68	98.9	26.26	27.68	105.4
9/06/2018 9:06:09 PM	3611387169	1013.00	26.03	27.68	107.8	27.24	27.68	96.0	26.86	27.68	99.5	26.25	27.68	105.5
9/06/2018 9:06:10 PM	3611387170	1013.00	26.03	27.68	107.8	27.25	27.68	95.9	26.92	27.68	98.9	26.25	27.68	105.5
9/06/2018 9:06:11 PM	3611387171	1013.00	26.08	27.68	107.3	27.24	27.68	96.0	26.87	27.68	99.4	26.27	27.68	105.3
9/06/2018 9:06:12 PM	3611387172	1013.00	26.03	27.68	107.8	27.29	27.68	95.5	26.90	27.68	99.1	26.27	27.68	105.3
9/06/2018 9:06:13 PM	3611387173	1013.00	26.04	27.68	107.7	27.24	27.68	96.0	26.88	27.68	99.3	26.27	27.68	105.3
9/06/2018 9:06:14 PM	3611387174	1013.00	26.05	27.68	107.6	27.29	27.68	95.5	26.86	27.68	99.5	26.25	27.68	105.5
9/06/2018 9:06:15 PM	3611387175	1013.00	26.03	27.68	107.8	27.27	27.68	95.7	26.90	27.68	99.1	26.27	27.68	105.3
9/06/2018 9:06:16 PM	3611387176	1013.00	26.09	27.68	107.2	27.31	27.68	95.4	26.89	27.68	99.2	26.27	27.68	105.3
9/06/2018 9:06:17 PM	3611387177	1013.00	26.05	27.68	107.6	27.30	27.68	95.5	26.87	27.68	99.4	26.24	27.68	105.6
9/06/2018 9:06:18 PM	3611387178	1013.00	26.04	27.69	107.7	27.29	27.69	95.5	26.86	27.69	99.5	26.26	27.69	105.4
9/06/2018 9:06:19 PM	3611387179	1013.00	26.05	27.68	107.6	27.28	27.68	95.6	26.93	27.68	98.8	26.27	27.68	105.3
9/06/2018 9:06:20 PM	3611387180	1013.00	26.05	27.69	107.6	27.31	27.69	95.3	26.88	27.69	99.3	26.25	27.69	105.5
9/06/2018 9:06:21 PM	3611387181	1013.00	26.03	27.69	107.8	27.34	27.69	95.1	26.94	27.69	98.7	26.27	27.69	105.3
9/06/2018 9:06:22 PM	3611387182	1013.00	26.08	27.69	107.3	27.26	27.69	95.8	26.94	27.69	98.7	26.26	27.69	105.4
9/06/2018 9:06:23 PM	3611387183	1013.00	26.02	27.69	107.9	27.30	27.69	95.4	26.96	27.69	98.5	26.27	27.69	105.3
9/06/2018 9:06:24 PM	3611387184	1013.00	26.03	27.68	107.8	27.33	27.68	95.2	26.95	27.68	98.7	26.26	27.68	105.4
9/06/2018 9:06:25 PM	3611387185	1013.00	26.04	27.68	107.7	27.34	27.68	95.1	26.95	27.68	98.7	26.26	27.68	105.4
9/06/2018 9:06:26 PM	3611387186	1013.00	26.04	27.68	107.7	27.35	27.68	95.0	26.93	27.68	98.8	26.26	27.68	105.4
9/06/2018 9:06:27 PM	3611387187	1013.00	26.03	27.68	107.8	27.37	27.68	94.8	26.96	27.68	98.6	26.28	27.68	105.2
9/06/2018 9:06:28 PM	3611387188	1013.00	26.08	27.68	107.3	27.33	27.68	95.2	26.95	27.68	98.7	26.27	27.68	105.3
9/06/2018 9:06:29 PM	3611387189	1013.00	25.98	27.68	108.3	27.35	27.68	95.0	26.87	27.68	99.4	26.27	27.68	105.3
9/06/2018 9:06:30 PM	3611387190	1013.00	26.09	27.67	107.2	27.35	27.67	95.0	26.98	27.67	98.4	26.27	27.67	105.3
9/06/2018 9:06:31 PM	3611387191	1013.00	26.06	27.67	107.5	27.35	27.67	95.0	27.09	27.67	97.4	26.27	27.67	105.3
9/06/2018 9:06:32 PM	3611387192	1013.00	26.03	27.67	107.8	27.34	27.67	95.1	27.01	27.67	98.1	26.25	27.67	105.5
9/06/2018 9:06:33 PM	3611387193	1013.00	26.09	27.68	107.2	27.34	27.68	95.1	27.04	27.68	97.8	26.26	27.68	105.4
9/06/2018 9:06:34 PM	3611387194	1013.00	26.04	27.69	107.7	27.35	27.69	95.0	26.95	27.69	98.6	26.26	27.69	105.4
9/06/2018 9:06:35 PM	3611387195	1013.00	26.01	27.69	108.0	27.34	27.69	95.1	26.94	27.69	98.7	26.28	27.69	105.2
9/06/2018 9:06:36 PM	3611387196	1013.00	26.06	27.69	107.5	27.38	27.69	94.7	26.96	27.69	98.5	26.26	27.69	105.4
9/06/2018 9:06:37 PM	3611387197	1013.00	26.07	27.69	107.4	27.37	27.69	94.8	27.01	27.69	98.1	26.25	27.69	105.5
9/06/2018 9:06:38 PM	3611387198	1013.00	26.09	27.69	107.2	27.39	27.69	94.6	26.97	27.69	98.5	26.28	27.69	105.2
9/06/2018 9:06:39 PM	3611387199	1013.00	26.11	27.68	107.0	27.37	27.68	94.8	27.07	27.68	97.5	26.26	27.68	105.4
9/06/2018 9:06:40 PM	3611387200	1013.00	26.05	27.68	107.6	27.41	27.68	94.5	27.04	27.68	97.8	26.26	27.68	105.4
9/06/2018 9:06:41 PM	3611387201	1013.00	26.00	27.68	108.1	27.41	27.68	94.5	27.03	27.68	97.9	26.28	27.68	105.2
9/06/2018 9:06:42 PM	3611387202	1013.00	26.04	27.68	107.7	27.38	27.68	94.7	27.02	27.68	98.0	26.27	27.68	105.3
9/06/2018 9:06:43 PM	3611387203	1013.00	26.00	27.68	108.1	27.38	27.68	94.7	27.07	27.68	97.5	26.28	27.68	105.2
9/06/2018 9:06:44 PM	3611387204	1013.00	26.11	27.68	107.0	27.42	27.68	94.4	27.08	27.68	97.4	26.28	27.68	105.2
9/06/2018 9:06:45 PM	3611387205	1013.00	25.99	27.68	108.2	27.43	27.68	94.3	27.06	27.68	97.6	26.27	27.68	105.3
9/06/2018 9:06:46 PM	3611387206	1013.00	26.04	27.68	107.7	27.42	27.68	94.4	27.11	27.68	97.2	26.28	27.68	105.2
9/06/2018 9:06:47 PM	3611387207	1013.00	26.07	27.67	107.4	27.43	27.67	94.3	27.16	27.67	96.7	26.32	27.67	104.8
9/06/2018 9:06:48 PM	3611387208	1013.00	26.05	27.67	107.6	27.42	27.67	94.4	27.09	27.67	97.4	26.31	27.67	104.9
9/06/2018 9:06:49 PM	3611387209	1013.00	26.06	27.67	107.5	27.47	27.67	94.0	27.16	27.67	96.7	26.30	27.67	105.0
9/06/2018 9:06:50 PM	3611387210	1013.00	26.06	27.67	107.5	27.47	27.67	94.0	27.14	27.67	96.9	26.29	27.67	105.1
9/06/2018 9:06:51 PM	3611387211	1013.00	26.06	27.67	107.5	27.51	27.67	93.6	27.10	27.67	97.3	26.29	27.67	105.1
9/06/2018 9:06:52 PM	3611387212	1013.00	26.05	27.67	107.6	27.49	27.67	93.8	27.13	27.67	97.0	26.31	27.67	104.9
9/06/2018 9:06:53 PM	3611387213	1013.00	25.98	27.67	108.4	27.49	27.67	93.8	27.10	27.67	97.3	26.31	27.67	104.9
9/06/2018 9:06:54 PM	3611387214	1013.00	25.98	27.67	108.4	27.44	27.67	94.2	27.12	27.67	97.1	26.32	27.67	104.8
9/06/2018 9:06:55 PM	3611387215	1013.00	26.03	27.67	107.8	27.47	27.67	94.0	27.16	27.67	96.7	26.30	27.67	105.0
9/06/2018 9:06:56 PM	3611387216	1013.00	26.05	27.67	107.6	27.51	27.67	93.6	27.19	27.67	96.5	26.29	27.67	105.1
9/06/2018 9:06:57 PM	3611387217	1013.00	26.07	27.67	107.4	27.47	27.67	94.0	27.15	27.67	96.8	26.33	27.67	104.7
9/06/2018 9:06:58 PM	3611387218	1013.00	26.06	27.66	107.5	27.53	27.66	93.4	27.19	27.66	96.5	26.31	27.66	104.9
9/06/2018 9:06:59 PM	3611387219	1013.00	26.10	27.66	107.1	27.52	27.66	93.5	27.12	27.66	97.1	26.32	27.66	104.8
9/06/2018 9:07:00 PM	3611387220	1013.00	26.08	27.66	107.3	27.51	27.66	93.6	27.13	27.66	97.0	26.34	27.66	104.6
9/06/2018 9:07:01 PM	3611387221	1013.00	26.04	27.66	107.7	27.50	27.66	93.7	27.18	27.66	96.6	26.35	27.66	104.5
9/06/2018 9:07:02 PM	3611387222	1013.00	26.09	27.67	107.2	27.54	27.67	93.3	27.17	27.67	96.6	26.35	27.67	104.5
9/06/2018 9:07:03 PM	3611387223	1013.00	26.07	27.67	107.4	27.53	27.67	93.4	27.21	27.67	96.3	26.33	27.67	104.7
9/06/2018 9:07:04 PM	3611387224	1013.00	26.11	27.67	107.0	27.56	27.67	93.2	27.18	27.67	96.5	26.34	27.67	104.6
9/06/2018 9:07:05 PM	3611387225	1013.00	26.02	27.67	107.9	27.61	27.67	92.7	27.20	27.67	96.4	26.35	27.67	104.5
9/06/2018 9:07:06 PM	3611387226	1013.00	26.07	27.67	107.4	27.60	27.67	92.8	27.23	27.67	96.1	26.36	27.67	104.4
9/06/2018 9:07:07 PM	3611387227	1013.00	26.04	27.67	107.7	27.58	27.67	93.0	27.22	27.67	96.2	26.36	27.67	104.4
9/06/2018 9:07:08 PM	3611387228	1013.00	26.09	27.67	107.2	27.59	27.67	92.9	27.26	27.67	95.8	26.36	27.67	104.4
9/06/2018 9:07:09 PM	3611387229	1013.00	26.07	27.66	107.4	27.62	27.66	92.7	27.21	27.66	96.3	26.40	27.66	104.0
9/06/2018 9:07:10 PM	3611387230	1013.00	26.06	27.67	107.5	27.62	27.67	92.6	27.19	27.67	96.5	26.39	27.67	104.1
9/06/2018 9:07:11 PM	3611387231	1013.00	26.02	27.66	108.0	27.58	27.66	93.0	27.19	27.66	96.5	26.39	27.66	104.1
9/06/2018 9:07:12 PM	3611387232	1013.00	26.06	27.66	107.5	27.62	27.66	92.7	27.19	27.66	96.5	26.41	27.66	103.9
9/06/2018 9:07:13 PM	3611387233	1013.00	25.99	27.65	108.3	27.58	27.65	93.0	27.19	27.65	96.5	26.40	27.65	104.0
9/06/2018 9:07:14 PM	3611387234	1013.00	26.01	27.65	108.1	27.61	27.65	92.8	27.30	27.65	95.5	26.41	27.65	103.9
9/06/2018 9:07:15 PM	3611387235	1013.00	26.01	27.65	108.1	27.62	27.65	92.7	27.32	27.65	95.3	26.42	27.65	103.8
9/06/2018 9:07:16 PM	3611387236	1013.00	26.06	27.65	107.6	27.57	27.65	93.1	27.22	27.65	96.2	26.41	27.65	103.9
9/06/2018 9:07:17 PM	3611387237	1013.00	26.08	27.66	107.3	27.62	27.66	92.7	27.21	27.66	96.3	26.40	27.66	104.0
9/06/2018 9:07:18 PM	3611387238	1013.00	26.06	27.66	107.5	27.62	27.66	92.7	27.25	27.66	95.9	26.44	27.66	103.6
9/06/2018 9:07:19 PM	3611387239	1013.00	26.06	27.66	107.5	27.66	27.66	92.3	27.26	27.66	95.8	26.44	27.66	103.6
9/06/2018 9:07:20 PM	3611387240	1013.00	26.02	27.66	108.0	27.64	27.66	92.5	27.23	27.66	96.1	26.41	27.66	103.9
9/06/2018 9:07:21 PM	3611387241	1013.00	26.01	27.66	108.1	27.65	27.66	92.4	27.23	27.66	96.1	26.45	27.66	103.5
9/06/2018 9:07:22 PM	3611387242	1013.00	26.06	27.66	107.5	27.64	27.66	92.5	27.24	27.66	96.0	26.41	27.66	103.9
9/06/2018 9:07:23 PM	3611387243	1013.00	26.07	27.67	107.4	27.67	27.67	92.2	27.33	27.67	95.2	26.47	27.67	103.3
9/06/2018 9:07:24 PM	3611387244	1013.00	26.10	27.67	107.1	27.65	27.67	92.4	27.19	27.67	96.5	26.46	27.67	103.4
9/06/2018 9:07:25 PM	3611387245	1013.00	26.04	27.67	107.7	27.68	27.67	92.1	27.24	27.67	96.0	26.48	27.67	103.2
9/06/2018 9:07:26 PM	3611387246	1013.00	26.05	27.67	107.6	27.68	27.67	92.1	27.26	27.67	95.8	26.47	27.67	103.3
9/06/2018 9:07:27 PM	3611387247	1013.00	26.02	27.66	108.0	27.64	27.66	92.5	27.27	27.66	95.7	26.49	27.66	103.1
9/06/2018 9:07:28 PM	3611387248	1013.00	26.05	27.66	107.6	27.67	27.66	92.2	27.30	27.66	95.5	26.47	27.66	103.3
9/06/2018 9:07:29 PM	3611387249	1013.00	26.09	27.65	107.2	27.70	27.65	92.0	27.30	27.65	95.5	26.49	27.65	103.1
9/06/2018 9:07:30 PM	3611387250	1013.00	26.09	27.66	107.2	27.68	27.66	92.1	27.35	27.66	95.0	26.47	27.66	103.3
9/06/2018 9:07:31 PM	3611387251	1013.00	26.04	27.66	107.7	27.70	27.66	92.0	27.28	27.66	95.7	26.49	27.66	103.1
9/06/2018 9:07:32 PM	3611387252	1013.00	25.97	27.66	108.5	27.71	27.66	91.9	27.32	27.66	95.3	26.49	27.66	103.1
9/06/2018 9:07:33 PM	3611387253	1013.00	26.03	27.66	107.8	27.70	27.66	92.0	27.38	27.66	94.8	26.49	27.66	103.1
9/06/2018 9:07:34 PM	3611387254	1013.00	26.05	27.66	107.6	27.71	27.66	91.9	27.35	27.66	95.0	26.51	27.66	102.9
9/06/2018 9:07:35 PM	3611387255	1013.00	26.05	27.66	107.6	27.75	27.66	91.5	27.34	27.66	95.1	26.49	27.66	103.1
9/06/2018 9:07:36 PM	3611387256	1013.00	25.97	27.66	108.5	27.75	27.66	91.5	27.43	27.66	94.3	26.50	27.66	103.0
9/06/2018 9:07:37 PM	3611387257	1013.00	26.06	27.65	107.6	27.73	27.65	91.7	27.39	27.65	94.7	26.53	27.65	102.7
9/06/2018 9:07:38 PM	3611387258	1013.00	26.04	27.65	107.8	27.77	27.65	91.4	27.44	27.65	94.2	26.53	27.65	102.7
9/06/2018 9:07:39 PM	3611387259	1013.00	26.03	27.65	107.9	27.78	27.65	91.3	27.42	27.65	94.4	26.54	27.65	102.6
9/06/2018 9:07:40 PM	3611387260	1013.00	26.06	27.64	107.6	27.75	27.64	91.6	27.43	27.64	94.3	26.51	27.64	103.0
9/06/2018 9:07:41 PM	3611387261	1013.00	26.06	27.65	107.6	27.79	27.65	91.2	27.44	27.65	94.2	26.54	27.65	102.6
9/06/2018 9:07:42 PM	3611387262	1013.00	26.04	27.65	107.8	27.81	27.65	91.0	27.44	27.65	94.2	26.54	27.65	102.6
9/06/2018 9:07:43 PM	3611387263	1013.00	26.03	27.65	107.9	27.82	27.65	91.0	27.41	27.65	94.5	26.52	27.65	102.8
9/06/2018 9:07:44 PM	3611387264	1013.00	26.06	27.65	107.6	27.80	27.65	91.1	27.45	27.65	94.1	26.54	27.65	102.6
9/06/2018 9:07:45 PM	3611387265	1013.00	26.05	27.65	107.7	27.85	27.65	90.7	27.46	27.65	94.1	26.53	27.65	102.7
9/06/2018 9:07:46 PM	3611387266	1013.00	26.02	27.65	108.0	27.86	27.65	90.6	27.49	27.65	93.8	26.55	27.65	102.5
9/06/2018 9:07:47 PM	3611387267	1013.00	26.08	27.64	107.4	27.85	27.64	90.7	27.43	27.64	94.3	26.54	27.64	102.7
9/06/2018 9:07:48 PM	3611387268	1013.00	26.03	27.64	107.9	27.85	27.64	90.7	27.50	27.64	93.7	26.54	27.64	102.7
9/06/2018 9:07:49 PM	3611387269	1013.00	26.06	27.64	107.6	27.87	27.64	90.5	27.38	27.64	94.8	26.56	27.64	102.5
9/06/2018 9:07:50 PM	3611387270	1013.00	26.02	27.64	108.0	27.89	27.64	90.4	27.44	27.64	94.3	26.55	27.64	102.6
9/06/2018 9:07:51 PM	3611387271	1013.00	26.00	27.63	108.2	27.91	27.63	90.2	27.47	27.63	94.0	26.56	27.63	102.5
9/06/2018 9:07:52 PM	3611387272	1013.00	25.99	27.63	108.3	27.92	27.63	90.1	27.47	27.63	94.0	26.56	27.63	102.5
9/06/2018 9:07:53 PM	3611387273	1013.00	26.04	27.63	107.8	27.97	27.63	89.7	27.54	27.63	93.4	26.57	27.63	102.4
9/06/2018 9:07:54 PM	3611387274	1013.00	26.05	27.64	107.7	27.97	27.64	89.7	27.52	27.64	93.5	26.56	27.64	102.5
9/06/2018 9:07:55 PM	3611387275	1013.00	26.08	27.63	107.4	27.96	27.63	89.8	27.49	27.63	93.8	26.56	27.63	102.5
9/06/2018 9:07:56 PM	3611387276	1013.00	26.07	27.63	107.5	27.98	27.63	89.6	27.56	27.63	93.2	26.57	27.63	102.4
9/06/2018 9:07:57 PM	3611387277	1013.00	26.11	27.64	107.0	27.97	27.64	89.7	27.53	27.64	93.5	26.60	27.64	102.1
9/06/2018 9:07:58 PM	3611387278	1013.00	26.03	27.63	107.9	27.98	27.63	89.6	27.57	27.63	93.1	26.56	27.63	102.5
9/06/2018 9:07:59 PM	3611387279	1013.00	26.09	27.63	107.3	28.04	27.63	89.1	27.55	27.63	93.3	26.58	27.63	102.3
9/06/2018 9:08:00 PM	3611387280	1013.00	26.12	27.62	107.0	28.03	27.62	89.2	27.54	27.62	93.4	26.60	27.62	102.1
9/06/2018 9:08:01 PM	3611387281	1013.00	26.11	27.63	107.1	28.06	27.63	89.0	27.52	27.63	93.6	26.57	27.63	102.4
9/06/2018 9:08:02 PM	3611387282	1013.00	26.03	27.62	107.9	28.05	27.62	89.1	27.51	27.62	93.7	26.57	27.62	102.4
9/06/2018 9:08:03 PM	3611387283	1013.00	26.09	27.63	107.3	28.10	27.63	88.6	27.44	27.63	94.3	26.58	27.63	102.3
9/06/2018 9:08:04 PM	3611387284	1013.00	26.08	27.63	107.4	28.09	27.63	88.7	27.49	27.63	93.8	26.61	27.63	102.0
9/06/2018 9:08:05 PM	3611387285	1013.00	26.09	27.64	107.3	28.12	27.64	88.5	27.58	27.64	93.0	26.59	27.64	102.2
9/06/2018 9:08:06 PM	3611387286	1013.00	26.07	27.64	107.5	28.09	27.64	88.7	27.57	27.64	93.1	26.61	27.64	102.0
9/06/2018 9:08:07 PM	3611387287	1013.00	26.08	27.64	107.4	28.14	27.64	88.3	27.57	27.64	93.1	26.59	27.64	102.2
9/06/2018 9:08:08 PM	3611387288	1013.00	25.99	27.64	108.3	28.13	27.64	88.4	27.58	27.64	93.0	26.61	27.64	102.0
9/06/2018 9:08:09 PM	3611387289	1013.00	26.06	27.64	107.6	28.17	27.64	88.1	27.54	27.64	93.4	26.60	27.64	102.1
9/06/2018 9:08:10 PM	3611387290	1013.00	26.06	27.63	107.6	28.16	27.63	88.1	27.54	27.63	93.4	26.61	27.63	102.0
9/06/2018 9:08:11 PM	3611387291	1013.00	26.05	27.63	107.7	28.16	27.63	88.1	27.59	27.63	92.9	26.61	27.63	102.0
9/06/2018 9:08:12 PM	3611387292	1013.00	26.06	27.63	107.6	28.18	27.63	88.0	27.56	27.63	93.2	26.62	27.63	101.9
9/06/2018 9:08:13 PM	3611387293	1013.00	26.09	27.63	107.3	28.18	27.63	88.0	27.57	27.63	93.1	26.62	27.63	101.9
9/06/2018 9:08:14 PM	3611387294	1013.00	26.09	27.63	107.3	28.18	27.63	88.0	27.56	27.63	93.2	26.61	27.63	102.0
9/06/2018 9:08:15 PM	3611387295	1013.00	26.07	27.63	107.5	28.20	27.63	87.8	27.59	27.63	92.9	26.60	27.63	102.1
9/06/2018 9:08:16 PM	3611387296	1013.00	26.04	27.64	107.8	28.23	27.64	87.6	27.64	27.64	92.5	26.60	27.64	102.1
9/06/2018 9:08:17 PM	3611387297	1013.00	26.11	27.64	107.0	28.25	27.64	87.4	27.55	27.64	93.3	26.63	27.64	101.8
9/06/2018 9:08:18 PM	3611387298	1013.00	26.10	27.64	107.2	28.23	27.64	87.6	27.51	27.64	93.6	26.62	27.64	101.9
9/06/2018 9:08:19 PM	3611387299	1013.00	26.11	27.64	107.0	28.22	27.64	87.6	27.64	27.64	92.5	26.62	27.64	101.9
9/06/2018 9:08:20 PM	3611387300	1013.00	26.10	27.64	107.2	28.26	27.64	87.3	27.64	27.64	92.5	26.62	27.64	101.9
9/06/2018 9:08:21 PM	3611387301	1013.00	26.13	27.64	106.8	28.25	27.64	87.4	27.51	27.64	93.6	26.62	27.64	101.9
9/06/2018 9:08:22 PM	3611387302	1013.00	26.05	27.64	107.7	28.26	27.64	87.3	27.62	27.64	92.7	26.63	27.64	101.8
9/06/2018 9:08:23 PM	3611387303	1013.00	26.06	27.64	107.6	28.26	27.64	87.3	27.66	27.64	92.3	26.63	27.64	101.8
9/06/2018 9:08:24 PM	3611387304	1013.00	26.09	27.64	107.3	28.29	27.64	87.1	27.59	27.64	92.9	26.64	27.64	101.7
9/06/2018 9:08:25 PM	3611387305	1013.00	26.16	27.64	106.5	28.31	27.64	86.9	27.66	27.64	92.3	26.63	27.64	101.8
9/06/2018 9:08:26 PM	3611387306	1013.00	26.10	27.64	107.2	28.31	27.64	86.9	27.63	27.64	92.6	26.66	27.64	101.5
9/06/2018 9:08:27 PM	3611387307	1013.00	26.12	27.64	106.9	28.35	27.64	86.6	27.60	27.64	92.8	26.65	27.64	101.6
9/06/2018 9:08:28 PM	3611387308	1013.00	26.07	27.64	107.5	28.31	27.64	86.9	27.58	27.64	93.0	26.64	27.64	101.7
9/06/2018 9:08:29 PM	3611387309	1013.00	26.04	27.64	107.8	28.33	27.64	86.8	27.57	27.64	93.1	26.64	27.64	101.7
9/06/2018 9:08:30 PM	3611387310	1013.00	26.07	27.64	107.5	28.37	27.64	86.4	27.62	27.64	92.7	26.64	27.64	101.7
9/06/2018 9:08:31 PM	3611387311	1013.00	26.10	27.63	107.2	28.33	27.63	86.8	27.65	27.63	92.4	26.64	27.63	101.7
9/06/2018 9:08:32 PM	3611387312	1013.00	26.09	27.63	107.3	28.34	27.63	86.7	27.60	27.63	92.9	26.66	27.63	101.5
9/06/2018 9:08:33 PM	3611387313	1013.00	26.08	27.63	107.4	28.37	27.63	86.5	27.60	27.63	92.9	26.67	27.63	101.4
9/06/2018 9:08:34 PM	3611387314	1013.00	26.11	27.63	107.1	28.36	27.63	86.5	27.63	27.63	92.6	26.64	27.63	101.7
9/06/2018 9:08:35 PM	3611387315	1013.00	26.01	27.63	108.1	28.33	27.63	86.8	27.61	27.63	92.8	26.65	27.63	101.6
9/06/2018 9:08:36 PM	3611387316	1013.00	26.07	27.63	107.5	28.37	27.63	86.5	27.66	27.63	92.3	26.65	27.63	101.6
9/06/2018 9:08:37 PM	3611387317	1013.00	26.08	27.63	107.4	28.40	27.63	86.2	27.68	27.63	92.2	26.65	27.63	101.6
9/06/2018 9:08:38 PM	3611387318	1013.00	26.04	27.63	107.8	28.37	27.63	86.5	27.65	27.63	92.4	26.65	27.63	101.6
9/06/2018 9:08:39 PM	3611387319	1013.00	26.10	27.62	107.2	28.40	27.62	86.2	27.70	27.62	92.0	26.67	27.62	101.4
9/06/2018 9:08:40 PM	3611387320	1013.00	26.01	27.63	108.1	28.41	27.63	86.1	27.64	27.63	92.5	26.67	27.63	101.4
9/06/2018 9:08:41 PM	3611387321	1013.00	26.07	27.63	107.5	28.39	27.63	86.3	27.68	27.63	92.2	26.65	27.63	101.6
9/06/2018 9:08:42 PM	3611387322	1013.00	26.13	27.63	106.9	28.39	27.63	86.3	27.65	27.63	92.4	26.67	27.63	101.4
9/06/2018 9:08:43 PM	3611387323	1013.00	26.12	27.63	107.0	28.44	27.63	85.9	27.66	27.63	92.3	26.65	27.63	101.6
9/06/2018 9:08:44 PM	3611387324	1013.00	26.09	27.63	107.3	28.47	27.63	85.7	27.66	27.63	92.3	26.66	27.63	101.5
9/06/2018 9:08:45 PM	3611387325	1013.00	26.04	27.63	107.8	28.48	27.63	85.6	27.68	27.63	92.2	26.67	27.63	101.4
9/06/2018 9:08:46 PM	3611387326	1013.00	26.10	27.63	107.2	28.48	27.63	85.6	27.62	27.63	92.7	26.67	27.63	101.4
9/06/2018 9:08:47 PM	3611387327	1013.00	26.03	27.62	107.9	28.49	27.62	85.5	27.65	27.62	92.4	26.67	27.62	101.4
9/06/2018 9:08:48 PM	3611387328	1013.00	26.05	27.62	107.7	28.53	27.62	85.2	27.64	27.62	92.5	26.69	27.62	101.2
9/06/2018 9:08:49 PM	3611387329	1013.00	26.10	27.61	107.2	28.51	27.61	85.4	27.74	27.61	91.7	26.70	27.61	101.1
9/06/2018 9:08:50 PM	3611387330	1013.00	26.10	27.61	107.2	28.53	27.61	85.2	27.78	27.61	91.3	26.69	27.61	101.2
9/06/2018 9:08:51 PM	3611387331	1013.00	26.02	27.61	108.0	28.54	27.61	85.1	27.69	27.61	92.1	26.69	27.61	101.2
9/06/2018 9:08:52 PM	3611387332	1013.00	26.05	27.62	107.7	28.59	27.62	84.7	27.67	27.62	92.3	26.68	27.62	101.3
9/06/2018 9:08:53 PM	3611387333	1013.00	26.12	27.62	107.0	28.55	27.62	85.0	27.73	27.62	91.8	26.65	27.62	101.6
9/06/2018 9:08:54 PM	3611387334	1013.00	26.05	27.62	107.7	28.58	27.62	84.8	27.73	27.62	91.8	26.68	27.62	101.3
9/06/2018 9:08:55 PM	3611387335	1013.00	26.11	27.62	107.1	28.58	27.62	84.8	27.78	27.62	91.3	26.66	27.62	101.5
9/06/2018 9:08:56 PM	3611387336	1013.00	26.10	27.62	107.2	28.62	27.62	84.5	27.78	27.62	91.3	26.67	27.62	101.4
9/06/2018 9:08:57 PM	3611387337	1013.00	26.10	27.61	107.2	28.58	27.61	84.8	27.74	27.61	91.7	26.67	27.61	101.4
9/06/2018 9:08:58 PM	3611387338	1013.00	26.06	27.61	107.6	28.58	27.61	84.8	27.77	27.61	91.4	26.69	27.61	101.2
9/06/2018 9:08:59 PM	3611387339	1013.00	26.07	27.62	107.5	28.63	27.62	84.4	27.76	27.62	91.5	26.71	27.62	101.0
9/06/2018 9:09:00 PM	3611387340	1013.00	26.10	27.62	107.2	28.66	27.62	84.2	27.69	27.62	92.1	26.69	27.62	101.2
9/06/2018 9:09:01 PM	3611387341	1013.00	26.07	27.62	107.5	28.66	27.62	84.2	27.74	27.62	91.7	26.67	27.62	101.4
9/06/2018 9:09:02 PM	3611387342	1013.00	26.11	27.62	107.1	28.65	27.62	84.3	27.76	27.62	91.5	26.68	27.62	101.3
9/06/2018 9:09:03 PM	3611387343	1013.00	26.08	27.62	107.4	28.68	27.62	84.0	27.74	27.62	91.7	26.70	27.62	101.1
9/06/2018 9:09:04 PM	3611387344	1013.00	26.05	27.62	107.7	28.69	27.62	84.0	27.75	27.62	91.6	26.68	27.62	101.3
9/06/2018 9:09:05 PM	3611387345	1013.00	26.14	27.61	106.8	28.69	27.61	84.0	27.79	27.61	91.3	26.69	27.61	101.2
9/06/2018 9:09:06 PM	3611387346	1013.00	26.08	27.61	107.4	28.70	27.61	83.9	27.78	27.61	91.3	26.69	27.61	101.2
9/06/2018 9:09:07 PM	3611387347	1013.00	26.09	27.61	107.3	28.69	27.61	84.0	27.81	27.61	91.1	26.70	27.61	101.1
9/06/2018 9:09:08 PM	3611387348	1013.00	26.04	27.61	107.8	28.70	27.61	83.9	27.80	27.61	91.2	26.69	27.61	101.2
9/06/2018 9:09:09 PM	3611387349	1013.00	26.10	27.61	107.2	28.74	27.61	83.6	27.83	27.61	90.9	26.71	27.61	101.0
9/06/2018 9:09:10 PM	3611387350	1013.00	26.06	27.61	107.6	28.73	27.61	83.7	27.85	27.61	90.7	26.72	27.61	101.0
9/06/2018 9:09:11 PM	3611387351	1013.00	26.07	27.62	107.5	28.77	27.62	83.3	27.76	27.62	91.5	26.69	27.62	101.2
9/06/2018 9:09:12 PM	3611387352	1013.00	26.08	27.61	107.4	28.77	27.61	83.4	27.73	27.61	91.8	26.70	27.61	101.1
9/06/2018 9:09:13 PM	3611387353	1013.00	26.09	27.61	107.3	28.76	27.61	83.4	27.83	27.61	90.9	26.69	27.61	101.2
9/06/2018 9:09:14 PM	3611387354	1013.00	26.11	27.62	107.1	28.76	27.62	83.4	27.83	27.62	90.9	26.72	27.62	100.9
9/06/2018 9:09:15 PM	3611387355	1013.00	26.00	27.61	108.3	28.77	27.61	83.4	27.76	27.61	91.5	26.68	27.61	101.3
9/06/2018 9:09:16 PM	3611387356	1013.00	26.09	27.61	107.3	28.77	27.61	83.4	27.84	27.61	90.8	26.71	27.61	101.0
9/06/2018 9:09:17 PM	3611387357	1013.00	26.05	27.61	107.7	28.81	27.61	83.1	27.83	27.61	90.9	26.70	27.61	101.1
9/06/2018 9:09:18 PM	3611387358	1013.00	26.04	27.61	107.8	28.83	27.61	82.9	27.87	27.61	90.6	26.72	27.61	101.0
9/06/2018 9:09:19 PM	3611387359	1013.00	26.04	27.60	107.9	28.85	27.60	82.8	27.82	27.60	91.0	26.70	27.60	101.2
9/06/2018 9:09:20 PM	3611387360	1013.00	26.11	27.60	107.1	28.89	27.60	82.5	27.77	27.60	91.4	26.69	27.60	101.3
9/06/2018 9:09:21 PM	3611387361	1013.00	26.06	27.60	107.6	28.87	27.60	82.6	27.80	27.60	91.2	26.71	27.60	101.1
9/06/2018 9:09:22 PM	3611387362	1013.00	26.07	27.60	107.5	28.91	27.60	82.3	27.86	27.60	90.7	26.69	27.60	101.3
9/06/2018 9:09:23 PM	3611387363	1013.00	26.09	27.60	107.3	28.92	27.60	82.2	27.75	27.60	91.6	26.73	27.60	100.9
9/06/2018 9:09:24 PM	3611387364	1013.00	26.12	27.61	107.0	28.91	27.61	82.3	27.86	27.61	90.7	26.73	27.61	100.9
9/06/2018 9:09:25 PM	3611387365	1013.00	26.10	27.61	107.2	28.90	27.61	82.4	27.88	27.61	90.5	26.73	27.61	100.9
9/06/2018 9:09:26 PM	3611387366	1013.00	26.10	27.61	107.2	28.89	27.61	82.4	27.97	27.61	89.7	26.72	27.61	101.0
9/06/2018 9:09:27 PM	3611387367	1013.00	26.04	27.60	107.9	28.92	27.60	82.2	27.88	27.60	90.5	26.73	27.60	100.9
9/06/2018 9:09:28 PM	3611387368	1013.00	26.16	27.60	106.6	28.95	27.60	82.0	27.86	27.60	90.7	26.72	27.60	101.0
9/06/2018 9:09:29 PM	3611387369	1013.00	26.03	27.60	108.0	28.90	27.60	82.4	27.80	27.60	91.2	26.72	27.60	101.0
9/06/2018 9:09:30 PM	3611387370	1013.00	26.13	27.60	106.9	28.97	27.60	81.9	27.89	27.60	90.4	26.71	27.60	101.1
9/06/2018 9:09:31 PM	3611387371	1013.00	26.12	27.60	107.0	28.96	27.60	81.9	27.89	27.60	90.4	26.73	27.60	100.9
9/06/2018 9:09:32 PM	3611387372	1013.00	26.08	27.61	107.4	28.96	27.61	81.9	27.83	27.61	90.9	26.71	27.61	101.0
9/06/2018 9:09:33 PM	3611387373	1013.00	26.15	27.60	106.7	28.97	27.60	81.9	27.89	27.60	90.4	26.72	27.60	101.0
9/06/2018 9:09:34 PM	3611387374	1013.00	26.09	27.60	107.3	28.96	27.60	81.9	27.84	27.60	90.8	26.74	27.60	100.8
9/06/2018 9:09:35 PM	3611387375	1013.00	26.09	27.60	107.3	28.97	27.60	81.9	27.84	27.60	90.8	26.73	27.60	100.9
9/06/2018 9:09:36 PM	3611387376	1013.00	26.05	27.60	107.7	28.97	27.60	81.9	27.87	27.60	90.6	26.72	27.60	101.0
9/06/2018 9:09:37 PM	3611387377	1013.00	26.06	27.60	107.6	28.99	27.60	81.7	27.81	27.60	91.1	26.73	27.60	100.9
9/06/2018 9:09:38 PM	3611387378	1013.00	26.05	27.60	107.7	28.99	27.60	81.7	27.84	27.60	90.8	26.73	27.60	100.9
9/06/2018 9:09:39 PM	3611387379	1013.00	26.11	27.60	107.1	28.97	27.60	81.9	27.87	27.60	90.6	26.73	27.60	100.9
9/06/2018 9:09:40 PM	3611387380	1013.00	26.15	27.59	106.7	29.00	27.59	81.7	27.84	27.59	90.9	26.74	27.59	100.8
9/06/2018 9:09:41 PM	3611387381	1013.00	26.15	27.59	106.7	29.00	27.59	81.7	27.89	27.59	90.4	26.72	27.59	101.0
9/06/2018 9:09:42 PM	3611387382	1013.00	26.03	27.59	108.0	28.99	27.59	81.7	27.95	27.59	89.9	26.74	27.59	100.8
9/06/2018 9:09:43 PM	3611387383	1013.00	26.07	27.59	107.6	28.99	27.59	81.7	27.92	27.59	90.2	26.74	27.59	100.8
9/06/2018 9:09:44 PM	3611387384	1013.00	26.09	27.60	107.3	29.01	27.60	81.6	27.92	27.60	90.2	26.74	27.60	100.8
9/06/2018 9:09:45 PM	3611387385	1013.00	26.04	27.60	107.9	29.00	27.60	81.6	27.92	27.60	90.2	26.73	27.60	100.9
9/06/2018 9:09:46 PM	3611387386	1013.00	26.08	27.60	107.4	28.97	27.60	81.9	27.88	27.60	90.5	26.74	27.60	100.8
9/06/2018 9:09:47 PM	3611387387	1013.00	26.07	27.61	107.5	29.00	27.61	81.6	27.88	27.61	90.5	26.75	27.61	100.7
9/06/2018 9:09:48 PM	3611387388	1013.00	26.11	27.61	107.1	29.00	27.61	81.6	27.99	27.61	89.6	26.77	27.61	100.5
9/06/2018 9:09:49 PM	3611387389	1013.00	26.13	27.60	106.9	28.97	27.60	81.9	27.92	27.60	90.2	26.76	27.60	100.6
9/06/2018 9:09:50 PM	3611387390	1013.00	26.05	27.60	107.7	29.01	27.60	81.6	27.89	27.60	90.4	26.76	27.60	100.6
9/06/2018 9:09:51 PM	3611387391	1013.00	26.07	27.60	107.5	28.99	27.60	81.7	28.02	27.60	89.3	26.76	27.60	100.6
9/06/2018 9:09:52 PM	3611387392	1013.00	26.06	27.59	107.7	29.01	27.59	81.6	27.92	27.59	90.2	26.73	27.59	100.9
9/06/2018 9:09:53 PM	3611387393	1013.00	26.08	27.60	107.4	29.05	27.60	81.3	27.95	27.60	89.9	26.74	27.60	100.8
9/06/2018 9:09:54 PM	3611387394	1013.00	26.09	27.59	107.3	29.05	27.59	81.3	27.98	27.59	89.7	26.75	27.59	100.7
9/06/2018 9:09:55 PM	3611387395	1013.00	26.06	27.60	107.6	29.09	27.60	81.0	27.96	27.60	89.8	26.74	27.60	100.8
9/06/2018 9:09:56 PM	3611387396	1013.00	26.09	27.60	107.3	29.13	27.60	80.7	27.99	27.60	89.6	26.76	27.60	100.6
9/06/2018 9:09:57 PM	3611387397	1013.00	26.08	27.60	107.4	29.15	27.60	80.5	28.04	27.60	89.2	26.75	27.60	100.7
9/06/2018 9:09:58 PM	3611387398	1013.00	26.12	27.60	107.0	29.13	27.60	80.7	28.05	27.60	89.1	26.75	27.60	100.7
9/06/2018 9:09:59 PM	3611387399	1013.00	26.10	27.60	107.2	29.19	27.60	80.2	27.92	27.60	90.2	26.77	27.60	100.5
9/06/2018 9:10:00 PM	3611387400	1013.00	26.05	27.59	107.8	29.17	27.59	80.4	27.99	27.59	89.6	26.77	27.59	100.5
9/06/2018 9:10:01 PM	3611387401	1013.00	26.06	27.59	107.7	29.18	27.59	80.3	27.97	27.59	89.8	26.73	27.59	100.9
9/06/2018 9:10:02 PM	3611387402	1013.00	26.04	27.59	107.9	29.19	27.59	80.3	28.04	27.59	89.2	26.76	27.59	100.6
9/06/2018 9:10:03 PM	3611387403	1013.00	26.08	27.59	107.5	29.23	27.59	80.0	27.97	27.59	89.8	26.77	27.59	100.5
9/06/2018 9:10:04 PM	3611387404	1013.00	26.08	27.59	107.5	29.26	27.59	79.7	27.99	27.59	89.6	26.76	27.59	100.6
9/06/2018 9:10:05 PM	3611387405	1013.00	26.09	27.59	107.3	29.23	27.59	80.0	28.02	27.59	89.3	26.74	27.59	100.8
9/06/2018 9:10:06 PM	3611387406	1013.00	26.08	27.59	107.5	29.29	27.59	79.5	28.07	27.59	88.9	26.74	27.59	100.8
9/06/2018 9:10:07 PM	3611387407	1013.00	26.03	27.59	108.0	29.29	27.59	79.5	28.01	27.59	89.4	26.76	27.59	100.6
9/06/2018 9:10:08 PM	3611387408	1013.00	26.03	27.59	108.0	29.32	27.59	79.3	28.06	27.59	89.0	26.78	27.59	100.4
9/06/2018 9:10:09 PM	3611387409	1013.00	26.10	27.59	107.2	29.30	27.59	79.5	28.12	27.59	88.5	26.75	27.59	100.7
9/06/2018 9:10:10 PM	3611387410	1013.00	26.10	27.59	107.2	29.34	27.59	79.2	28.01	27.59	89.4	26.76	27.59	100.6
9/06/2018 9:10:11 PM	3611387411	1013.00	26.05	27.59	107.8	29.31	27.59	79.4	28.02	27.59	89.3	26.78	27.59	100.4
9/06/2018 9:10:12 PM	3611387412	1013.00	26.02	27.58	108.1	29.37	27.58	79.0	28.07	27.58	88.9	26.77	27.58	100.5
9/06/2018 9:10:13 PM	3611387413	1013.00	26.09	27.59	107.3	29.37	27.59	79.0	28.08	27.59	88.9	26.77	27.59	100.5
9/06/2018 9:10:14 PM	3611387414	1013.00	26.08	27.59	107.5	29.33	27.59	79.2	28.05	27.59	89.1	26.77	27.59	100.5
9/06/2018 9:10:15 PM	3611387415	1013.00	26.10	27.59	107.2	29.38	27.59	78.9	28.07	27.59	88.9	26.77	27.59	100.5
9/06/2018 9:10:16 PM	3611387416	1013.00	26.01	27.59	108.2	29.39	27.59	78.8	28.08	27.59	88.9	26.76	27.59	100.6
9/06/2018 9:10:17 PM	3611387417	1013.00	26.12	27.59	107.0	29.37	27.59	79.0	28.07	27.59	88.9	26.78	27.59	100.4
9/06/2018 9:10:18 PM	3611387418	1013.00	26.13	27.58	107.0	29.38	27.58	78.9	28.14	27.58	88.4	26.77	27.58	100.5
9/06/2018 9:10:19 PM	3611387419	1013.00	26.16	27.58	106.6	29.41	27.58	78.7	28.14	27.58	88.4	26.77	27.58	100.5
9/06/2018 9:10:20 PM	3611387420	1013.00	26.13	27.58	107.0	29.43	27.58	78.5	28.09	27.58	88.8	26.79	27.58	100.3
9/06/2018 9:10:21 PM	3611387421	1013.00	26.08	27.58	107.5	29.46	27.58	78.3	28.14	27.58	88.4	26.80	27.58	100.2
9/06/2018 9:10:22 PM	3611387422	1013.00	26.09	27.58	107.4	29.46	27.58	78.3	28.08	27.58	88.9	26.78	27.58	100.4
9/06/2018 9:10:23 PM	3611387423	1013.00	26.12	27.58	107.1	29.49	27.58	78.1	28.18	27.58	88.0	26.77	27.58	100.5
9/06/2018 9:10:24 PM	3611387424	1013.00	26.09	27.58	107.4	29.48	27.58	78.2	28.20	27.58	87.9	26.80	27.58	100.2
9/06/2018 9:10:25 PM	3611387425	1013.00	26.07	27.58	107.6	29.48	27.58	78.2	28.21	27.58	87.8	26.80	27.58	100.2
9/06/2018 9:10:26 PM	3611387426	1013.00	26.09	27.57	107.4	29.52	27.57	77.9	28.19	27.57	88.0	26.80	27.57	100.3
9/06/2018 9:10:27 PM	3611387427	1013.00	26.12	27.57	107.1	29.50	27.57	78.1	28.16	27.57	88.2	26.75	27.57	100.7
9/06/2018 9:10:28 PM	3611387428	1013.00	26.05	27.57	107.8	29.51	27.57	78.0	28.22	27.57	87.7	26.78	27.57	100.4
9/06/2018 9:10:29 PM	3611387429	1013.00	26.10	27.57	107.3	29.51	27.57	78.0	28.21	27.57	87.8	26.79	27.57	100.3
9/06/2018 9:10:30 PM	3611387430	1013.00	26.06	27.57	107.7	29.57	27.57	77.6	28.21	27.57	87.8	26.80	27.57	100.3
9/06/2018 9:10:31 PM	3611387431	1013.00	26.09	27.58	107.4	29.56	27.58	77.6	28.23	27.58	87.6	26.78	27.58	100.4
9/06/2018 9:10:32 PM	3611387432	1013.00	26.10	27.58	107.3	29.53	27.58	77.8	28.24	27.58	87.6	26.79	27.58	100.3
9/06/2018 9:10:33 PM	3611387433	1013.00	26.11	27.58	107.2	29.55	27.58	77.7	28.30	27.58	87.1	26.79	27.58	100.3
9/06/2018 9:10:34 PM	3611387434	1013.00	26.07	27.58	107.6	29.58	27.58	77.5	28.25	27.58	87.5	26.81	27.58	100.1
9/06/2018 9:10:35 PM	3611387435	1013.00	26.06	27.58	107.7	29.61	27.58	77.3	28.26	27.58	87.4	26.80	27.58	100.2
9/06/2018 9:10:36 PM	3611387436	1013.00	26.13	27.58	107.0	29.64	27.58	77.1	28.25	27.58	87.5	26.80	27.58	100.2
9/06/2018 9:10:37 PM	3611387437	1013.00	26.15	27.58	106.7	29.63	27.58	77.1	28.25	27.58	87.5	26.79	27.58	100.3
9/06/2018 9:10:38 PM	3611387438	1013.00	26.11	27.58	107.2	29.61	27.58	77.3	28.27	27.58	87.3	26.80	27.58	100.2
9/06/2018 9:10:39 PM	3611387439	1013.00	26.07	27.58	107.6	29.60	27.58	77.3	28.28	27.58	87.2	26.77	27.58	100.5
9/06/2018 9:10:40 PM	3611387440	1013.00	26.07	27.57	107.6	29.63	27.57	77.1	28.23	27.57	87.7	26.83	27.57	100.0
9/06/2018 9:10:41 PM	3611387441	1013.00	26.12	27.57	107.1	29.65	27.57	77.0	28.27	27.57	87.3	26.81	27.57	100.2
9/06/2018 9:10:42 PM	3611387442	1013.00	26.12	27.58	107.1	29.63	27.58	77.1	28.25	27.58	87.5	26.80	27.58	100.2
9/06/2018 9:10:43 PM	3611387443	1013.00	26.11	27.58	107.2	29.66	27.58	76.9	28.25	27.58	87.5	26.78	27.58	100.4
9/06/2018 9:10:44 PM	3611387444	1013.00	26.12	27.58	107.1	29.66	27.58	76.9	28.26	27.58	87.4	26.79	27.58	100.3
9/06/2018 9:10:45 PM	3611387445	1013.00	26.16	27.58	106.6	29.68	27.58	76.8	28.27	27.58	87.3	26.79	27.58	100.3
9/06/2018 9:10:46 PM	3611387446	1013.00	26.08	27.58	107.5	29.72	27.58	76.5	28.28	27.58	87.2	26.81	27.58	100.1
9/06/2018 9:10:47 PM	3611387447	1013.00	26.11	27.57	107.2	29.71	27.57	76.6	28.32	27.57	86.9	26.81	27.57	100.2
9/06/2018 9:10:48 PM	3611387448	1013.00	26.09	27.57	107.4	29.71	27.57	76.6	28.32	27.57	86.9	26.80	27.57	100.3
9/06/2018 9:10:49 PM	3611387449	1013.00	26.07	27.57	107.6	29.76	27.57	76.2	28.32	27.57	86.9	26.80	27.57	100.3
9/06/2018 9:10:50 PM	3611387450	1013.00	26.11	27.57	107.2	29.79	27.57	76.0	28.29	27.57	87.2	26.81	27.57	100.2
9/06/2018 9:10:51 PM	3611387451	1013.00	26.14	27.57	106.9	29.77	27.57	76.2	28.24	27.57	87.6	26.80	27.57	100.3
9/06/2018 9:10:52 PM	3611387452	1013.00	26.12	27.57	107.1	29.76	27.57	76.2	28.31	27.57	87.0	26.80	27.57	100.3
9/06/2018 9:10:53 PM	3611387453	1013.00	26.12	27.57	107.1	29.78	27.57	76.1	28.35	27.57	86.7	26.81	27.57	100.2
9/06/2018 9:10:54 PM	3611387454	1013.00	26.07	27.58	107.6	29.81	27.58	75.9	28.32	27.58	86.9	26.82	27.58	100.0
9/06/2018 9:10:55 PM	3611387455	1013.00	26.03	27.57	108.0	29.80	27.57	76.0	28.34	27.57	86.8	26.81	27.57	100.2
9/06/2018 9:10:56 PM	3611387456	1013.00	26.10	27.58	107.3	29.79	27.58	76.0	28.35	27.58	86.7	26.81	27.58	100.1
9/06/2018 9:10:57 PM	3611387457	1013.00	26.05	27.57	107.8	29.85	27.57	75.6	28.38	27.57	86.4	26.81	27.57	100.2
9/06/2018 9:10:58 PM	3611387458	1013.00	26.11	27.57	107.2	29.85	27.57	75.6	28.41	27.57	86.2	26.79	27.57	100.3
9/06/2018 9:10:59 PM	3611387459	1013.00	26.09	27.57	107.4	29.88	27.57	75.4	28.34	27.57	86.8	26.83	27.57	100.0
9/06/2018 9:11:00 PM	3611387460	1013.00	26.14	27.57	106.9	29.86	27.57	75.6	28.42	27.57	86.1	26.81	27.57	100.2
9/06/2018 9:11:01 PM	3611387461	1013.00	26.11	27.56	107.2	29.89	27.56	75.4	28.35	27.56	86.7	26.82	27.56	100.1
9/06/2018 9:11:02 PM	3611387462	1013.00	26.09	27.56	107.4	29.85	27.56	75.6	28.47	27.56	85.7	26.82	27.56	100.1
9/06/2018 9:11:03 PM	3611387463	1013.00	26.07	27.56	107.6	29.88	27.56	75.4	28.46	27.56	85.8	26.83	27.56	100.0
9/06/2018 9:11:04 PM	3611387464	1013.00	26.08	27.56	107.5	29.88	27.56	75.4	28.38	27.56	86.5	26.82	27.56	100.1
9/06/2018 9:11:05 PM	3611387465	1013.00	26.16	27.55	106.7	29.92	27.55	75.2	28.39	27.55	86.4	26.83	27.55	100.0
9/06/2018 9:11:06 PM	3611387466	1013.00	26.14	27.56	106.9	29.89	27.56	75.4	28.48	27.56	85.7	26.81	27.56	100.2
9/06/2018 9:11:07 PM	3611387467	1013.00	26.09	27.56	107.4	29.87	27.56	75.5	28.43	27.56	86.1	26.80	27.56	100.3
9/06/2018 9:11:08 PM	3611387468	1013.00	26.07	27.56	107.6	29.90	27.56	75.3	28.45	27.56	85.9	26.85	27.56	99.8
9/06/2018 9:11:09 PM	3611387469	1013.00	26.09	27.56	107.4	29.92	27.56	75.2	28.37	27.56	86.5	26.85	27.56	99.8
9/06/2018 9:11:10 PM	3611387470	1013.00	26.12	27.57	107.1	29.88	27.57	75.4	28.45	27.57	85.9	26.84	27.57	99.9
9/06/2018 9:11:11 PM	3611387471	1013.00	26.10	27.56	107.3	29.92	27.56	75.2	28.45	27.56	85.9	26.85	27.56	99.8
9/06/2018 9:11:12 PM	3611387472	1013.00	26.08	27.56	107.5	29.91	27.56	75.2	28.47	27.56	85.7	26.83	27.56	100.0
9/06/2018 9:11:13 PM	3611387473	1013.00	26.06	27.56	107.7	29.92	27.56	75.2	28.44	27.56	86.0	26.84	27.56	99.9
9/06/2018 9:11:14 PM	3611387474	1013.00	26.11	27.56	107.2	29.90	27.56	75.3	28.45	27.56	85.9	26.82	27.56	100.1
9/06/2018 9:11:15 PM	3611387475	1013.00	26.11	27.56	107.2	29.90	27.56	75.3	28.48	27.56	85.7	26.84	27.56	99.9
9/06/2018 9:11:16 PM	3611387476	1013.00	26.09	27.56	107.4	29.95	27.56	75.0	28.50	27.56	85.5	26.84	27.56	99.9
9/06/2018 9:11:17 PM	3611387477	1013.00	26.11	27.56	107.2	29.95	27.56	75.0	28.54	27.56	85.2	26.84	27.56	99.9
9/06/2018 9:11:18 PM	3611387478	1013.00	26.09	27.56	107.4	29.91	27.56	75.2	28.52	27.56	85.4	26.85	27.56	99.8
9/06/2018 9:11:19 PM	3611387479	1013.00	26.12	27.56	107.1	29.96	27.56	74.9	28.46	27.56	85.8	26.82	27.56	100.1
9/06/2018 9:11:20 PM	3611387480	1013.00	26.13	27.56	107.0	29.95	27.56	75.0	28.54	27.56	85.2	26.85	27.56	99.8
9/06/2018 9:11:21 PM	3611387481	1013.00	26.09	27.56	107.4	29.97	27.56	74.8	28.53	27.56	85.3	26.86	27.56	99.7
9/06/2018 9:11:22 PM	3611387482	1013.00	26.08	27.55	107.5	29.97	27.55	74.8	28.55	27.55	85.1	26.82	27.55	100.1
9/06/2018 9:11:23 PM	3611387483	1013.00	26.12	27.55	107.1	29.98	27.55	74.8	28.58	27.55	84.9	26.84	27.55	99.9
9/06/2018 9:11:24 PM	3611387484	1013.00	26.08	27.55	107.5	29.99	27.55	74.7	28.62	27.55	84.6	26.84	27.55	99.9
9/06/2018 9:11:25 PM	3611387485	1013.00	26.17	27.55	106.6	29.96	27.55	74.9	28.57	27.55	85.0	26.84	27.55	99.9
9/06/2018 9:11:26 PM	3611387486	1013.00	26.11	27.55	107.2	29.97	27.55	74.8	28.49	27.55	85.6	26.84	27.55	99.9
9/06/2018 9:11:27 PM	3611387487	1013.00	26.13	27.55	107.0	29.95	27.55	75.0	28.62	27.55	84.6	26.85	27.55	99.8
9/06/2018 9:11:28 PM	3611387488	1013.00	26.09	27.55	107.4	29.97	27.55	74.8	28.57	27.55	85.0	26.85	27.55	99.8
9/06/2018 9:11:29 PM	3611387489	1013.00	26.11	27.55	107.2	29.99	27.55	74.7	28.62	27.55	84.6	26.86	27.55	99.7
9/06/2018 9:11:30 PM	3611387490	1013.00	26.10	27.55	107.3	29.98	27.55	74.8	28.56	27.55	85.1	26.83	27.55	100.0
9/06/2018 9:11:31 PM	3611387491	1013.00	26.10	27.55	107.3	29.97	27.55	74.8	28.62	27.55	84.6	26.85	27.55	99.8
9/06/2018 9:11:32 PM	3611387492	1013.00	26.09	27.55	107.4	29.98	27.55	74.8	28.61	27.55	84.7	26.88	27.55	99.5
9/06/2018 9:11:33 PM	3611387493	1013.00	26.14	27.55	106.9	30.00	27.55	74.6	28.65	27.55	84.4	26.87	27.55	99.6
9/06/2018 9:11:34 PM	3611387494	1013.00	26.19	27.56	106.4	30.02	27.56	74.5	28.64	27.56	84.4	26.86	27.56	99.7
9/06/2018 9:11:35 PM	3611387495	1013.00	26.09	27.56	107.4	30.06	27.56	74.2	28.65	27.56	84.3	26.87	27.56	99.6
9/06/2018 9:11:36 PM	3611387496	1013.00	26.10	27.56	107.3	30.07	27.56	74.2	28.63	27.56	84.5	26.90	27.56	99.3
9/06/2018 9:11:37 PM	3611387497	1013.00	26.10	27.55	107.3	30.08	27.55	74.1	28.69	27.55	84.0	26.90	27.55	99.3
9/06/2018 9:11:38 PM	3611387498	1013.00	26.13	27.55	107.0	30.10	27.55	74.0	28.63	27.55	84.5	26.89	27.55	99.4
9/06/2018 9:11:39 PM	3611387499	1013.00	26.08	27.54	107.5	30.07	27.54	74.2	28.64	27.54	84.4	26.89	27.54	99.4
9/06/2018 9:11:40 PM	3611387500	1013.00	26.12	27.54	107.1	30.08	27.54	74.1	28.64	27.54	84.4	26.89	27.54	99.4
9/06/2018 9:11:41 PM	3611387501	1013.00	26.11	27.54	107.2	30.07	27.54	74.2	28.70	27.54	84.0	26.92	27.54	99.2
9/06/2018 9:11:42 PM	3611387502	1013.00	26.08	27.54	107.5	30.04	27.54	74.4	28.65	27.54	84.4	26.92	27.54	99.2
9/06/2018 9:11:43 PM	3611387503	1013.00	26.12	27.54	107.1	30.06	27.54	74.3	28.66	27.54	84.3	26.90	27.54	99.4
9/06/2018 9:11:44 PM	3611387504	1013.00	26.12	27.54	107.1	30.07	27.54	74.2	28.63	27.54	84.5	26.92	27.54	99.2
9/06/2018 9:11:45 PM	3611387505	1013.00	26.10	27.54	107.3	30.07	27.54	74.2	28.65	27.54	84.4	26.92	27.54	99.2
9/06/2018 9:11:46 PM	3611387506	1013.00	26.08	27.54	107.5	30.05	27.54	74.3	28.69	27.54	84.1	26.95	27.54	98.9
9/06/2018 9:11:47 PM	3611387507	1013.00	26.11	27.53	107.2	30.04	27.53	74.4	28.69	27.53	84.1	26.94	27.53	99.0
9/06/2018 9:11:48 PM	3611387508	1013.00	26.13	27.53	107.0	30.04	27.53	74.4	28.66	27.53	84.3	26.96	27.53	98.8
9/06/2018 9:11:49 PM	3611387509	1013.00	26.11	27.53	107.2	30.06	27.53	74.3	28.69	27.53	84.1	26.93	27.53	99.1
9/06/2018 9:11:50 PM	3611387510	1013.00	26.09	27.54	107.4	30.01	27.54	74.6	28.74	27.54	83.7	26.96	27.54	98.8
9/06/2018 9:11:51 PM	3611387511	1013.00	26.17	27.54	106.6	30.04	27.54	74.4	28.72	27.54	83.8	26.95	27.54	98.9
9/06/2018 9:11:52 PM	3611387512	1013.00	26.08	27.54	107.5	30.03	27.54	74.5	28.69	27.54	84.1	26.95	27.54	98.9
9/06/2018 9:11:53 PM	3611387513	1013.00	26.09	27.55	107.4	30.01	27.55	74.6	28.76	27.55	83.5	26.96	27.55	98.8
9/06/2018 9:11:54 PM	3611387514	1013.00	26.08	27.55	107.5	30.05	27.55	74.3	28.69	27.55	84.0	26.99	27.55	98.5
9/06/2018 9:11:55 PM	3611387515	1013.00	26.13	27.54	107.0	30.06	27.54	74.3	28.69	27.54	84.1	26.98	27.54	98.6
9/06/2018 9:11:56 PM	3611387516	1013.00	26.13	27.54	107.0	30.07	27.54	74.2	28.75	27.54	83.6	26.96	27.54	98.8
9/06/2018 9:11:57 PM	3611387517	1013.00	26.08	27.53	107.6	30.09	27.53	74.1	28.75	27.53	83.6	27.00	27.53	98.4
9/06/2018 9:11:58 PM	3611387518	1013.00	26.10	27.53	107.4	30.08	27.53	74.1	28.76	27.53	83.5	26.98	27.53	98.6
9/06/2018 9:11:59 PM	3611387519	1013.00	26.14	27.53	106.9	30.07	27.53	74.2	28.76	27.53	83.5	27.02	27.53	98.2
9/06/2018 9:12:00 PM	3611387520	1013.00	26.14	27.52	107.0	30.07	27.52	74.2	28.77	27.52	83.5	27.00	27.52	98.4
9/06/2018 9:12:01 PM	3611387521	1013.00	26.08	27.53	107.6	30.08	27.53	74.1	28.74	27.53	83.7	27.01	27.53	98.3
9/06/2018 9:12:02 PM	3611387522	1013.00	26.10	27.53	107.4	30.10	27.53	74.0	28.76	27.53	83.5	27.01	27.53	98.3
9/06/2018 9:12:03 PM	3611387523	1013.00	26.13	27.53	107.0	30.11	27.53	73.9	28.85	27.53	82.8	27.03	27.53	98.1
9/06/2018 9:12:04 PM	3611387524	1013.00	26.07	27.53	107.7	30.10	27.53	74.0	28.82	27.53	83.1	27.02	27.53	98.2
9/06/2018 9:12:05 PM	3611387525	1013.00	26.14	27.54	106.9	30.12	27.54	73.9	28.81	27.54	83.1	27.04	27.54	98.0
9/06/2018 9:12:06 PM	3611387526	1013.00	26.13	27.53	107.0	30.14	27.53	73.7	28.80	27.53	83.2	27.04	27.53	98.1
9/06/2018 9:12:07 PM	3611387527	1013.00	26.11	27.53	107.2	30.17	27.53	73.5	28.80	27.53	83.2	27.02	27.53	98.2
9/06/2018 9:12:08 PM	3611387528	1013.00	26.05	27.53	107.9	30.17	27.53	73.5	28.82	27.53	83.1	27.04	27.53	98.1
9/06/2018 9:12:09 PM	3611387529	1013.00	26.09	27.53	107.5	30.19	27.53	73.4	28.84	27.53	82.9	27.05	27.53	98.0
9/06/2018 9:12:10 PM	3611387530	1013.00	26.11	27.53	107.2	30.19	27.53	73.4	28.89	27.53	82.5	27.07	27.53	97.8
9/06/2018 9:12:11 PM	3611387531	1013.00	26.16	27.54	106.7	30.20	27.54	73.3	28.84	27.54	82.9	27.04	27.54	98.0
9/06/2018 9:12:12 PM	3611387532	1013.00	26.12	27.53	107.1	30.24	27.53	73.1	28.89	27.53	82.5	27.08	27.53	97.7
9/06/2018 9:12:13 PM	3611387533	1013.00	26.11	27.53	107.2	30.22	27.53	73.2	28.89	27.53	82.5	27.08	27.53	97.7
9/06/2018 9:12:14 PM	3611387534	1013.00	26.06	27.53	107.8	30.26	27.53	73.0	28.93	27.53	82.2	27.09	27.53	97.6
9/06/2018 9:12:15 PM	3611387535	1013.00	26.12	27.52	107.2	30.22	27.52	73.2	28.84	27.52	82.9	27.10	27.52	97.5
9/06/2018 9:12:16 PM	3611387536	1013.00	26.15	27.52	106.9	30.23	27.52	73.2	28.87	27.52	82.7	27.10	27.52	97.5
9/06/2018 9:12:17 PM	3611387537	1013.00	26.09	27.52	107.5	30.26	27.52	73.0	28.91	27.52	82.4	27.13	27.52	97.2
9/06/2018 9:12:18 PM	3611387538	1013.00	26.11	27.53	107.2	30.24	27.53	73.1	28.95	27.53	82.1	27.13	27.53	97.2
9/06/2018 9:12:19 PM	3611387539	1013.00	26.05	27.53	107.9	30.26	27.53	73.0	28.90	27.53	82.5	27.16	27.53	96.9
9/06/2018 9:12:20 PM	3611387540	1013.00	26.15	27.53	106.8	30.23	27.53	73.2	28.91	27.53	82.4	27.14	27.53	97.1
9/06/2018 9:12:21 PM	3611387541	1013.00	26.07	27.53	107.7	30.32	27.53	72.6	28.93	27.53	82.2	27.14	27.53	97.1
9/06/2018 9:12:22 PM	3611387542	1013.00	26.12	27.54	107.1	30.36	27.54	72.3	28.91	27.54	82.4	27.17	27.54	96.8
9/06/2018 9:12:23 PM	3611387543	1013.00	26.13	27.53	107.0	30.41	27.53	72.0	28.92	27.53	82.3	27.17	27.53	96.9
9/06/2018 9:12:24 PM	3611387544	1013.00	26.09	27.54	107.4	30.42	27.54	71.9	28.94	27.54	82.2	27.18	27.54	96.7
9/06/2018 9:12:25 PM	3611387545	1013.00	26.13	27.53	107.0	30.45	27.53	71.7	28.91	27.53	82.4	27.18	27.53	96.8
9/06/2018 9:12:26 PM	3611387546	1013.00	26.08	27.53	107.6	30.46	27.53	71.7	28.92	27.53	82.3	27.18	27.53	96.8
9/06/2018 9:12:27 PM	3611387547	1013.00	26.09	27.53	107.5	30.49	27.53	71.5	28.93	27.53	82.2	27.21	27.53	96.5
9/06/2018 9:12:28 PM	3611387548	1013.00	26.04	27.54	108.0	30.48	27.54	71.5	28.91	27.54	82.4	27.20	27.54	96.6
9/06/2018 9:12:29 PM	3611387549	1013.00	26.11	27.53	107.2	30.49	27.53	71.5	28.99	27.53	81.8	27.21	27.53	96.5
9/06/2018 9:12:30 PM	3611387550	1013.00	26.08	27.53	107.6	30.49	27.53	71.5	29.05	27.53	81.4	27.23	27.53	96.3
9/06/2018 9:12:31 PM	3611387551	1013.00	26.12	27.53	107.1	30.53	27.53	71.2	29.07	27.53	81.2	27.24	27.53	96.2
9/06/2018 9:12:32 PM	3611387552	1013.00	26.10	27.53	107.4	30.53	27.53	71.2	29.00	27.53	81.7	27.25	27.53	96.1
9/06/2018 9:12:33 PM	3611387553	1013.00	26.08	27.53	107.6	30.52	27.53	71.3	28.98	27.53	81.9	27.25	27.53	96.1
9/06/2018 9:12:34 PM	3611387554	1013.00	26.14	27.53	106.9	30.51	27.53	71.4	29.03	27.53	81.5	27.25	27.53	96.1
9/06/2018 9:12:35 PM	3611387555	1013.00	26.15	27.52	106.9	30.53	27.52	71.2	29.02	27.52	81.6	27.26	27.52	96.0
9/06/2018 9:12:36 PM	3611387556	1013.00	26.11	27.52	107.3	30.53	27.52	71.2	29.05	27.52	81.4	27.26	27.52	96.0
9/06/2018 9:12:37 PM	3611387557	1013.00	26.13	27.52	107.1	30.56	27.52	71.0	29.01	27.52	81.7	27.27	27.52	96.0
9/06/2018 9:12:38 PM	3611387558	1013.00	26.09	27.52	107.5	30.54	27.52	71.2	29.08	27.52	81.1	27.25	27.52	96.1
9/06/2018 9:12:39 PM	3611387559	1013.00	26.13	27.51	107.1	30.56	27.51	71.1	29.08	27.51	81.2	27.27	27.51	96.0
9/06/2018 9:12:40 PM	3611387560	1013.00	26.09	27.51	107.5	30.58	27.51	70.9	29.11	27.51	80.9	27.28	27.51	95.9
9/06/2018 9:12:41 PM	3611387561	1013.00	26.05	27.51	107.9	30.57	27.51	71.0	29.01	27.51	81.7	27.30	27.51	95.7
9/06/2018 9:12:42 PM	3611387562	1013.00	26.10	27.51	107.4	30.62	27.51	70.7	29.11	27.51	80.9	27.29	27.51	95.8
9/06/2018 9:12:43 PM	3611387563	1013.00	26.13	27.51	107.1	30.62	27.51	70.7	29.07	27.51	81.2	27.30	27.51	95.7
9/06/2018 9:12:44 PM	3611387564	1013.00	26.09	27.51	107.5	30.65	27.51	70.5	29.14	27.51	80.7	27.30	27.51	95.7
9/06/2018 9:12:45 PM	3611387565	1013.00	26.11	27.51	107.3	30.67	27.51	70.4	29.10	27.51	81.0	27.31	27.51	95.6
9/06/2018 9:12:46 PM	3611387566	1013.00	26.16	27.51	106.8	30.69	27.51	70.2	29.18	27.51	80.4	27.29	27.51	95.8
9/06/2018 9:12:47 PM	3611387567	1013.00	26.13	27.51	107.1	30.68	27.51	70.3	29.16	27.51	80.6	27.31	27.51	95.6
9/06/2018 9:12:48 PM	3611387568	1013.00	26.07	27.51	107.7	30.68	27.51	70.3	29.25	27.51	79.9	27.32	27.51	95.5
9/06/2018 9:12:49 PM	3611387569	1013.00	26.16	27.50	106.8	30.70	27.50	70.2	29.29	27.50	79.6	27.31	27.50	95.6
9/06/2018 9:12:50 PM	3611387570	1013.00	26.14	27.50	107.0	30.68	27.50	70.3	29.32	27.50	79.4	27.32	27.50	95.5
9/06/2018 9:12:51 PM	3611387571	1013.00	26.13	27.50	107.1	30.74	27.50	69.9	29.29	27.50	79.6	27.33	27.50	95.4
9/06/2018 9:12:52 PM	3611387572	1013.00	26.12	27.50	107.2	30.70	27.50	70.2	29.31	27.50	79.5	27.32	27.50	95.5
9/06/2018 9:12:53 PM	3611387573	1013.00	26.14	27.50	107.0	30.71	27.50	70.1	29.38	27.50	79.0	27.31	27.50	95.6
9/06/2018 9:12:54 PM	3611387574	1013.00	26.10	27.51	107.4	30.73	27.51	70.0	29.32	27.51	79.4	27.33	27.51	95.4
9/06/2018 9:12:55 PM	3611387575	1013.00	26.09	27.51	107.5	30.75	27.51	69.9	29.31	27.51	79.5	27.32	27.51	95.5
9/06/2018 9:12:56 PM	3611387576	1013.00	26.12	27.51	107.2	30.76	27.51	69.8	29.32	27.51	79.4	27.34	27.51	95.3
9/06/2018 9:12:57 PM	3611387577	1013.00	26.10	27.51	107.4	30.75	27.51	69.9	29.38	27.51	79.0	27.33	27.51	95.4
9/06/2018 9:12:58 PM	3611387578	1013.00	26.09	27.51	107.5	30.76	27.51	69.8	29.30	27.51	79.6	27.32	27.51	95.5
9/06/2018 9:12:59 PM	3611387579	1013.00	26.23	27.51	106.0	30.75	27.51	69.9	29.39	27.51	78.9	27.34	27.51	95.3
9/06/2018 9:13:00 PM	3611387580	1013.00	26.13	27.51	107.1	30.80	27.51	69.6	29.35	27.51	79.2	27.35	27.51	95.2
9/06/2018 9:13:01 PM	3611387581	1013.00	26.17	27.51	106.7	30.80	27.51	69.6	29.33	27.51	79.3	27.34	27.51	95.3
9/06/2018 9:13:02 PM	3611387582	1013.00	26.09	27.51	107.5	30.82	27.51	69.4	29.33	27.51	79.3	27.37	27.51	95.1
9/06/2018 9:13:03 PM	3611387583	1013.00	26.11	27.51	107.3	30.86	27.51	69.2	29.37	27.51	79.0	27.37	27.51	95.1
9/06/2018 9:13:04 PM	3611387584	1013.00	26.11	27.51	107.3	30.90	27.51	69.0	29.46	27.51	78.4	27.35	27.51	95.2
9/06/2018 9:13:05 PM	3611387585	1013.00	26.12	27.51	107.2	30.89	27.51	69.0	29.38	27.51	79.0	27.33	27.51	95.4
9/06/2018 9:13:06 PM	3611387586	1013.00	26.17	27.52	106.6	30.89	27.52	69.0	29.33	27.52	79.3	27.36	27.52	95.1
9/06/2018 9:13:07 PM	3611387587	1013.00	26.12	27.51	107.2	30.95	27.51	68.6	29.43	27.51	78.6	27.35	27.51	95.2
9/06/2018 9:13:08 PM	3611387588	1013.00	26.09	27.51	107.5	30.96	27.51	68.6	29.37	27.51	79.0	27.37	27.51	95.1
9/06/2018 9:13:09 PM	3611387589	1013.00	26.12	27.51	107.2	30.97	27.51	68.5	29.43	27.51	78.6	27.37	27.51	95.1
9/06/2018 9:13:10 PM	3611387590	1013.00	26.13	27.50	107.1	30.99	27.50	68.4	29.44	27.50	78.6	27.36	27.50	95.2
9/06/2018 9:13:11 PM	3611387591	1013.00	26.10	27.50	107.4	30.94	27.50	68.7	29.42	27.50	78.7	27.35	27.50	95.3
9/06/2018 9:13:12 PM	3611387592	1013.00	26.13	27.50	107.1	30.96	27.50	68.6	29.50	27.50	78.1	27.37	27.50	95.1
9/06/2018 9:13:13 PM	3611387593	1013.00	26.14	27.50	107.0	30.99	27.50	68.4	29.46	27.50	78.4	27.37	27.50	95.1
9/06/2018 9:13:14 PM	3611387594	1013.00	26.11	27.50	107.3	30.96	27.50	68.6	29.46	27.50	78.4	27.36	27.50	95.2
9/06/2018 9:13:15 PM	3611387595	1013.00	26.14	27.50	107.0	30.99	27.50	68.4	29.46	27.50	78.4	27.37	27.50	95.1
9/06/2018 9:13:16 PM	3611387596	1013.00	26.13	27.50	107.1	30.98	27.50	68.5	29.52	27.50	78.0	27.39	27.50	94.9
9/06/2018 9:13:17 PM	3611387597	1013.00	26.12	27.50	107.2	30.95	27.50	68.7	29.52	27.50	78.0	27.37	27.50	95.1
9/06/2018 9:13:18 PM	3611387598	1013.00	26.11	27.50	107.3	30.96	27.50	68.6	29.49	27.50	78.2	27.39	27.50	94.9
9/06/2018 9:13:19 PM	3611387599	1013.00	26.08	27.50	107.6	30.98	27.50	68.5	29.48	27.50	78.3	27.40	27.50	94.8
9/06/2018 9:13:20 PM	3611387600	1013.00	26.15	27.50	106.9	30.98	27.50	68.5	29.55	27.50	77.8	27.39	27.50	94.9
9/06/2018 9:13:21 PM	3611387601	1013.00	26.13	27.50	107.1	31.04	27.50	68.1	29.46	27.50	78.4	27.39	27.50	94.9
9/06/2018 9:13:22 PM	3611387602	1013.00	26.14	27.50	107.0	31.04	27.50	68.1	29.51	27.50	78.1	27.40	27.50	94.8
9/06/2018 9:13:23 PM	3611387603	1013.00	26.12	27.49	107.2	31.04	27.49	68.1	29.48	27.49	78.3	27.38	27.49	95.0
9/06/2018 9:13:24 PM	3611387604	1013.00	26.10	27.49	107.4	31.07	27.49	67.9	29.53	27.49	77.9	27.40	27.49	94.8
9/06/2018 9:13:25 PM	3611387605	1013.00	26.15	27.49	106.9	31.04	27.49	68.1	29.58	27.49	77.6	27.41	27.49	94.7
9/06/2018 9:13:26 PM	3611387606	1013.00	26.10	27.49	107.4	31.07	27.49	67.9	29.45	27.49	78.5	27.40	27.49	94.8
9/06/2018 9:13:27 PM	3611387607	1013.00	26.07	27.49	107.7	31.10	27.49	67.8	29.52	27.49	78.0	27.40	27.49	94.8
9/06/2018 9:13:28 PM	3611387608	1013.00	26.04	27.50	108.0	31.09	27.50	67.8	29.53	27.50	77.9	27.44	27.50	94.5
