Date & time of file creation	10/06/2018 9:38 PM													
Data file path	C:\Users\ameli\Desktop\Luke Strasiotto\10062018\Old_7.txt													
														
														
CALIBRATION DATA														
Parameter/Channel	N moving average	LO phase [r.U.]	HI phase [r.U.]	LO oxygen [%air saturation]	HI oxygen [%air saturation]	LO temperature [°C]	HI temperature [°C]	Salinity [‰]						
SDWD0003000199      , CH 1	1	60.06	28.45	0.00	100.00	18.60	18.60	0.000						
SDWD0003000199      , CH 2	1	60.06	28.45	0.00	100.00	18.60	18.60	0.000						
SDWD0003000199      , CH 3	1	60.06	28.45	0.00	100.00	18.60	18.60	0.000						
SDWD0003000199      , CH 4	1	60.06	28.45	0.00	100.00	18.60	18.60	0.000						
														
														
Date &Time [DD-MM-YYYY HH:MM:SS]	Time stamp code	Barometric pressure [hPa]	SDWD0003000199      , CH 1 phase [r.U.]	SDWD0003000199      , CH 1 temp [°C]	SDWD0003000199      , CH 1 O2 [% air saturation]	SDWD0003000199      , CH 2 phase [r.U.]	SDWD0003000199      , CH 2 temp [°C]	SDWD0003000199      , CH 2 O2 [% air saturation]	SDWD0003000199      , CH 3 phase [r.U.]	SDWD0003000199      , CH 3 temp [°C]	SDWD0003000199      , CH 3 O2 [% air saturation]	SDWD0003000199      , CH 4 phase [r.U.]	SDWD0003000199      , CH 4 temp [°C]	SDWD0003000199      , CH 4 O2 [% air saturation]
10/06/2018 9:39:07 PM	3611475547	1013.00	29.35	18.60	92.1	29.06	18.60	94.6	28.81	18.60	96.8	28.75	18.60	97.3
10/06/2018 9:39:08 PM	3611475548	1013.00	29.33	18.60	92.3	29.07	18.60	94.5	28.83	18.60	96.6	28.76	18.60	97.2
10/06/2018 9:39:09 PM	3611475549	1013.00	29.36	18.61	92.0	29.10	18.61	94.2	28.80	18.61	96.8	28.74	18.61	97.4
10/06/2018 9:39:10 PM	3611475550	1013.00	29.32	18.61	92.4	29.07	18.61	94.5	28.84	18.61	96.5	28.75	18.61	97.3
10/06/2018 9:39:11 PM	3611475551	1013.00	29.31	18.60	92.5	29.09	18.60	94.3	28.78	18.60	97.0	28.73	18.60	97.5
10/06/2018 9:39:12 PM	3611475552	1013.00	29.36	18.61	92.0	29.10	18.61	94.2	28.80	18.61	96.8	28.72	18.61	97.5
10/06/2018 9:39:13 PM	3611475553	1013.00	29.34	18.60	92.2	29.07	18.60	94.5	28.87	18.60	96.2	28.71	18.60	97.6
10/06/2018 9:39:14 PM	3611475554	1013.00	29.34	18.60	92.2	29.07	18.60	94.5	28.82	18.60	96.7	28.74	18.60	97.4
10/06/2018 9:39:15 PM	3611475555	1013.00	29.34	18.60	92.2	29.04	18.60	94.7	28.78	18.60	97.0	28.72	18.60	97.6
10/06/2018 9:39:16 PM	3611475556	1013.00	29.34	18.60	92.2	29.09	18.60	94.3	28.82	18.60	96.7	28.73	18.60	97.5
10/06/2018 9:39:17 PM	3611475557	1013.00	29.34	18.60	92.2	29.08	18.60	94.4	28.82	18.60	96.7	28.71	18.60	97.6
10/06/2018 9:39:18 PM	3611475558	1013.00	29.35	18.61	92.1	29.07	18.61	94.5	28.82	18.61	96.6	28.72	18.61	97.5
10/06/2018 9:39:19 PM	3611475559	1013.00	29.34	18.60	92.2	29.09	18.60	94.3	28.80	18.60	96.8	28.75	18.60	97.3
10/06/2018 9:39:20 PM	3611475560	1013.00	29.34	18.61	92.2	29.08	18.61	94.4	28.85	18.61	96.4	28.71	18.61	97.6
10/06/2018 9:39:21 PM	3611475561	1013.00	29.34	18.62	92.2	29.08	18.62	94.4	28.81	18.62	96.7	28.73	18.62	97.4
10/06/2018 9:39:22 PM	3611475562	1013.00	29.35	18.62	92.1	29.08	18.62	94.4	28.81	18.62	96.7	28.77	18.62	97.1
10/06/2018 9:39:23 PM	3611475563	1013.00	29.34	18.62	92.2	29.05	18.62	94.6	28.80	18.62	96.8	28.72	18.62	97.5
10/06/2018 9:39:24 PM	3611475564	1013.00	29.37	18.62	91.9	29.08	18.62	94.4	28.80	18.62	96.8	28.73	18.62	97.4
10/06/2018 9:39:25 PM	3611475565	1013.00	29.33	18.61	92.3	29.08	18.61	94.4	28.84	18.61	96.5	28.79	18.61	96.9
10/06/2018 9:39:26 PM	3611475566	1013.00	29.33	18.61	92.3	29.08	18.61	94.4	28.80	18.61	96.8	28.76	18.61	97.2
10/06/2018 9:39:27 PM	3611475567	1013.00	29.35	18.61	92.1	29.06	18.61	94.6	28.84	18.61	96.5	28.73	18.61	97.4
10/06/2018 9:39:28 PM	3611475568	1013.00	29.34	18.60	92.2	29.10	18.60	94.2	28.84	18.60	96.5	28.74	18.60	97.4
10/06/2018 9:39:29 PM	3611475569	1013.00	29.33	18.60	92.3	29.06	18.60	94.6	28.80	18.60	96.8	28.73	18.60	97.5
10/06/2018 9:39:30 PM	3611475570	1013.00	29.33	18.60	92.3	29.09	18.60	94.3	28.87	18.60	96.2	28.73	18.60	97.5
10/06/2018 9:39:31 PM	3611475571	1013.00	29.34	18.61	92.2	29.09	18.61	94.3	28.82	18.61	96.6	28.76	18.61	97.2
10/06/2018 9:39:32 PM	3611475572	1013.00	29.36	18.61	92.0	29.07	18.61	94.5	28.81	18.61	96.7	28.68	18.61	97.9
10/06/2018 9:39:33 PM	3611475573	1013.00	29.32	18.61	92.4	29.06	18.61	94.6	28.82	18.61	96.6	28.72	18.61	97.5
10/06/2018 9:39:34 PM	3611475574	1013.00	29.36	18.61	92.0	29.08	18.61	94.4	28.80	18.61	96.8	28.74	18.61	97.4
10/06/2018 9:39:35 PM	3611475575	1013.00	29.31	18.61	92.4	29.08	18.61	94.4	28.82	18.61	96.6	28.77	18.61	97.1
10/06/2018 9:39:36 PM	3611475576	1013.00	29.31	18.61	92.4	29.06	18.61	94.6	28.81	18.61	96.7	28.75	18.61	97.3
10/06/2018 9:39:37 PM	3611475577	1013.00	29.31	18.61	92.4	29.08	18.61	94.4	28.81	18.61	96.7	28.75	18.61	97.3
10/06/2018 9:39:38 PM	3611475578	1013.00	29.31	18.61	92.4	29.06	18.61	94.6	28.81	18.61	96.7	28.74	18.61	97.4
10/06/2018 9:39:39 PM	3611475579	1013.00	29.33	18.61	92.3	29.07	18.61	94.5	28.79	18.61	96.9	28.73	18.61	97.4
10/06/2018 9:39:40 PM	3611475580	1013.00	29.34	18.61	92.2	29.06	18.61	94.6	28.83	18.61	96.6	28.75	18.61	97.3
10/06/2018 9:39:41 PM	3611475581	1013.00	29.36	18.61	92.0	29.08	18.61	94.4	28.82	18.61	96.6	28.73	18.61	97.4
10/06/2018 9:39:42 PM	3611475582	1013.00	29.33	18.61	92.3	29.08	18.61	94.4	28.81	18.61	96.7	28.75	18.61	97.3
10/06/2018 9:39:43 PM	3611475583	1013.00	29.32	18.61	92.4	29.07	18.61	94.5	28.80	18.61	96.8	28.72	18.61	97.5
10/06/2018 9:39:44 PM	3611475584	1013.00	29.32	18.61	92.4	29.06	18.61	94.6	28.81	18.61	96.7	28.72	18.61	97.5
10/06/2018 9:39:45 PM	3611475585	1013.00	29.32	18.61	92.4	29.09	18.61	94.3	28.81	18.61	96.7	28.72	18.61	97.5
10/06/2018 9:39:46 PM	3611475586	1013.00	29.36	18.61	92.0	29.08	18.61	94.4	28.82	18.61	96.6	28.71	18.61	97.6
10/06/2018 9:39:47 PM	3611475587	1013.00	29.31	18.62	92.4	29.10	18.62	94.2	28.80	18.62	96.8	28.75	18.62	97.3
10/06/2018 9:39:48 PM	3611475588	1013.00	29.33	18.62	92.3	29.09	18.62	94.3	28.83	18.62	96.5	28.71	18.62	97.6
10/06/2018 9:39:49 PM	3611475589	1013.00	29.32	18.62	92.3	29.09	18.62	94.3	28.79	18.62	96.9	28.72	18.62	97.5
10/06/2018 9:39:50 PM	3611475590	1013.00	29.32	18.62	92.3	29.08	18.62	94.4	28.82	18.62	96.6	28.74	18.62	97.3
10/06/2018 9:39:51 PM	3611475591	1013.00	29.33	18.62	92.3	29.08	18.62	94.4	28.83	18.62	96.5	28.77	18.62	97.1
10/06/2018 9:39:52 PM	3611475592	1013.00	29.31	18.61	92.4	29.06	18.61	94.6	28.84	18.61	96.5	28.74	18.61	97.4
10/06/2018 9:39:53 PM	3611475593	1013.00	29.33	18.61	92.3	29.07	18.61	94.5	28.81	18.61	96.7	28.70	18.61	97.7
10/06/2018 9:39:54 PM	3611475594	1013.00	29.33	18.61	92.3	29.05	18.61	94.6	28.79	18.61	96.9	28.73	18.61	97.4
10/06/2018 9:39:55 PM	3611475595	1013.00	29.33	18.61	92.3	29.06	18.61	94.6	28.80	18.61	96.8	28.76	18.61	97.2
10/06/2018 9:39:56 PM	3611475596	1013.00	29.33	18.61	92.3	29.07	18.61	94.5	28.81	18.61	96.7	28.70	18.61	97.7
10/06/2018 9:39:57 PM	3611475597	1013.00	29.32	18.61	92.4	29.06	18.61	94.6	28.84	18.61	96.5	28.71	18.61	97.6
10/06/2018 9:39:58 PM	3611475598	1013.00	29.29	18.61	92.6	29.06	18.61	94.6	28.82	18.61	96.6	28.73	18.61	97.4
10/06/2018 9:39:59 PM	3611475599	1013.00	29.31	18.61	92.4	29.10	18.61	94.2	28.82	18.61	96.6	28.75	18.61	97.3
10/06/2018 9:40:00 PM	3611475600	1013.00	29.31	18.61	92.4	29.11	18.61	94.1	28.83	18.61	96.6	28.71	18.61	97.6
10/06/2018 9:40:01 PM	3611475601	1013.00	29.31	18.61	92.4	29.09	18.61	94.3	28.81	18.61	96.7	28.75	18.61	97.3
10/06/2018 9:40:02 PM	3611475602	1013.00	29.34	18.61	92.2	29.05	18.61	94.6	28.81	18.61	96.7	28.73	18.61	97.4
10/06/2018 9:40:03 PM	3611475603	1013.00	29.34	18.61	92.2	29.07	18.61	94.5	28.82	18.61	96.6	28.76	18.61	97.2
10/06/2018 9:40:04 PM	3611475604	1013.00	29.32	18.60	92.4	29.06	18.60	94.6	28.83	18.60	96.6	28.74	18.60	97.4
10/06/2018 9:40:05 PM	3611475605	1013.00	29.30	18.61	92.5	29.10	18.61	94.2	28.84	18.61	96.5	28.75	18.61	97.3
10/06/2018 9:40:06 PM	3611475606	1013.00	29.31	18.61	92.4	29.10	18.61	94.2	28.80	18.61	96.8	28.74	18.61	97.4
10/06/2018 9:40:07 PM	3611475607	1013.00	29.31	18.61	92.4	29.10	18.61	94.2	28.86	18.61	96.3	28.77	18.61	97.1
10/06/2018 9:40:08 PM	3611475608	1013.00	29.30	18.61	92.5	29.07	18.61	94.5	28.84	18.61	96.5	28.69	18.61	97.8
10/06/2018 9:40:09 PM	3611475609	1013.00	29.31	18.61	92.4	29.08	18.61	94.4	28.82	18.61	96.6	28.72	18.61	97.5
10/06/2018 9:40:10 PM	3611475610	1013.00	29.32	18.61	92.4	29.11	18.61	94.1	28.86	18.61	96.3	28.73	18.61	97.4
10/06/2018 9:40:11 PM	3611475611	1013.00	29.32	18.62	92.3	29.07	18.62	94.5	28.83	18.62	96.5	28.70	18.62	97.7
10/06/2018 9:40:12 PM	3611475612	1013.00	29.33	18.62	92.3	29.09	18.62	94.3	28.83	18.62	96.5	28.72	18.62	97.5
10/06/2018 9:40:13 PM	3611475613	1013.00	29.32	18.61	92.4	29.07	18.61	94.5	28.84	18.61	96.5	28.76	18.61	97.2
10/06/2018 9:40:14 PM	3611475614	1013.00	29.29	18.61	92.6	29.09	18.61	94.3	28.80	18.61	96.8	28.77	18.61	97.1
10/06/2018 9:40:15 PM	3611475615	1013.00	29.30	18.62	92.5	29.05	18.62	94.6	28.81	18.62	96.7	28.72	18.62	97.5
10/06/2018 9:40:16 PM	3611475616	1013.00	29.32	18.62	92.3	29.09	18.62	94.3	28.88	18.62	96.1	28.70	18.62	97.7
10/06/2018 9:40:17 PM	3611475617	1013.00	29.30	18.62	92.5	29.11	18.62	94.1	28.81	18.62	96.7	28.70	18.62	97.7
10/06/2018 9:40:18 PM	3611475618	1013.00	29.32	18.62	92.3	29.06	18.62	94.5	28.85	18.62	96.4	28.71	18.62	97.6
10/06/2018 9:40:19 PM	3611475619	1013.00	29.32	18.62	92.3	29.09	18.62	94.3	28.85	18.62	96.4	28.69	18.62	97.8
10/06/2018 9:40:20 PM	3611475620	1013.00	29.33	18.61	92.3	29.06	18.61	94.6	28.83	18.61	96.6	28.74	18.61	97.4
10/06/2018 9:40:21 PM	3611475621	1013.00	29.35	18.61	92.1	29.11	18.61	94.1	28.83	18.61	96.6	28.75	18.61	97.3
10/06/2018 9:40:22 PM	3611475622	1013.00	29.32	18.61	92.4	29.10	18.61	94.2	28.84	18.61	96.5	28.72	18.61	97.5
10/06/2018 9:40:23 PM	3611475623	1013.00	29.30	18.61	92.5	29.10	18.61	94.2	28.86	18.61	96.3	28.74	18.61	97.4
10/06/2018 9:40:24 PM	3611475624	1013.00	29.31	18.62	92.4	29.08	18.62	94.4	28.83	18.62	96.5	28.76	18.62	97.2
10/06/2018 9:40:25 PM	3611475625	1013.00	29.32	18.61	92.4	29.09	18.61	94.3	28.84	18.61	96.5	28.70	18.61	97.7
10/06/2018 9:40:26 PM	3611475626	1013.00	29.32	18.61	92.4	29.08	18.61	94.4	28.84	18.61	96.5	28.75	18.61	97.3
10/06/2018 9:40:27 PM	3611475627	1013.00	29.32	18.61	92.4	29.08	18.61	94.4	28.85	18.61	96.4	28.71	18.61	97.6
10/06/2018 9:40:28 PM	3611475628	1013.00	29.32	18.61	92.4	29.09	18.61	94.3	28.84	18.61	96.5	28.71	18.61	97.6
10/06/2018 9:40:29 PM	3611475629	1013.00	29.33	18.61	92.3	29.08	18.61	94.4	28.84	18.61	96.5	28.77	18.61	97.1
10/06/2018 9:40:30 PM	3611475630	1013.00	29.29	18.61	92.6	29.11	18.61	94.1	28.81	18.61	96.7	28.75	18.61	97.3
10/06/2018 9:40:31 PM	3611475631	1013.00	29.33	18.61	92.3	29.07	18.61	94.5	28.83	18.61	96.6	28.77	18.61	97.1
10/06/2018 9:40:32 PM	3611475632	1013.00	29.33	18.61	92.3	29.09	18.61	94.3	28.85	18.61	96.4	28.71	18.61	97.6
10/06/2018 9:40:33 PM	3611475633	1013.00	29.33	18.61	92.3	29.10	18.61	94.2	28.82	18.61	96.6	28.75	18.61	97.3
10/06/2018 9:40:34 PM	3611475634	1013.00	29.33	18.61	92.3	29.09	18.61	94.3	28.84	18.61	96.5	28.76	18.61	97.2
10/06/2018 9:40:35 PM	3611475635	1013.00	29.34	18.61	92.2	29.11	18.61	94.1	28.85	18.61	96.4	28.74	18.61	97.4
10/06/2018 9:40:36 PM	3611475636	1013.00	29.33	18.61	92.3	29.09	18.61	94.3	28.82	18.61	96.6	28.73	18.61	97.4
10/06/2018 9:40:37 PM	3611475637	1013.00	29.32	18.61	92.4	29.12	18.61	94.0	28.82	18.61	96.6	28.73	18.61	97.4
10/06/2018 9:40:38 PM	3611475638	1013.00	29.35	18.61	92.1	29.11	18.61	94.1	28.82	18.61	96.6	28.77	18.61	97.1
10/06/2018 9:40:39 PM	3611475639	1013.00	29.32	18.61	92.4	29.08	18.61	94.4	28.83	18.61	96.6	28.75	18.61	97.3
10/06/2018 9:40:40 PM	3611475640	1013.00	29.34	18.61	92.2	29.11	18.61	94.1	28.85	18.61	96.4	28.75	18.61	97.3
10/06/2018 9:40:41 PM	3611475641	1013.00	29.33	18.61	92.3	29.11	18.61	94.1	28.87	18.61	96.2	28.66	18.61	98.1
10/06/2018 9:40:42 PM	3611475642	1013.00	29.36	18.61	92.0	29.11	18.61	94.1	28.85	18.61	96.4	28.76	18.61	97.2
10/06/2018 9:40:43 PM	3611475643	1013.00	29.34	18.61	92.2	29.09	18.61	94.3	28.86	18.61	96.3	28.73	18.61	97.4
10/06/2018 9:40:44 PM	3611475644	1013.00	29.36	18.62	92.0	29.09	18.62	94.3	28.86	18.62	96.3	28.69	18.62	97.8
10/06/2018 9:40:45 PM	3611475645	1013.00	29.36	18.62	92.0	29.09	18.62	94.3	28.84	18.62	96.5	28.76	18.62	97.2
10/06/2018 9:40:46 PM	3611475646	1013.00	29.39	18.62	91.8	29.08	18.62	94.4	28.85	18.62	96.4	28.74	18.62	97.3
10/06/2018 9:40:47 PM	3611475647	1013.00	29.35	18.62	92.1	29.14	18.62	93.9	28.86	18.62	96.3	28.74	18.62	97.3
10/06/2018 9:40:48 PM	3611475648	1013.00	29.36	18.61	92.0	29.07	18.61	94.5	28.86	18.61	96.3	28.71	18.61	97.6
10/06/2018 9:40:49 PM	3611475649	1013.00	29.39	18.62	91.8	29.12	18.62	94.0	28.84	18.62	96.5	28.72	18.62	97.5
10/06/2018 9:40:50 PM	3611475650	1013.00	29.41	18.62	91.6	29.10	18.62	94.2	28.82	18.62	96.6	28.73	18.62	97.4
10/06/2018 9:40:51 PM	3611475651	1013.00	29.39	18.62	91.8	29.06	18.62	94.5	28.89	18.62	96.0	28.77	18.62	97.1
10/06/2018 9:40:52 PM	3611475652	1013.00	29.38	18.63	91.8	29.09	18.63	94.3	28.84	18.63	96.4	28.72	18.63	97.5
10/06/2018 9:40:53 PM	3611475653	1013.00	29.40	18.62	91.7	29.11	18.62	94.1	28.85	18.62	96.4	28.68	18.62	97.9
10/06/2018 9:40:54 PM	3611475654	1013.00	29.39	18.62	91.8	29.11	18.62	94.1	28.84	18.62	96.5	28.77	18.62	97.1
10/06/2018 9:40:55 PM	3611475655	1013.00	29.43	18.62	91.4	29.11	18.62	94.1	28.84	18.62	96.5	28.74	18.62	97.3
10/06/2018 9:40:56 PM	3611475656	1013.00	29.41	18.62	91.6	29.09	18.62	94.3	28.84	18.62	96.5	28.70	18.62	97.7
10/06/2018 9:40:57 PM	3611475657	1013.00	29.42	18.61	91.5	29.15	18.61	93.8	28.83	18.61	96.6	28.68	18.61	97.9
10/06/2018 9:40:58 PM	3611475658	1013.00	29.43	18.62	91.4	29.10	18.62	94.2	28.83	18.62	96.5	28.77	18.62	97.1
10/06/2018 9:40:59 PM	3611475659	1013.00	29.43	18.62	91.4	29.11	18.62	94.1	28.86	18.62	96.3	28.69	18.62	97.8
10/06/2018 9:41:00 PM	3611475660	1013.00	29.43	18.61	91.4	29.08	18.61	94.4	28.86	18.61	96.3	28.76	18.61	97.2
10/06/2018 9:41:01 PM	3611475661	1013.00	29.43	18.61	91.4	29.12	18.61	94.0	28.85	18.61	96.4	28.74	18.61	97.4
10/06/2018 9:41:02 PM	3611475662	1013.00	29.47	18.62	91.1	29.12	18.62	94.0	28.82	18.62	96.6	28.78	18.62	97.0
10/06/2018 9:41:03 PM	3611475663	1013.00	29.47	18.61	91.1	29.09	18.61	94.3	28.85	18.61	96.4	28.65	18.61	98.2
10/06/2018 9:41:04 PM	3611475664	1013.00	29.44	18.61	91.4	29.11	18.61	94.1	28.86	18.61	96.3	28.74	18.61	97.4
10/06/2018 9:41:05 PM	3611475665	1013.00	29.45	18.62	91.3	29.12	18.62	94.0	28.85	18.62	96.4	28.74	18.62	97.3
10/06/2018 9:41:06 PM	3611475666	1013.00	29.46	18.62	91.2	29.14	18.62	93.9	28.86	18.62	96.3	28.72	18.62	97.5
10/06/2018 9:41:07 PM	3611475667	1013.00	29.47	18.61	91.1	29.10	18.61	94.2	28.87	18.61	96.2	28.75	18.61	97.3
10/06/2018 9:41:08 PM	3611475668	1013.00	29.46	18.61	91.2	29.09	18.61	94.3	28.89	18.61	96.0	28.74	18.61	97.4
10/06/2018 9:41:09 PM	3611475669	1013.00	29.46	18.62	91.2	29.11	18.62	94.1	28.86	18.62	96.3	28.77	18.62	97.1
10/06/2018 9:41:10 PM	3611475670	1013.00	29.46	18.61	91.2	29.09	18.61	94.3	28.81	18.61	96.7	28.70	18.61	97.7
10/06/2018 9:41:11 PM	3611475671	1013.00	29.47	18.61	91.1	29.11	18.61	94.1	28.84	18.61	96.5	28.73	18.61	97.4
10/06/2018 9:41:12 PM	3611475672	1013.00	29.50	18.62	90.8	29.10	18.62	94.2	28.85	18.62	96.4	28.73	18.62	97.4
10/06/2018 9:41:13 PM	3611475673	1013.00	29.44	18.62	91.3	29.12	18.62	94.0	28.85	18.62	96.4	28.73	18.62	97.4
10/06/2018 9:41:14 PM	3611475674	1013.00	29.48	18.61	91.0	29.13	18.61	94.0	28.85	18.61	96.4	28.73	18.61	97.4
10/06/2018 9:41:15 PM	3611475675	1013.00	29.50	18.61	90.9	29.12	18.61	94.0	28.85	18.61	96.4	28.73	18.61	97.4
10/06/2018 9:41:16 PM	3611475676	1013.00	29.49	18.61	90.9	29.12	18.61	94.0	28.83	18.61	96.6	28.72	18.61	97.5
10/06/2018 9:41:17 PM	3611475677	1013.00	29.50	18.61	90.9	29.11	18.61	94.1	28.83	18.61	96.6	28.72	18.61	97.5
10/06/2018 9:41:18 PM	3611475678	1013.00	29.49	18.61	90.9	29.09	18.61	94.3	28.85	18.61	96.4	28.74	18.61	97.4
10/06/2018 9:41:19 PM	3611475679	1013.00	29.48	18.61	91.0	29.12	18.61	94.0	28.87	18.61	96.2	28.72	18.61	97.5
10/06/2018 9:41:20 PM	3611475680	1013.00	29.51	18.61	90.8	29.12	18.61	94.0	28.86	18.61	96.3	28.71	18.61	97.6
10/06/2018 9:41:21 PM	3611475681	1013.00	29.49	18.61	90.9	29.12	18.61	94.0	28.88	18.61	96.1	28.73	18.61	97.4
10/06/2018 9:41:22 PM	3611475682	1013.00	29.50	18.61	90.9	29.12	18.61	94.0	28.85	18.61	96.4	28.69	18.61	97.8
10/06/2018 9:41:23 PM	3611475683	1013.00	29.50	18.61	90.9	29.10	18.61	94.2	28.87	18.61	96.2	28.74	18.61	97.4
10/06/2018 9:41:24 PM	3611475684	1013.00	29.48	18.61	91.0	29.08	18.61	94.4	28.86	18.61	96.3	28.69	18.61	97.8
10/06/2018 9:41:25 PM	3611475685	1013.00	29.52	18.61	90.7	29.08	18.61	94.4	28.85	18.61	96.4	28.71	18.61	97.6
10/06/2018 9:41:26 PM	3611475686	1013.00	29.49	18.61	90.9	29.11	18.61	94.1	28.85	18.61	96.4	28.71	18.61	97.6
10/06/2018 9:41:27 PM	3611475687	1013.00	29.47	18.61	91.1	29.11	18.61	94.1	28.83	18.61	96.6	28.74	18.61	97.4
10/06/2018 9:41:28 PM	3611475688	1013.00	29.51	18.62	90.8	29.14	18.62	93.9	28.87	18.62	96.2	28.69	18.62	97.8
10/06/2018 9:41:29 PM	3611475689	1013.00	29.48	18.61	91.0	29.12	18.61	94.0	28.86	18.61	96.3	28.76	18.61	97.2
10/06/2018 9:41:30 PM	3611475690	1013.00	29.52	18.61	90.7	29.10	18.61	94.2	28.88	18.61	96.1	28.72	18.61	97.5
10/06/2018 9:41:31 PM	3611475691	1013.00	29.49	18.60	91.0	29.11	18.60	94.1	28.88	18.60	96.1	28.77	18.60	97.1
10/06/2018 9:41:32 PM	3611475692	1013.00	29.52	18.61	90.7	29.10	18.61	94.2	28.86	18.61	96.3	28.71	18.61	97.6
10/06/2018 9:41:33 PM	3611475693	1013.00	29.49	18.60	91.0	29.15	18.60	93.8	28.82	18.60	96.7	28.64	18.60	98.3
10/06/2018 9:41:34 PM	3611475694	1013.00	29.50	18.61	90.9	29.12	18.61	94.0	28.86	18.61	96.3	28.72	18.61	97.5
10/06/2018 9:41:35 PM	3611475695	1013.00	29.53	18.61	90.6	29.11	18.61	94.1	28.85	18.61	96.4	28.74	18.61	97.4
10/06/2018 9:41:36 PM	3611475696	1013.00	29.52	18.61	90.7	29.12	18.61	94.0	28.88	18.61	96.1	28.74	18.61	97.4
10/06/2018 9:41:37 PM	3611475697	1013.00	29.50	18.61	90.9	29.08	18.61	94.4	28.86	18.61	96.3	28.71	18.61	97.6
10/06/2018 9:41:38 PM	3611475698	1013.00	29.51	18.61	90.8	29.09	18.61	94.3	28.86	18.61	96.3	28.75	18.61	97.3
10/06/2018 9:41:39 PM	3611475699	1013.00	29.51	18.61	90.8	29.10	18.61	94.2	28.88	18.61	96.1	28.73	18.61	97.4
10/06/2018 9:41:40 PM	3611475700	1013.00	29.51	18.61	90.8	29.10	18.61	94.2	28.89	18.61	96.0	28.74	18.61	97.4
10/06/2018 9:41:41 PM	3611475701	1013.00	29.52	18.61	90.7	29.11	18.61	94.1	28.88	18.61	96.1	28.76	18.61	97.2
10/06/2018 9:41:42 PM	3611475702	1013.00	29.51	18.61	90.8	29.13	18.61	94.0	28.86	18.61	96.3	28.67	18.61	98.0
10/06/2018 9:41:43 PM	3611475703	1013.00	29.51	18.61	90.8	29.10	18.61	94.2	28.86	18.61	96.3	28.76	18.61	97.2
10/06/2018 9:41:44 PM	3611475704	1013.00	29.51	18.62	90.8	29.12	18.62	94.0	28.83	18.62	96.5	28.74	18.62	97.3
10/06/2018 9:41:45 PM	3611475705	1013.00	29.57	18.61	90.3	29.12	18.61	94.0	28.87	18.61	96.2	28.70	18.61	97.7
10/06/2018 9:41:46 PM	3611475706	1013.00	29.57	18.62	90.3	29.14	18.62	93.9	28.86	18.62	96.3	28.74	18.62	97.3
10/06/2018 9:41:47 PM	3611475707	1013.00	29.60	18.62	90.0	29.14	18.62	93.9	28.84	18.62	96.5	28.74	18.62	97.3
10/06/2018 9:41:48 PM	3611475708	1013.00	29.57	18.61	90.3	29.11	18.61	94.1	28.86	18.61	96.3	28.74	18.61	97.4
10/06/2018 9:41:49 PM	3611475709	1013.00	29.60	18.60	90.1	29.12	18.60	94.1	28.90	18.60	96.0	28.70	18.60	97.7
10/06/2018 9:41:50 PM	3611475710	1013.00	29.60	18.61	90.0	29.13	18.61	94.0	28.86	18.61	96.3	28.70	18.61	97.7
10/06/2018 9:41:51 PM	3611475711	1013.00	29.61	18.60	90.0	29.16	18.60	93.7	28.86	18.60	96.3	28.75	18.60	97.3
10/06/2018 9:41:52 PM	3611475712	1013.00	29.60	18.61	90.0	29.11	18.61	94.1	28.87	18.61	96.2	28.71	18.61	97.6
10/06/2018 9:41:53 PM	3611475713	1013.00	29.63	18.61	89.8	29.15	18.61	93.8	28.85	18.61	96.4	28.68	18.61	97.9
10/06/2018 9:41:54 PM	3611475714	1013.00	29.62	18.61	89.9	29.12	18.61	94.0	28.87	18.61	96.2	28.72	18.61	97.5
10/06/2018 9:41:55 PM	3611475715	1013.00	29.67	18.61	89.5	29.11	18.61	94.1	28.87	18.61	96.2	28.73	18.61	97.4
10/06/2018 9:41:56 PM	3611475716	1013.00	29.64	18.62	89.7	29.12	18.62	94.0	28.87	18.62	96.2	28.75	18.62	97.3
10/06/2018 9:41:57 PM	3611475717	1013.00	29.68	18.62	89.4	29.12	18.62	94.0	28.84	18.62	96.5	28.72	18.62	97.5
10/06/2018 9:41:58 PM	3611475718	1013.00	29.72	18.62	89.1	29.12	18.62	94.0	28.83	18.62	96.5	28.71	18.62	97.6
10/06/2018 9:41:59 PM	3611475719	1013.00	29.67	18.61	89.5	29.11	18.61	94.1	28.88	18.61	96.1	28.74	18.61	97.4
10/06/2018 9:42:00 PM	3611475720	1013.00	29.66	18.61	89.6	29.13	18.61	94.0	28.87	18.61	96.2	28.68	18.61	97.9
10/06/2018 9:42:01 PM	3611475721	1013.00	29.68	18.61	89.4	29.13	18.61	94.0	28.87	18.61	96.2	28.73	18.61	97.4
10/06/2018 9:42:02 PM	3611475722	1013.00	29.71	18.60	89.2	29.11	18.60	94.1	28.90	18.60	96.0	28.76	18.60	97.2
10/06/2018 9:42:03 PM	3611475723	1013.00	29.70	18.61	89.2	29.12	18.61	94.0	28.89	18.61	96.0	28.72	18.61	97.5
10/06/2018 9:42:04 PM	3611475724	1013.00	29.71	18.61	89.2	29.13	18.61	94.0	28.85	18.61	96.4	28.69	18.61	97.8
10/06/2018 9:42:05 PM	3611475725	1013.00	29.72	18.61	89.1	29.13	18.61	94.0	28.86	18.61	96.3	28.71	18.61	97.6
10/06/2018 9:42:06 PM	3611475726	1013.00	29.69	18.61	89.3	29.13	18.61	94.0	28.86	18.61	96.3	28.74	18.61	97.4
10/06/2018 9:42:07 PM	3611475727	1013.00	29.70	18.61	89.2	29.12	18.61	94.0	28.90	18.61	95.9	28.68	18.61	97.9
10/06/2018 9:42:08 PM	3611475728	1013.00	29.72	18.61	89.1	29.12	18.61	94.0	28.87	18.61	96.2	28.69	18.61	97.8
10/06/2018 9:42:09 PM	3611475729	1013.00	29.71	18.61	89.2	29.13	18.61	94.0	28.89	18.61	96.0	28.73	18.61	97.4
10/06/2018 9:42:10 PM	3611475730	1013.00	29.68	18.62	89.4	29.15	18.62	93.8	28.90	18.62	95.9	28.69	18.62	97.8
10/06/2018 9:42:11 PM	3611475731	1013.00	29.72	18.61	89.1	29.12	18.61	94.0	28.87	18.61	96.2	28.76	18.61	97.2
10/06/2018 9:42:12 PM	3611475732	1013.00	29.74	18.62	88.9	29.16	18.62	93.7	28.88	18.62	96.1	28.77	18.62	97.1
10/06/2018 9:42:13 PM	3611475733	1013.00	29.74	18.62	88.9	29.13	18.62	93.9	28.85	18.62	96.4	28.73	18.62	97.4
10/06/2018 9:42:14 PM	3611475734	1013.00	29.78	18.62	88.6	29.13	18.62	93.9	28.90	18.62	95.9	28.70	18.62	97.7
10/06/2018 9:42:15 PM	3611475735	1013.00	29.80	18.62	88.4	29.11	18.62	94.1	28.86	18.62	96.3	28.70	18.62	97.7
10/06/2018 9:42:16 PM	3611475736	1013.00	29.76	18.62	88.7	29.16	18.62	93.7	28.90	18.62	95.9	28.71	18.62	97.6
10/06/2018 9:42:17 PM	3611475737	1013.00	29.81	18.62	88.3	29.16	18.62	93.7	28.88	18.62	96.1	28.72	18.62	97.5
10/06/2018 9:42:18 PM	3611475738	1013.00	29.79	18.62	88.5	29.13	18.62	93.9	28.88	18.62	96.1	28.70	18.62	97.7
10/06/2018 9:42:19 PM	3611475739	1013.00	29.79	18.61	88.5	29.16	18.61	93.7	28.87	18.61	96.2	28.72	18.61	97.5
10/06/2018 9:42:20 PM	3611475740	1013.00	29.83	18.61	88.2	29.13	18.61	94.0	28.90	18.61	95.9	28.68	18.61	97.9
10/06/2018 9:42:21 PM	3611475741	1013.00	29.83	18.61	88.2	29.13	18.61	94.0	28.90	18.61	95.9	28.74	18.61	97.4
10/06/2018 9:42:22 PM	3611475742	1013.00	29.85	18.61	88.0	29.14	18.61	93.9	28.85	18.61	96.4	28.71	18.61	97.6
10/06/2018 9:42:23 PM	3611475743	1013.00	29.83	18.61	88.2	29.15	18.61	93.8	28.88	18.61	96.1	28.73	18.61	97.4
10/06/2018 9:42:24 PM	3611475744	1013.00	29.85	18.61	88.0	29.13	18.61	94.0	28.90	18.61	95.9	28.75	18.61	97.3
10/06/2018 9:42:25 PM	3611475745	1013.00	29.89	18.62	87.7	29.15	18.62	93.8	28.90	18.62	95.9	28.70	18.62	97.7
10/06/2018 9:42:26 PM	3611475746	1013.00	29.86	18.62	88.0	29.14	18.62	93.9	28.90	18.62	95.9	28.73	18.62	97.4
10/06/2018 9:42:27 PM	3611475747	1013.00	29.86	18.61	88.0	29.14	18.61	93.9	28.90	18.61	95.9	28.76	18.61	97.2
10/06/2018 9:42:28 PM	3611475748	1013.00	29.91	18.61	87.6	29.12	18.61	94.0	28.90	18.61	95.9	28.71	18.61	97.6
10/06/2018 9:42:29 PM	3611475749	1013.00	29.87	18.61	87.9	29.14	18.61	93.9	28.87	18.61	96.2	28.69	18.61	97.8
10/06/2018 9:42:30 PM	3611475750	1013.00	29.88	18.61	87.8	29.16	18.61	93.7	28.88	18.61	96.1	28.70	18.61	97.7
10/06/2018 9:42:31 PM	3611475751	1013.00	29.90	18.61	87.7	29.13	18.61	94.0	28.89	18.61	96.0	28.72	18.61	97.5
10/06/2018 9:42:32 PM	3611475752	1013.00	29.95	18.61	87.3	29.14	18.61	93.9	28.90	18.61	95.9	28.71	18.61	97.6
10/06/2018 9:42:33 PM	3611475753	1013.00	29.91	18.61	87.6	29.16	18.61	93.7	28.88	18.61	96.1	28.72	18.61	97.5
10/06/2018 9:42:34 PM	3611475754	1013.00	29.92	18.61	87.5	29.13	18.61	94.0	28.88	18.61	96.1	28.71	18.61	97.6
10/06/2018 9:42:35 PM	3611475755	1013.00	29.94	18.61	87.3	29.10	18.61	94.2	28.88	18.61	96.1	28.75	18.61	97.3
10/06/2018 9:42:36 PM	3611475756	1013.00	29.97	18.62	87.1	29.14	18.62	93.9	28.88	18.62	96.1	28.75	18.62	97.3
10/06/2018 9:42:37 PM	3611475757	1013.00	29.99	18.62	86.9	29.13	18.62	93.9	28.89	18.62	96.0	28.75	18.62	97.3
10/06/2018 9:42:38 PM	3611475758	1013.00	29.98	18.62	87.0	29.15	18.62	93.8	28.91	18.62	95.8	28.74	18.62	97.3
10/06/2018 9:42:39 PM	3611475759	1013.00	30.00	18.62	86.9	29.15	18.62	93.8	28.87	18.62	96.2	28.72	18.62	97.5
10/06/2018 9:42:40 PM	3611475760	1013.00	30.00	18.62	86.9	29.12	18.62	94.0	28.87	18.62	96.2	28.70	18.62	97.7
10/06/2018 9:42:41 PM	3611475761	1013.00	30.02	18.62	86.7	29.16	18.62	93.7	28.89	18.62	96.0	28.73	18.62	97.4
10/06/2018 9:42:42 PM	3611475762	1013.00	30.01	18.61	86.8	29.17	18.61	93.6	28.89	18.61	96.0	28.76	18.61	97.2
10/06/2018 9:42:43 PM	3611475763	1013.00	30.02	18.61	86.7	29.14	18.61	93.9	28.90	18.61	95.9	28.76	18.61	97.2
10/06/2018 9:42:44 PM	3611475764	1013.00	30.02	18.61	86.7	29.16	18.61	93.7	28.88	18.61	96.1	28.72	18.61	97.5
10/06/2018 9:42:45 PM	3611475765	1013.00	30.02	18.61	86.7	29.17	18.61	93.6	28.90	18.61	95.9	28.75	18.61	97.3
10/06/2018 9:42:46 PM	3611475766	1013.00	30.07	18.61	86.3	29.17	18.61	93.6	28.90	18.61	95.9	28.72	18.61	97.5
10/06/2018 9:42:47 PM	3611475767	1013.00	30.01	18.61	86.8	29.15	18.61	93.8	28.87	18.61	96.2	28.71	18.61	97.6
10/06/2018 9:42:48 PM	3611475768	1013.00	30.04	18.62	86.5	29.17	18.62	93.6	28.91	18.62	95.8	28.72	18.62	97.5
10/06/2018 9:42:49 PM	3611475769	1013.00	30.06	18.62	86.4	29.16	18.62	93.7	28.90	18.62	95.9	28.73	18.62	97.4
10/06/2018 9:42:50 PM	3611475770	1013.00	30.06	18.62	86.4	29.16	18.62	93.7	28.87	18.62	96.2	28.73	18.62	97.4
10/06/2018 9:42:51 PM	3611475771	1013.00	30.06	18.61	86.4	29.15	18.61	93.8	28.91	18.61	95.9	28.69	18.61	97.8
10/06/2018 9:42:52 PM	3611475772	1013.00	30.06	18.61	86.4	29.15	18.61	93.8	28.91	18.61	95.9	28.70	18.61	97.7
10/06/2018 9:42:53 PM	3611475773	1013.00	30.03	18.61	86.6	29.16	18.61	93.7	28.88	18.61	96.1	28.71	18.61	97.6
10/06/2018 9:42:54 PM	3611475774	1013.00	30.07	18.61	86.3	29.18	18.61	93.5	28.90	18.61	95.9	28.75	18.61	97.3
10/06/2018 9:42:55 PM	3611475775	1013.00	30.10	18.62	86.1	29.13	18.62	93.9	28.91	18.62	95.8	28.73	18.62	97.4
10/06/2018 9:42:56 PM	3611475776	1013.00	30.09	18.62	86.2	29.14	18.62	93.9	28.87	18.62	96.2	28.70	18.62	97.7
10/06/2018 9:42:57 PM	3611475777	1013.00	30.07	18.61	86.3	29.15	18.61	93.8	28.87	18.61	96.2	28.71	18.61	97.6
10/06/2018 9:42:58 PM	3611475778	1013.00	30.07	18.61	86.3	29.16	18.61	93.7	28.88	18.61	96.1	28.70	18.61	97.7
10/06/2018 9:42:59 PM	3611475779	1013.00	30.07	18.61	86.3	29.14	18.61	93.9	28.90	18.61	95.9	28.71	18.61	97.6
10/06/2018 9:43:00 PM	3611475780	1013.00	30.09	18.61	86.2	29.16	18.61	93.7	28.90	18.61	95.9	28.72	18.61	97.5
10/06/2018 9:43:01 PM	3611475781	1013.00	30.10	18.61	86.1	29.15	18.61	93.8	28.91	18.61	95.9	28.70	18.61	97.7
10/06/2018 9:43:02 PM	3611475782	1013.00	30.08	18.61	86.3	29.15	18.61	93.8	28.88	18.61	96.1	28.73	18.61	97.4
10/06/2018 9:43:03 PM	3611475783	1013.00	30.06	18.61	86.4	29.16	18.61	93.7	28.94	18.61	95.6	28.73	18.61	97.4
10/06/2018 9:43:04 PM	3611475784	1013.00	30.10	18.61	86.1	29.18	18.61	93.5	28.91	18.61	95.9	28.74	18.61	97.4
10/06/2018 9:43:05 PM	3611475785	1013.00	30.10	18.61	86.1	29.13	18.61	94.0	28.89	18.61	96.0	28.74	18.61	97.4
10/06/2018 9:43:06 PM	3611475786	1013.00	30.10	18.61	86.1	29.15	18.61	93.8	28.90	18.61	95.9	28.72	18.61	97.5
10/06/2018 9:43:07 PM	3611475787	1013.00	30.10	18.61	86.1	29.13	18.61	94.0	28.89	18.61	96.0	28.68	18.61	97.9
10/06/2018 9:43:08 PM	3611475788	1013.00	30.09	18.61	86.2	29.15	18.61	93.8	28.94	18.61	95.6	28.72	18.61	97.5
10/06/2018 9:43:09 PM	3611475789	1013.00	30.10	18.62	86.1	29.15	18.62	93.8	28.89	18.62	96.0	28.70	18.62	97.7
10/06/2018 9:43:10 PM	3611475790	1013.00	30.11	18.62	86.0	29.17	18.62	93.6	28.93	18.62	95.7	28.76	18.62	97.2
10/06/2018 9:43:11 PM	3611475791	1013.00	30.10	18.62	86.1	29.14	18.62	93.9	28.90	18.62	95.9	28.71	18.62	97.6
10/06/2018 9:43:12 PM	3611475792	1013.00	30.09	18.61	86.2	29.16	18.61	93.7	28.88	18.61	96.1	28.75	18.61	97.3
10/06/2018 9:43:13 PM	3611475793	1013.00	30.08	18.62	86.2	29.13	18.62	93.9	28.92	18.62	95.8	28.72	18.62	97.5
10/06/2018 9:43:14 PM	3611475794	1013.00	30.14	18.61	85.8	29.14	18.61	93.9	28.90	18.61	95.9	28.71	18.61	97.6
10/06/2018 9:43:15 PM	3611475795	1013.00	30.11	18.61	86.0	29.15	18.61	93.8	28.91	18.61	95.9	28.70	18.61	97.7
10/06/2018 9:43:16 PM	3611475796	1013.00	30.11	18.60	86.0	29.14	18.60	93.9	28.90	18.60	96.0	28.68	18.60	97.9
10/06/2018 9:43:17 PM	3611475797	1013.00	30.12	18.61	85.9	29.17	18.61	93.6	28.89	18.61	96.0	28.73	18.61	97.4
10/06/2018 9:43:18 PM	3611475798	1013.00	30.09	18.61	86.2	29.18	18.61	93.5	28.89	18.61	96.0	28.72	18.61	97.5
10/06/2018 9:43:19 PM	3611475799	1013.00	30.13	18.61	85.9	29.11	18.61	94.1	28.89	18.61	96.0	28.69	18.61	97.8
10/06/2018 9:43:20 PM	3611475800	1013.00	30.11	18.61	86.0	29.17	18.61	93.6	28.90	18.61	95.9	28.76	18.61	97.2
10/06/2018 9:43:21 PM	3611475801	1013.00	30.13	18.61	85.9	29.17	18.61	93.6	28.91	18.61	95.9	28.70	18.61	97.7
10/06/2018 9:43:22 PM	3611475802	1013.00	30.13	18.61	85.9	29.17	18.61	93.6	28.86	18.61	96.3	28.73	18.61	97.4
10/06/2018 9:43:23 PM	3611475803	1013.00	30.12	18.61	85.9	29.17	18.61	93.6	28.89	18.61	96.0	28.68	18.61	97.9
10/06/2018 9:43:24 PM	3611475804	1013.00	30.07	18.61	86.3	29.16	18.61	93.7	28.90	18.61	95.9	28.73	18.61	97.4
10/06/2018 9:43:25 PM	3611475805	1013.00	30.12	18.60	86.0	29.20	18.60	93.4	28.90	18.60	96.0	28.71	18.60	97.6
10/06/2018 9:43:26 PM	3611475806	1013.00	30.13	18.61	85.9	29.18	18.61	93.5	28.90	18.61	95.9	28.73	18.61	97.4
10/06/2018 9:43:27 PM	3611475807	1013.00	30.12	18.61	85.9	29.17	18.61	93.6	28.91	18.61	95.9	28.71	18.61	97.6
10/06/2018 9:43:28 PM	3611475808	1013.00	30.19	18.61	85.4	29.14	18.61	93.9	28.91	18.61	95.9	28.72	18.61	97.5
10/06/2018 9:43:29 PM	3611475809	1013.00	30.19	18.61	85.4	29.18	18.61	93.5	28.87	18.61	96.2	28.72	18.61	97.5
10/06/2018 9:43:30 PM	3611475810	1013.00	30.20	18.61	85.3	29.15	18.61	93.8	28.91	18.61	95.9	28.72	18.61	97.5
10/06/2018 9:43:31 PM	3611475811	1013.00	30.24	18.61	85.0	29.16	18.61	93.7	28.90	18.61	95.9	28.77	18.61	97.1
10/06/2018 9:43:32 PM	3611475812	1013.00	30.23	18.61	85.1	29.19	18.61	93.4	28.86	18.61	96.3	28.72	18.61	97.5
10/06/2018 9:43:33 PM	3611475813	1013.00	30.28	18.61	84.7	29.17	18.61	93.6	28.91	18.61	95.9	28.68	18.61	97.9
10/06/2018 9:43:34 PM	3611475814	1013.00	30.24	18.61	85.0	29.16	18.61	93.7	28.89	18.61	96.0	28.71	18.61	97.6
10/06/2018 9:43:35 PM	3611475815	1013.00	30.25	18.61	85.0	29.18	18.61	93.5	28.90	18.61	95.9	28.72	18.61	97.5
10/06/2018 9:43:36 PM	3611475816	1013.00	30.28	18.61	84.7	29.13	18.61	94.0	28.90	18.61	95.9	28.71	18.61	97.6
10/06/2018 9:43:37 PM	3611475817	1013.00	30.30	18.60	84.6	29.16	18.60	93.7	28.90	18.60	96.0	28.71	18.60	97.6
10/06/2018 9:43:38 PM	3611475818	1013.00	30.29	18.61	84.7	29.16	18.61	93.7	28.88	18.61	96.1	28.72	18.61	97.5
10/06/2018 9:43:39 PM	3611475819	1013.00	30.33	18.61	84.4	29.19	18.61	93.4	28.91	18.61	95.9	28.73	18.61	97.4
10/06/2018 9:43:40 PM	3611475820	1013.00	30.31	18.61	84.5	29.17	18.61	93.6	28.92	18.61	95.8	28.78	18.61	97.0
10/06/2018 9:43:41 PM	3611475821	1013.00	30.36	18.61	84.1	29.17	18.61	93.6	28.89	18.61	96.0	28.74	18.61	97.4
10/06/2018 9:43:42 PM	3611475822	1013.00	30.37	18.61	84.1	29.22	18.61	93.2	28.91	18.61	95.9	28.68	18.61	97.9
10/06/2018 9:43:43 PM	3611475823	1013.00	30.39	18.61	83.9	29.19	18.61	93.4	28.90	18.61	95.9	28.71	18.61	97.6
10/06/2018 9:43:44 PM	3611475824	1013.00	30.41	18.61	83.8	29.16	18.61	93.7	28.90	18.61	95.9	28.67	18.61	98.0
10/06/2018 9:43:45 PM	3611475825	1013.00	30.40	18.61	83.8	29.15	18.61	93.8	28.92	18.61	95.8	28.76	18.61	97.2
10/06/2018 9:43:46 PM	3611475826	1013.00	30.42	18.61	83.7	29.15	18.61	93.8	28.89	18.61	96.0	28.74	18.61	97.4
10/06/2018 9:43:47 PM	3611475827	1013.00	30.44	18.61	83.5	29.16	18.61	93.7	28.90	18.61	95.9	28.70	18.61	97.7
10/06/2018 9:43:48 PM	3611475828	1013.00	30.43	18.61	83.6	29.15	18.61	93.8	28.94	18.61	95.6	28.69	18.61	97.8
10/06/2018 9:43:49 PM	3611475829	1013.00	30.46	18.61	83.4	29.16	18.61	93.7	28.94	18.61	95.6	28.71	18.61	97.6
10/06/2018 9:43:50 PM	3611475830	1013.00	30.51	18.61	83.0	29.16	18.61	93.7	28.90	18.61	95.9	28.71	18.61	97.6
10/06/2018 9:43:51 PM	3611475831	1013.00	30.50	18.61	83.1	29.18	18.61	93.5	28.91	18.61	95.9	28.72	18.61	97.5
10/06/2018 9:43:52 PM	3611475832	1013.00	30.51	18.61	83.0	29.19	18.61	93.4	28.91	18.61	95.9	28.69	18.61	97.8
10/06/2018 9:43:53 PM	3611475833	1013.00	30.53	18.61	82.9	29.15	18.61	93.8	28.89	18.61	96.0	28.70	18.61	97.7
10/06/2018 9:43:54 PM	3611475834	1013.00	30.51	18.61	83.0	29.17	18.61	93.6	28.89	18.61	96.0	28.74	18.61	97.4
10/06/2018 9:43:55 PM	3611475835	1013.00	30.55	18.61	82.7	29.15	18.61	93.8	28.93	18.61	95.7	28.73	18.61	97.4
10/06/2018 9:43:56 PM	3611475836	1013.00	30.55	18.61	82.7	29.17	18.61	93.6	28.89	18.61	96.0	28.70	18.61	97.7
10/06/2018 9:43:57 PM	3611475837	1013.00	30.55	18.61	82.7	29.12	18.61	94.0	28.91	18.61	95.9	28.72	18.61	97.5
10/06/2018 9:43:58 PM	3611475838	1013.00	30.54	18.61	82.8	29.17	18.61	93.6	28.93	18.61	95.7	28.75	18.61	97.3
10/06/2018 9:43:59 PM	3611475839	1013.00	30.53	18.61	82.9	29.14	18.61	93.9	28.90	18.61	95.9	28.74	18.61	97.4
10/06/2018 9:44:00 PM	3611475840	1013.00	30.57	18.61	82.6	29.17	18.61	93.6	28.91	18.61	95.9	28.75	18.61	97.3
10/06/2018 9:44:01 PM	3611475841	1013.00	30.57	18.61	82.6	29.18	18.61	93.5	28.89	18.61	96.0	28.68	18.61	97.9
10/06/2018 9:44:02 PM	3611475842	1013.00	30.53	18.61	82.9	29.16	18.61	93.7	28.88	18.61	96.1	28.69	18.61	97.8
10/06/2018 9:44:03 PM	3611475843	1013.00	30.56	18.61	82.7	29.16	18.61	93.7	28.90	18.61	95.9	28.71	18.61	97.6
10/06/2018 9:44:04 PM	3611475844	1013.00	30.55	18.61	82.7	29.16	18.61	93.7	28.92	18.61	95.8	28.73	18.61	97.4
10/06/2018 9:44:05 PM	3611475845	1013.00	30.54	18.61	82.8	29.17	18.61	93.6	28.92	18.61	95.8	28.70	18.61	97.7
10/06/2018 9:44:06 PM	3611475846	1013.00	30.58	18.61	82.5	29.19	18.61	93.4	28.91	18.61	95.9	28.73	18.61	97.4
10/06/2018 9:44:07 PM	3611475847	1013.00	30.56	18.61	82.7	29.17	18.61	93.6	28.87	18.61	96.2	28.75	18.61	97.3
10/06/2018 9:44:08 PM	3611475848	1013.00	30.57	18.60	82.6	29.20	18.60	93.4	28.91	18.60	95.9	28.72	18.60	97.6
10/06/2018 9:44:09 PM	3611475849	1013.00	30.56	18.61	82.7	29.19	18.61	93.4	28.89	18.61	96.0	28.75	18.61	97.3
10/06/2018 9:44:10 PM	3611475850	1013.00	30.58	18.61	82.5	29.19	18.61	93.4	28.90	18.61	95.9	28.69	18.61	97.8
10/06/2018 9:44:11 PM	3611475851	1013.00	30.57	18.61	82.6	29.17	18.61	93.6	28.94	18.61	95.6	28.73	18.61	97.4
10/06/2018 9:44:12 PM	3611475852	1013.00	30.59	18.61	82.4	29.18	18.61	93.5	28.92	18.61	95.8	28.73	18.61	97.4
10/06/2018 9:44:13 PM	3611475853	1013.00	30.56	18.61	82.7	29.18	18.61	93.5	28.94	18.61	95.6	28.73	18.61	97.4
10/06/2018 9:44:14 PM	3611475854	1013.00	30.59	18.61	82.4	29.19	18.61	93.4	28.90	18.61	95.9	28.71	18.61	97.6
10/06/2018 9:44:15 PM	3611475855	1013.00	30.59	18.61	82.4	29.18	18.61	93.5	28.90	18.61	95.9	28.73	18.61	97.4
10/06/2018 9:44:16 PM	3611475856	1013.00	30.62	18.61	82.2	29.16	18.61	93.7	28.93	18.61	95.7	28.74	18.61	97.4
10/06/2018 9:44:17 PM	3611475857	1013.00	30.58	18.62	82.5	29.15	18.62	93.8	28.91	18.62	95.8	28.71	18.62	97.6
10/06/2018 9:44:18 PM	3611475858	1013.00	30.60	18.62	82.3	29.16	18.62	93.7	28.92	18.62	95.8	28.70	18.62	97.7
10/06/2018 9:44:19 PM	3611475859	1013.00	30.60	18.62	82.3	29.20	18.62	93.3	28.91	18.62	95.8	28.70	18.62	97.7
10/06/2018 9:44:20 PM	3611475860	1013.00	30.62	18.62	82.2	29.15	18.62	93.8	28.92	18.62	95.8	28.74	18.62	97.3
10/06/2018 9:44:21 PM	3611475861	1013.00	30.59	18.62	82.4	29.17	18.62	93.6	28.94	18.62	95.6	28.70	18.62	97.7
10/06/2018 9:44:22 PM	3611475862	1013.00	30.62	18.62	82.2	29.20	18.62	93.3	28.92	18.62	95.8	28.71	18.62	97.6
10/06/2018 9:44:23 PM	3611475863	1013.00	30.61	18.62	82.3	29.17	18.62	93.6	28.91	18.62	95.8	28.75	18.62	97.3
10/06/2018 9:44:24 PM	3611475864	1013.00	30.62	18.62	82.2	29.18	18.62	93.5	28.89	18.62	96.0	28.68	18.62	97.9
10/06/2018 9:44:25 PM	3611475865	1013.00	30.61	18.62	82.3	29.14	18.62	93.9	28.93	18.62	95.7	28.72	18.62	97.5
10/06/2018 9:44:26 PM	3611475866	1013.00	30.61	18.62	82.3	29.15	18.62	93.8	28.93	18.62	95.7	28.65	18.62	98.1
10/06/2018 9:44:27 PM	3611475867	1013.00	30.62	18.61	82.2	29.19	18.61	93.4	28.93	18.61	95.7	28.71	18.61	97.6
10/06/2018 9:44:28 PM	3611475868	1013.00	30.62	18.61	82.2	29.18	18.61	93.5	28.91	18.61	95.9	28.75	18.61	97.3
10/06/2018 9:44:29 PM	3611475869	1013.00	30.62	18.61	82.2	29.18	18.61	93.5	28.95	18.61	95.5	28.66	18.61	98.1
10/06/2018 9:44:30 PM	3611475870	1013.00	30.62	18.61	82.2	29.18	18.61	93.5	28.94	18.61	95.6	28.75	18.61	97.3
10/06/2018 9:44:31 PM	3611475871	1013.00	30.66	18.61	81.9	29.18	18.61	93.5	28.93	18.61	95.7	28.74	18.61	97.4
10/06/2018 9:44:32 PM	3611475872	1013.00	30.65	18.61	82.0	29.17	18.61	93.6	28.95	18.61	95.5	28.71	18.61	97.6
10/06/2018 9:44:33 PM	3611475873	1013.00	30.70	18.61	81.6	29.19	18.61	93.4	28.92	18.61	95.8	28.71	18.61	97.6
10/06/2018 9:44:34 PM	3611475874	1013.00	30.70	18.61	81.6	29.20	18.61	93.4	28.95	18.61	95.5	28.69	18.61	97.8
10/06/2018 9:44:35 PM	3611475875	1013.00	30.73	18.61	81.4	29.15	18.61	93.8	28.90	18.61	95.9	28.71	18.61	97.6
10/06/2018 9:44:36 PM	3611475876	1013.00	30.74	18.61	81.3	29.21	18.61	93.3	28.92	18.61	95.8	28.68	18.61	97.9
10/06/2018 9:44:37 PM	3611475877	1013.00	30.76	18.61	81.2	29.15	18.61	93.8	28.92	18.61	95.8	28.73	18.61	97.4
10/06/2018 9:44:38 PM	3611475878	1013.00	30.76	18.61	81.2	29.22	18.61	93.2	28.89	18.61	96.0	28.70	18.61	97.7
10/06/2018 9:44:39 PM	3611475879	1013.00	30.76	18.61	81.2	29.19	18.61	93.4	28.91	18.61	95.9	28.68	18.61	97.9
10/06/2018 9:44:40 PM	3611475880	1013.00	30.79	18.61	81.0	29.18	18.61	93.5	28.88	18.61	96.1	28.72	18.61	97.5
10/06/2018 9:44:41 PM	3611475881	1013.00	30.82	18.61	80.8	29.20	18.61	93.4	28.91	18.61	95.9	28.73	18.61	97.4
10/06/2018 9:44:42 PM	3611475882	1013.00	30.79	18.61	81.0	29.20	18.61	93.4	28.92	18.61	95.8	28.67	18.61	98.0
10/06/2018 9:44:43 PM	3611475883	1013.00	30.80	18.61	80.9	29.20	18.61	93.4	28.94	18.61	95.6	28.66	18.61	98.1
10/06/2018 9:44:44 PM	3611475884	1013.00	30.82	18.61	80.8	29.19	18.61	93.4	28.93	18.61	95.7	28.73	18.61	97.4
10/06/2018 9:44:45 PM	3611475885	1013.00	30.85	18.61	80.6	29.21	18.61	93.3	28.91	18.61	95.9	28.62	18.61	98.4
10/06/2018 9:44:46 PM	3611475886	1013.00	30.85	18.61	80.6	29.19	18.61	93.4	28.95	18.61	95.5	28.67	18.61	98.0
10/06/2018 9:44:47 PM	3611475887	1013.00	30.84	18.60	80.6	29.17	18.60	93.6	28.92	18.60	95.8	28.70	18.60	97.7
10/06/2018 9:44:48 PM	3611475888	1013.00	30.85	18.60	80.6	29.20	18.60	93.4	28.90	18.60	96.0	28.72	18.60	97.6
10/06/2018 9:44:49 PM	3611475889	1013.00	30.81	18.60	80.9	29.19	18.60	93.5	28.91	18.60	95.9	28.72	18.60	97.6
10/06/2018 9:44:50 PM	3611475890	1013.00	30.85	18.60	80.6	29.17	18.60	93.6	28.92	18.60	95.8	28.72	18.60	97.6
10/06/2018 9:44:51 PM	3611475891	1013.00	30.89	18.61	80.3	29.21	18.61	93.3	28.89	18.61	96.0	28.74	18.61	97.4
10/06/2018 9:44:52 PM	3611475892	1013.00	30.90	18.61	80.2	29.17	18.61	93.6	28.91	18.61	95.9	28.72	18.61	97.5
10/06/2018 9:44:53 PM	3611475893	1013.00	30.91	18.61	80.1	29.21	18.61	93.3	28.94	18.61	95.6	28.71	18.61	97.6
10/06/2018 9:44:54 PM	3611475894	1013.00	30.96	18.61	79.8	29.21	18.61	93.3	28.93	18.61	95.7	28.73	18.61	97.4
10/06/2018 9:44:55 PM	3611475895	1013.00	30.95	18.61	79.9	29.19	18.61	93.4	28.92	18.61	95.8	28.71	18.61	97.6
10/06/2018 9:44:56 PM	3611475896	1013.00	30.96	18.61	79.8	29.19	18.61	93.4	28.92	18.61	95.8	28.70	18.61	97.7
10/06/2018 9:44:57 PM	3611475897	1013.00	30.97	18.60	79.7	29.16	18.60	93.7	28.93	18.60	95.7	28.72	18.60	97.6
10/06/2018 9:44:58 PM	3611475898	1013.00	31.01	18.61	79.4	29.21	18.61	93.3	28.92	18.61	95.8	28.68	18.61	97.9
10/06/2018 9:44:59 PM	3611475899	1013.00	31.05	18.61	79.2	29.19	18.61	93.4	28.88	18.61	96.1	28.71	18.61	97.6
10/06/2018 9:45:00 PM	3611475900	1013.00	31.06	18.62	79.1	29.16	18.62	93.7	28.90	18.62	95.9	28.70	18.62	97.7
10/06/2018 9:45:01 PM	3611475901	1013.00	31.05	18.62	79.1	29.20	18.62	93.3	28.90	18.62	95.9	28.71	18.62	97.6
10/06/2018 9:45:02 PM	3611475902	1013.00	31.11	18.62	78.7	29.18	18.62	93.5	28.94	18.62	95.6	28.70	18.62	97.7
10/06/2018 9:45:03 PM	3611475903	1013.00	31.11	18.61	78.7	29.19	18.61	93.4	28.93	18.61	95.7	28.69	18.61	97.8
10/06/2018 9:45:04 PM	3611475904	1013.00	31.13	18.61	78.6	29.20	18.61	93.4	28.94	18.61	95.6	28.69	18.61	97.8
10/06/2018 9:45:05 PM	3611475905	1013.00	31.15	18.61	78.5	29.22	18.61	93.2	28.95	18.61	95.5	28.70	18.61	97.7
10/06/2018 9:45:06 PM	3611475906	1013.00	31.14	18.61	78.5	29.17	18.61	93.6	28.94	18.61	95.6	28.72	18.61	97.5
10/06/2018 9:45:07 PM	3611475907	1013.00	31.21	18.61	78.1	29.20	18.61	93.4	28.93	18.61	95.7	28.70	18.61	97.7
10/06/2018 9:45:08 PM	3611475908	1013.00	31.21	18.61	78.1	29.18	18.61	93.5	28.92	18.61	95.8	28.73	18.61	97.4
10/06/2018 9:45:09 PM	3611475909	1013.00	31.24	18.60	77.9	29.20	18.60	93.4	28.93	18.60	95.7	28.75	18.60	97.3
10/06/2018 9:45:10 PM	3611475910	1013.00	31.23	18.60	77.9	29.20	18.60	93.4	28.95	18.60	95.5	28.72	18.60	97.6
10/06/2018 9:45:11 PM	3611475911	1013.00	31.22	18.60	78.0	29.21	18.60	93.3	28.90	18.60	96.0	28.68	18.60	97.9
10/06/2018 9:45:12 PM	3611475912	1013.00	31.24	18.60	77.9	29.20	18.60	93.4	28.90	18.60	96.0	28.73	18.60	97.5
10/06/2018 9:45:13 PM	3611475913	1013.00	31.26	18.60	77.7	29.17	18.60	93.6	28.92	18.60	95.8	28.75	18.60	97.3
10/06/2018 9:45:14 PM	3611475914	1013.00	31.25	18.61	77.8	29.19	18.61	93.4	28.92	18.61	95.8	28.74	18.61	97.4
10/06/2018 9:45:15 PM	3611475915	1013.00	31.24	18.61	77.8	29.19	18.61	93.4	28.92	18.61	95.8	28.71	18.61	97.6
10/06/2018 9:45:16 PM	3611475916	1013.00	31.28	18.61	77.6	29.19	18.61	93.4	28.91	18.61	95.9	28.72	18.61	97.5
10/06/2018 9:45:17 PM	3611475917	1013.00	31.31	18.61	77.4	29.18	18.61	93.5	28.94	18.61	95.6	28.73	18.61	97.4
10/06/2018 9:45:18 PM	3611475918	1013.00	31.32	18.61	77.3	29.21	18.61	93.3	28.93	18.61	95.7	28.72	18.61	97.5
10/06/2018 9:45:19 PM	3611475919	1013.00	31.31	18.61	77.4	29.21	18.61	93.3	28.92	18.61	95.8	28.71	18.61	97.6
10/06/2018 9:45:20 PM	3611475920	1013.00	31.32	18.61	77.3	29.22	18.61	93.2	28.92	18.61	95.8	28.71	18.61	97.6
10/06/2018 9:45:21 PM	3611475921	1013.00	31.32	18.61	77.3	29.19	18.61	93.4	28.92	18.61	95.8	28.70	18.61	97.7
10/06/2018 9:45:22 PM	3611475922	1013.00	31.37	18.62	77.0	29.18	18.62	93.5	28.89	18.62	96.0	28.68	18.62	97.9
10/06/2018 9:45:23 PM	3611475923	1013.00	31.37	18.62	77.0	29.19	18.62	93.4	28.93	18.62	95.7	28.73	18.62	97.4
10/06/2018 9:45:24 PM	3611475924	1013.00	31.35	18.62	77.1	29.19	18.62	93.4	28.94	18.62	95.6	28.74	18.62	97.3
10/06/2018 9:45:25 PM	3611475925	1013.00	31.38	18.63	76.9	29.22	18.63	93.2	28.92	18.63	95.7	28.69	18.63	97.8
10/06/2018 9:45:26 PM	3611475926	1013.00	31.42	18.63	76.6	29.20	18.63	93.3	28.94	18.63	95.6	28.69	18.63	97.8
10/06/2018 9:45:27 PM	3611475927	1013.00	31.43	18.62	76.5	29.20	18.62	93.3	28.95	18.62	95.5	28.68	18.62	97.9
10/06/2018 9:45:28 PM	3611475928	1013.00	31.42	18.62	76.6	29.22	18.62	93.2	28.96	18.62	95.4	28.66	18.62	98.1
10/06/2018 9:45:29 PM	3611475929	1013.00	31.48	18.62	76.2	29.19	18.62	93.4	28.92	18.62	95.8	28.70	18.62	97.7
10/06/2018 9:45:30 PM	3611475930	1013.00	31.41	18.61	76.7	29.20	18.61	93.4	28.92	18.61	95.8	28.68	18.61	97.9
10/06/2018 9:45:31 PM	3611475931	1013.00	31.46	18.61	76.4	29.20	18.61	93.4	28.91	18.61	95.9	28.72	18.61	97.5
10/06/2018 9:45:32 PM	3611475932	1013.00	31.46	18.62	76.3	29.22	18.62	93.2	28.92	18.62	95.8	28.71	18.62	97.6
10/06/2018 9:45:33 PM	3611475933	1013.00	31.49	18.62	76.1	29.19	18.62	93.4	28.93	18.62	95.7	28.70	18.62	97.7
10/06/2018 9:45:34 PM	3611475934	1013.00	31.51	18.62	76.0	29.22	18.62	93.2	28.95	18.62	95.5	28.73	18.62	97.4
10/06/2018 9:45:35 PM	3611475935	1013.00	31.53	18.62	75.9	29.20	18.62	93.3	28.95	18.62	95.5	28.70	18.62	97.7
10/06/2018 9:45:36 PM	3611475936	1013.00	31.54	18.62	75.8	29.19	18.62	93.4	28.93	18.62	95.7	28.68	18.62	97.9
10/06/2018 9:45:37 PM	3611475937	1013.00	31.56	18.61	75.7	29.21	18.61	93.3	28.94	18.61	95.6	28.72	18.61	97.5
10/06/2018 9:45:38 PM	3611475938	1013.00	31.58	18.61	75.6	29.22	18.61	93.2	28.92	18.61	95.8	28.64	18.61	98.3
10/06/2018 9:45:39 PM	3611475939	1013.00	31.57	18.60	75.6	29.21	18.60	93.3	28.92	18.60	95.8	28.71	18.60	97.6
10/06/2018 9:45:40 PM	3611475940	1013.00	31.62	18.61	75.3	29.18	18.61	93.5	28.93	18.61	95.7	28.67	18.61	98.0
10/06/2018 9:45:41 PM	3611475941	1013.00	31.62	18.60	75.3	29.25	18.60	93.0	28.93	18.60	95.7	28.71	18.60	97.6
10/06/2018 9:45:42 PM	3611475942	1013.00	31.60	18.60	75.4	29.21	18.60	93.3	28.95	18.60	95.5	28.71	18.60	97.6
10/06/2018 9:45:43 PM	3611475943	1013.00	31.62	18.60	75.3	29.20	18.60	93.4	28.91	18.60	95.9	28.71	18.60	97.6
10/06/2018 9:45:44 PM	3611475944	1013.00	31.66	18.61	75.0	29.19	18.61	93.4	28.94	18.61	95.6	28.74	18.61	97.4
10/06/2018 9:45:45 PM	3611475945	1013.00	31.65	18.61	75.1	29.18	18.61	93.5	28.91	18.61	95.9	28.71	18.61	97.6
10/06/2018 9:45:46 PM	3611475946	1013.00	31.67	18.61	75.0	29.17	18.61	93.6	28.91	18.61	95.9	28.71	18.61	97.6
10/06/2018 9:45:47 PM	3611475947	1013.00	31.70	18.61	74.8	29.21	18.61	93.3	28.90	18.61	95.9	28.70	18.61	97.7
10/06/2018 9:45:48 PM	3611475948	1013.00	31.68	18.61	74.9	29.20	18.61	93.4	28.91	18.61	95.9	28.69	18.61	97.8
10/06/2018 9:45:49 PM	3611475949	1013.00	31.69	18.61	74.8	29.20	18.61	93.4	28.91	18.61	95.9	28.71	18.61	97.6
10/06/2018 9:45:50 PM	3611475950	1013.00	31.70	18.61	74.8	29.23	18.61	93.1	28.94	18.61	95.6	28.73	18.61	97.4
10/06/2018 9:45:51 PM	3611475951	1013.00	31.71	18.61	74.7	29.19	18.61	93.4	28.97	18.61	95.3	28.69	18.61	97.8
10/06/2018 9:45:52 PM	3611475952	1013.00	31.71	18.61	74.7	29.22	18.61	93.2	28.94	18.61	95.6	28.71	18.61	97.6
10/06/2018 9:45:53 PM	3611475953	1013.00	31.73	18.62	74.6	29.23	18.62	93.1	28.89	18.62	96.0	28.70	18.62	97.7
10/06/2018 9:45:54 PM	3611475954	1013.00	31.69	18.62	74.8	29.24	18.62	93.0	28.94	18.62	95.6	28.75	18.62	97.3
10/06/2018 9:45:55 PM	3611475955	1013.00	31.74	18.61	74.5	29.21	18.61	93.3	28.92	18.61	95.8	28.71	18.61	97.6
10/06/2018 9:45:56 PM	3611475956	1013.00	31.72	18.61	74.6	29.20	18.61	93.4	28.89	18.61	96.0	28.72	18.61	97.5
10/06/2018 9:45:57 PM	3611475957	1013.00	31.72	18.61	74.6	29.21	18.61	93.3	28.90	18.61	95.9	28.69	18.61	97.8
10/06/2018 9:45:58 PM	3611475958	1013.00	31.72	18.62	74.6	29.23	18.62	93.1	28.94	18.62	95.6	28.72	18.62	97.5
10/06/2018 9:45:59 PM	3611475959	1013.00	31.72	18.62	74.6	29.20	18.62	93.3	28.94	18.62	95.6	28.75	18.62	97.3
10/06/2018 9:46:00 PM	3611475960	1013.00	31.74	18.62	74.5	29.21	18.62	93.3	28.89	18.62	96.0	28.68	18.62	97.9
10/06/2018 9:46:01 PM	3611475961	1013.00	31.73	18.62	74.6	29.21	18.62	93.3	28.91	18.62	95.8	28.70	18.62	97.7
10/06/2018 9:46:02 PM	3611475962	1013.00	31.73	18.62	74.6	29.23	18.62	93.1	28.91	18.62	95.8	28.73	18.62	97.4
10/06/2018 9:46:03 PM	3611475963	1013.00	31.75	18.62	74.4	29.22	18.62	93.2	28.92	18.62	95.8	28.69	18.62	97.8
10/06/2018 9:46:04 PM	3611475964	1013.00	31.73	18.62	74.6	29.22	18.62	93.2	28.91	18.62	95.8	28.72	18.62	97.5
10/06/2018 9:46:05 PM	3611475965	1013.00	31.74	18.62	74.5	29.22	18.62	93.2	28.94	18.62	95.6	28.71	18.62	97.6
10/06/2018 9:46:06 PM	3611475966	1013.00	31.74	18.61	74.5	29.20	18.61	93.4	28.90	18.61	95.9	28.70	18.61	97.7
10/06/2018 9:46:07 PM	3611475967	1013.00	31.75	18.61	74.5	29.23	18.61	93.1	28.92	18.61	95.8	28.72	18.61	97.5
10/06/2018 9:46:08 PM	3611475968	1013.00	31.75	18.61	74.5	29.22	18.61	93.2	28.95	18.61	95.5	28.73	18.61	97.4
10/06/2018 9:46:09 PM	3611475969	1013.00	31.76	18.62	74.4	29.21	18.62	93.3	28.93	18.62	95.7	28.73	18.62	97.4
10/06/2018 9:46:10 PM	3611475970	1013.00	31.75	18.62	74.4	29.22	18.62	93.2	28.92	18.62	95.8	28.75	18.62	97.3
10/06/2018 9:46:11 PM	3611475971	1013.00	31.79	18.61	74.2	29.20	18.61	93.4	28.91	18.61	95.9	28.73	18.61	97.4
10/06/2018 9:46:12 PM	3611475972	1013.00	31.74	18.61	74.5	29.22	18.61	93.2	28.93	18.61	95.7	28.72	18.61	97.5
10/06/2018 9:46:13 PM	3611475973	1013.00	31.76	18.61	74.4	29.21	18.61	93.3	28.94	18.61	95.6	28.72	18.61	97.5
10/06/2018 9:46:14 PM	3611475974	1013.00	31.76	18.61	74.4	29.22	18.61	93.2	28.92	18.61	95.8	28.69	18.61	97.8
10/06/2018 9:46:15 PM	3611475975	1013.00	31.78	18.61	74.3	29.23	18.61	93.1	28.94	18.61	95.6	28.74	18.61	97.4
10/06/2018 9:46:16 PM	3611475976	1013.00	31.77	18.61	74.3	29.21	18.61	93.3	28.96	18.61	95.4	28.70	18.61	97.7
10/06/2018 9:46:17 PM	3611475977	1013.00	31.77	18.61	74.3	29.21	18.61	93.3	28.95	18.61	95.5	28.71	18.61	97.6
10/06/2018 9:46:18 PM	3611475978	1013.00	31.80	18.61	74.1	29.19	18.61	93.4	28.95	18.61	95.5	28.71	18.61	97.6
10/06/2018 9:46:19 PM	3611475979	1013.00	31.77	18.60	74.3	29.22	18.60	93.2	28.92	18.60	95.8	28.70	18.60	97.7
10/06/2018 9:46:20 PM	3611475980	1013.00	31.76	18.61	74.4	29.20	18.61	93.4	28.93	18.61	95.7	28.69	18.61	97.8
10/06/2018 9:46:21 PM	3611475981	1013.00	31.77	18.61	74.3	29.25	18.61	92.9	28.90	18.61	95.9	28.67	18.61	98.0
10/06/2018 9:46:22 PM	3611475982	1013.00	31.76	18.61	74.4	29.22	18.61	93.2	28.94	18.61	95.6	28.73	18.61	97.4
10/06/2018 9:46:23 PM	3611475983	1013.00	31.78	18.61	74.3	29.22	18.61	93.2	28.92	18.61	95.8	28.72	18.61	97.5
10/06/2018 9:46:24 PM	3611475984	1013.00	31.78	18.61	74.3	29.21	18.61	93.3	28.94	18.61	95.6	28.70	18.61	97.7
10/06/2018 9:46:25 PM	3611475985	1013.00	31.77	18.61	74.3	29.26	18.61	92.9	28.91	18.61	95.9	28.73	18.61	97.4
10/06/2018 9:46:26 PM	3611475986	1013.00	31.82	18.61	74.0	29.23	18.61	93.1	28.94	18.61	95.6	28.69	18.61	97.8
10/06/2018 9:46:27 PM	3611475987	1013.00	31.79	18.61	74.2	29.20	18.61	93.4	28.96	18.61	95.4	28.69	18.61	97.8
10/06/2018 9:46:28 PM	3611475988	1013.00	31.78	18.61	74.3	29.24	18.61	93.0	28.94	18.61	95.6	28.72	18.61	97.5
10/06/2018 9:46:29 PM	3611475989	1013.00	31.79	18.61	74.2	29.21	18.61	93.3	28.94	18.61	95.6	28.66	18.61	98.1
10/06/2018 9:46:30 PM	3611475990	1013.00	31.78	18.61	74.3	29.22	18.61	93.2	28.97	18.61	95.3	28.73	18.61	97.4
10/06/2018 9:46:31 PM	3611475991	1013.00	31.77	18.61	74.3	29.22	18.61	93.2	28.92	18.61	95.8	28.74	18.61	97.4
10/06/2018 9:46:32 PM	3611475992	1013.00	31.78	18.61	74.3	29.23	18.61	93.1	28.93	18.61	95.7	28.74	18.61	97.4
10/06/2018 9:46:33 PM	3611475993	1013.00	31.80	18.61	74.1	29.19	18.61	93.4	28.97	18.61	95.3	28.70	18.61	97.7
10/06/2018 9:46:34 PM	3611475994	1013.00	31.78	18.61	74.3	29.24	18.61	93.0	28.94	18.61	95.6	28.72	18.61	97.5
10/06/2018 9:46:35 PM	3611475995	1013.00	31.80	18.61	74.1	29.22	18.61	93.2	28.94	18.61	95.6	28.77	18.61	97.1
10/06/2018 9:46:36 PM	3611475996	1013.00	31.79	18.61	74.2	29.24	18.61	93.0	28.94	18.61	95.6	28.70	18.61	97.7
10/06/2018 9:46:37 PM	3611475997	1013.00	31.81	18.61	74.1	29.23	18.61	93.1	28.92	18.61	95.8	28.67	18.61	98.0
10/06/2018 9:46:38 PM	3611475998	1013.00	31.80	18.61	74.1	29.21	18.61	93.3	28.96	18.61	95.4	28.70	18.61	97.7
10/06/2018 9:46:39 PM	3611475999	1013.00	31.81	18.60	74.1	29.24	18.60	93.0	28.96	18.60	95.4	28.71	18.60	97.6
10/06/2018 9:46:40 PM	3611476000	1013.00	31.79	18.60	74.2	29.23	18.60	93.1	28.91	18.60	95.9	28.70	18.60	97.7
10/06/2018 9:46:41 PM	3611476001	1013.00	31.81	18.60	74.1	29.24	18.60	93.0	28.95	18.60	95.5	28.72	18.60	97.6
10/06/2018 9:46:42 PM	3611476002	1013.00	31.81	18.60	74.1	29.22	18.60	93.2	28.90	18.60	96.0	28.73	18.60	97.5
10/06/2018 9:46:43 PM	3611476003	1013.00	31.78	18.60	74.3	29.24	18.60	93.0	28.95	18.60	95.5	28.67	18.60	98.0
10/06/2018 9:46:44 PM	3611476004	1013.00	31.82	18.61	74.0	29.22	18.61	93.2	28.95	18.61	95.5	28.69	18.61	97.8
10/06/2018 9:46:45 PM	3611476005	1013.00	31.80	18.61	74.1	29.21	18.61	93.3	28.94	18.61	95.6	28.73	18.61	97.4
10/06/2018 9:46:46 PM	3611476006	1013.00	31.81	18.61	74.1	29.21	18.61	93.3	28.93	18.61	95.7	28.69	18.61	97.8
10/06/2018 9:46:47 PM	3611476007	1013.00	31.81	18.61	74.1	29.23	18.61	93.1	28.91	18.61	95.9	28.72	18.61	97.5
10/06/2018 9:46:48 PM	3611476008	1013.00	31.80	18.61	74.1	29.22	18.61	93.2	28.92	18.61	95.8	28.72	18.61	97.5
10/06/2018 9:46:49 PM	3611476009	1013.00	31.79	18.61	74.2	29.21	18.61	93.3	28.96	18.61	95.4	28.73	18.61	97.4
10/06/2018 9:46:50 PM	3611476010	1013.00	31.81	18.61	74.1	29.22	18.61	93.2	28.95	18.61	95.5	28.69	18.61	97.8
10/06/2018 9:46:51 PM	3611476011	1013.00	31.80	18.61	74.1	29.26	18.61	92.9	28.94	18.61	95.6	28.72	18.61	97.5
10/06/2018 9:46:52 PM	3611476012	1013.00	31.83	18.61	73.9	29.25	18.61	92.9	28.94	18.61	95.6	28.71	18.61	97.6
10/06/2018 9:46:53 PM	3611476013	1013.00	31.86	18.61	73.7	29.25	18.61	92.9	28.93	18.61	95.7	28.69	18.61	97.8
10/06/2018 9:46:54 PM	3611476014	1013.00	31.88	18.61	73.6	29.25	18.61	92.9	28.91	18.61	95.9	28.68	18.61	97.9
10/06/2018 9:46:55 PM	3611476015	1013.00	31.92	18.61	73.4	29.24	18.61	93.0	28.94	18.61	95.6	28.72	18.61	97.5
10/06/2018 9:46:56 PM	3611476016	1013.00	31.93	18.60	73.3	29.19	18.60	93.5	28.95	18.60	95.5	28.72	18.60	97.6
10/06/2018 9:46:57 PM	3611476017	1013.00	31.98	18.60	73.0	29.23	18.60	93.1	28.92	18.60	95.8	28.72	18.60	97.6
10/06/2018 9:46:58 PM	3611476018	1013.00	31.99	18.60	72.9	29.22	18.60	93.2	28.92	18.60	95.8	28.73	18.60	97.5
10/06/2018 9:46:59 PM	3611476019	1013.00	31.97	18.59	73.1	29.24	18.59	93.1	28.95	18.59	95.5	28.79	18.59	96.9
10/06/2018 9:47:00 PM	3611476020	1013.00	32.01	18.59	72.8	29.22	18.59	93.2	28.95	18.59	95.5	28.72	18.59	97.6
10/06/2018 9:47:01 PM	3611476021	1013.00	32.00	18.60	72.9	29.24	18.60	93.0	28.94	18.60	95.6	28.68	18.60	97.9
10/06/2018 9:47:02 PM	3611476022	1013.00	31.99	18.60	72.9	29.20	18.60	93.4	28.95	18.60	95.5	28.70	18.60	97.7
10/06/2018 9:47:03 PM	3611476023	1013.00	32.00	18.60	72.9	29.23	18.60	93.1	28.94	18.60	95.6	28.68	18.60	97.9
10/06/2018 9:47:04 PM	3611476024	1013.00	32.00	18.60	72.9	29.26	18.60	92.9	28.96	18.60	95.4	28.69	18.60	97.8
10/06/2018 9:47:05 PM	3611476025	1013.00	32.03	18.61	72.7	29.24	18.61	93.0	28.93	18.61	95.7	28.77	18.61	97.1
10/06/2018 9:47:06 PM	3611476026	1013.00	32.04	18.60	72.6	29.22	18.60	93.2	28.92	18.60	95.8	28.68	18.60	97.9
10/06/2018 9:47:07 PM	3611476027	1013.00	32.07	18.61	72.4	29.23	18.61	93.1	28.91	18.61	95.9	28.70	18.61	97.7
10/06/2018 9:47:08 PM	3611476028	1013.00	32.08	18.60	72.4	29.24	18.60	93.0	28.93	18.60	95.7	28.71	18.60	97.6
10/06/2018 9:47:09 PM	3611476029	1013.00	32.10	18.60	72.2	29.25	18.60	93.0	28.93	18.60	95.7	28.70	18.60	97.7
10/06/2018 9:47:10 PM	3611476030	1013.00	32.11	18.61	72.2	29.22	18.61	93.2	28.94	18.61	95.6	28.65	18.61	98.2
10/06/2018 9:47:11 PM	3611476031	1013.00	32.13	18.61	72.0	29.19	18.61	93.4	28.92	18.61	95.8	28.69	18.61	97.8
10/06/2018 9:47:12 PM	3611476032	1013.00	32.12	18.61	72.1	29.25	18.61	92.9	28.91	18.61	95.9	28.72	18.61	97.5
10/06/2018 9:47:13 PM	3611476033	1013.00	32.12	18.61	72.1	29.21	18.61	93.3	28.93	18.61	95.7	28.70	18.61	97.7
10/06/2018 9:47:14 PM	3611476034	1013.00	32.15	18.60	71.9	29.22	18.60	93.2	28.95	18.60	95.5	28.67	18.60	98.0
10/06/2018 9:47:15 PM	3611476035	1013.00	32.14	18.60	72.0	29.22	18.60	93.2	28.94	18.60	95.6	28.67	18.60	98.0
10/06/2018 9:47:16 PM	3611476036	1013.00	32.13	18.60	72.0	29.23	18.60	93.1	28.94	18.60	95.6	28.68	18.60	97.9
10/06/2018 9:47:17 PM	3611476037	1013.00	32.16	18.60	71.9	29.22	18.60	93.2	28.96	18.60	95.4	28.67	18.60	98.0
10/06/2018 9:47:18 PM	3611476038	1013.00	32.18	18.61	71.7	29.21	18.61	93.3	28.96	18.61	95.4	28.72	18.61	97.5
10/06/2018 9:47:19 PM	3611476039	1013.00	32.19	18.61	71.7	29.23	18.61	93.1	28.93	18.61	95.7	28.75	18.61	97.3
10/06/2018 9:47:20 PM	3611476040	1013.00	32.22	18.61	71.5	29.22	18.61	93.2	28.96	18.61	95.4	28.70	18.61	97.7
10/06/2018 9:47:21 PM	3611476041	1013.00	32.25	18.61	71.3	29.23	18.61	93.1	28.94	18.61	95.6	28.69	18.61	97.8
10/06/2018 9:47:22 PM	3611476042	1013.00	32.28	18.60	71.1	29.22	18.60	93.2	28.93	18.60	95.7	28.68	18.60	97.9
10/06/2018 9:47:23 PM	3611476043	1013.00	32.28	18.60	71.1	29.22	18.60	93.2	28.94	18.60	95.6	28.69	18.60	97.8
10/06/2018 9:47:24 PM	3611476044	1013.00	32.31	18.60	70.9	29.23	18.60	93.1	28.95	18.60	95.5	28.71	18.60	97.6
10/06/2018 9:47:25 PM	3611476045	1013.00	32.34	18.61	70.7	29.21	18.61	93.3	28.92	18.61	95.8	28.73	18.61	97.4
10/06/2018 9:47:26 PM	3611476046	1013.00	32.33	18.61	70.8	29.21	18.61	93.3	28.92	18.61	95.8	28.66	18.61	98.1
10/06/2018 9:47:27 PM	3611476047	1013.00	32.35	18.62	70.7	29.23	18.62	93.1	28.94	18.62	95.6	28.70	18.62	97.7
10/06/2018 9:47:28 PM	3611476048	1013.00	32.37	18.62	70.5	29.23	18.62	93.1	28.92	18.62	95.8	28.71	18.62	97.6
10/06/2018 9:47:29 PM	3611476049	1013.00	32.36	18.61	70.6	29.23	18.61	93.1	28.93	18.61	95.7	28.69	18.61	97.8
10/06/2018 9:47:30 PM	3611476050	1013.00	32.38	18.62	70.5	29.23	18.62	93.1	28.92	18.62	95.8	28.67	18.62	98.0
10/06/2018 9:47:31 PM	3611476051	1013.00	32.44	18.62	70.1	29.23	18.62	93.1	28.95	18.62	95.5	28.72	18.62	97.5
10/06/2018 9:47:32 PM	3611476052	1013.00	32.42	18.61	70.3	29.20	18.61	93.4	28.92	18.61	95.8	28.70	18.61	97.7
10/06/2018 9:47:33 PM	3611476053	1013.00	32.43	18.61	70.2	29.24	18.61	93.0	28.95	18.61	95.5	28.68	18.61	97.9
10/06/2018 9:47:34 PM	3611476054	1013.00	32.45	18.62	70.1	29.25	18.62	92.9	28.93	18.62	95.7	28.74	18.62	97.3
10/06/2018 9:47:35 PM	3611476055	1013.00	32.43	18.61	70.2	29.25	18.61	92.9	28.95	18.61	95.5	28.68	18.61	97.9
10/06/2018 9:47:36 PM	3611476056	1013.00	32.45	18.61	70.1	29.21	18.61	93.3	28.93	18.61	95.7	28.77	18.61	97.1
10/06/2018 9:47:37 PM	3611476057	1013.00	32.46	18.61	70.0	29.21	18.61	93.3	28.97	18.61	95.3	28.70	18.61	97.7
10/06/2018 9:47:38 PM	3611476058	1013.00	32.48	18.61	69.9	29.24	18.61	93.0	28.93	18.61	95.7	28.74	18.61	97.4
10/06/2018 9:47:39 PM	3611476059	1013.00	32.53	18.61	69.6	29.23	18.61	93.1	28.97	18.61	95.3	28.69	18.61	97.8
10/06/2018 9:47:40 PM	3611476060	1013.00	32.52	18.61	69.6	29.23	18.61	93.1	28.95	18.61	95.5	28.68	18.61	97.9
10/06/2018 9:47:41 PM	3611476061	1013.00	32.52	18.61	69.6	29.23	18.61	93.1	28.92	18.61	95.8	28.72	18.61	97.5
10/06/2018 9:47:42 PM	3611476062	1013.00	32.52	18.61	69.6	29.23	18.61	93.1	28.95	18.61	95.5	28.71	18.61	97.6
10/06/2018 9:47:43 PM	3611476063	1013.00	32.55	18.60	69.5	29.23	18.60	93.1	28.92	18.60	95.8	28.70	18.60	97.7
10/06/2018 9:47:44 PM	3611476064	1013.00	32.58	18.60	69.3	29.26	18.60	92.9	28.93	18.60	95.7	28.71	18.60	97.6
10/06/2018 9:47:45 PM	3611476065	1013.00	32.60	18.60	69.2	29.25	18.60	93.0	28.92	18.60	95.8	28.72	18.60	97.6
10/06/2018 9:47:46 PM	3611476066	1013.00	32.60	18.59	69.2	29.24	18.59	93.1	28.93	18.59	95.7	28.69	18.59	97.8
10/06/2018 9:47:47 PM	3611476067	1013.00	32.60	18.60	69.2	29.26	18.60	92.9	28.97	18.60	95.4	28.74	18.60	97.4
10/06/2018 9:47:48 PM	3611476068	1013.00	32.65	18.60	68.9	29.23	18.60	93.1	28.94	18.60	95.6	28.73	18.60	97.5
10/06/2018 9:47:49 PM	3611476069	1013.00	32.63	18.60	69.0	29.27	18.60	92.8	28.95	18.60	95.5	28.71	18.60	97.6
10/06/2018 9:47:50 PM	3611476070	1013.00	32.65	18.61	68.9	29.24	18.61	93.0	28.94	18.61	95.6	28.72	18.61	97.5
10/06/2018 9:47:51 PM	3611476071	1013.00	32.63	18.61	69.0	29.23	18.61	93.1	28.97	18.61	95.3	28.69	18.61	97.8
10/06/2018 9:47:52 PM	3611476072	1013.00	32.68	18.61	68.7	29.26	18.61	92.9	28.93	18.61	95.7	28.67	18.61	98.0
10/06/2018 9:47:53 PM	3611476073	1013.00	32.71	18.60	68.5	29.23	18.60	93.1	28.95	18.60	95.5	28.74	18.60	97.4
10/06/2018 9:47:54 PM	3611476074	1013.00	32.70	18.61	68.6	29.24	18.61	93.0	28.97	18.61	95.3	28.70	18.61	97.7
10/06/2018 9:47:55 PM	3611476075	1013.00	32.69	18.60	68.6	29.26	18.60	92.9	28.95	18.60	95.5	28.69	18.60	97.8
10/06/2018 9:47:56 PM	3611476076	1013.00	32.74	18.60	68.4	29.24	18.60	93.0	28.94	18.60	95.6	28.72	18.60	97.6
10/06/2018 9:47:57 PM	3611476077	1013.00	32.74	18.60	68.4	29.24	18.60	93.0	28.94	18.60	95.6	28.72	18.60	97.6
10/06/2018 9:47:58 PM	3611476078	1013.00	32.75	18.60	68.3	29.20	18.60	93.4	28.93	18.60	95.7	28.71	18.60	97.6
10/06/2018 9:47:59 PM	3611476079	1013.00	32.75	18.60	68.3	29.24	18.60	93.0	28.95	18.60	95.5	28.68	18.60	97.9
10/06/2018 9:48:00 PM	3611476080	1013.00	32.77	18.60	68.2	29.25	18.60	93.0	28.93	18.60	95.7	28.69	18.60	97.8
10/06/2018 9:48:01 PM	3611476081	1013.00	32.79	18.60	68.1	29.25	18.60	93.0	28.92	18.60	95.8	28.68	18.60	97.9
10/06/2018 9:48:02 PM	3611476082	1013.00	32.80	18.60	68.0	29.24	18.60	93.0	28.94	18.60	95.6	28.69	18.60	97.8
10/06/2018 9:48:03 PM	3611476083	1013.00	32.78	18.60	68.1	29.21	18.60	93.3	28.93	18.60	95.7	28.68	18.60	97.9
10/06/2018 9:48:04 PM	3611476084	1013.00	32.79	18.60	68.1	29.24	18.60	93.0	28.95	18.60	95.5	28.70	18.60	97.7
10/06/2018 9:48:05 PM	3611476085	1013.00	32.80	18.60	68.0	29.22	18.60	93.2	28.94	18.60	95.6	28.73	18.60	97.5
10/06/2018 9:48:06 PM	3611476086	1013.00	32.80	18.60	68.0	29.23	18.60	93.1	28.94	18.60	95.6	28.66	18.60	98.1
10/06/2018 9:48:07 PM	3611476087	1013.00	32.80	18.60	68.0	29.22	18.60	93.2	28.96	18.60	95.4	28.70	18.60	97.7
10/06/2018 9:48:08 PM	3611476088	1013.00	32.81	18.61	67.9	29.24	18.61	93.0	28.94	18.61	95.6	28.72	18.61	97.5
10/06/2018 9:48:09 PM	3611476089	1013.00	32.82	18.60	67.9	29.22	18.60	93.2	28.94	18.60	95.6	28.73	18.60	97.5
10/06/2018 9:48:10 PM	3611476090	1013.00	32.79	18.61	68.0	29.22	18.61	93.2	28.94	18.61	95.6	28.76	18.61	97.2
10/06/2018 9:48:11 PM	3611476091	1013.00	32.85	18.61	67.7	29.23	18.61	93.1	28.93	18.61	95.7	28.74	18.61	97.4
10/06/2018 9:48:12 PM	3611476092	1013.00	32.83	18.61	67.8	29.24	18.61	93.0	28.95	18.61	95.5	28.74	18.61	97.4
10/06/2018 9:48:13 PM	3611476093	1013.00	32.84	18.61	67.8	29.24	18.61	93.0	28.97	18.61	95.3	28.71	18.61	97.6
10/06/2018 9:48:14 PM	3611476094	1013.00	32.83	18.61	67.8	29.23	18.61	93.1	28.96	18.61	95.4	28.70	18.61	97.7
10/06/2018 9:48:15 PM	3611476095	1013.00	32.83	18.60	67.8	29.25	18.60	93.0	28.94	18.60	95.6	28.67	18.60	98.0
10/06/2018 9:48:16 PM	3611476096	1013.00	32.83	18.60	67.8	29.21	18.60	93.3	28.95	18.60	95.5	28.74	18.60	97.4
10/06/2018 9:48:17 PM	3611476097	1013.00	32.84	18.60	67.8	29.23	18.60	93.1	28.95	18.60	95.5	28.69	18.60	97.8
10/06/2018 9:48:18 PM	3611476098	1013.00	32.86	18.60	67.7	29.20	18.60	93.4	28.92	18.60	95.8	28.69	18.60	97.8
10/06/2018 9:48:19 PM	3611476099	1013.00	32.83	18.60	67.8	29.26	18.60	92.9	28.94	18.60	95.6	28.71	18.60	97.6
10/06/2018 9:48:20 PM	3611476100	1013.00	32.84	18.60	67.8	29.21	18.60	93.3	28.94	18.60	95.6	28.71	18.60	97.6
10/06/2018 9:48:21 PM	3611476101	1013.00	32.83	18.60	67.8	29.25	18.60	93.0	28.97	18.60	95.4	28.68	18.60	97.9
10/06/2018 9:48:22 PM	3611476102	1013.00	32.87	18.60	67.6	29.23	18.60	93.1	28.97	18.60	95.4	28.69	18.60	97.8
10/06/2018 9:48:23 PM	3611476103	1013.00	32.86	18.60	67.7	29.24	18.60	93.0	28.96	18.60	95.4	28.68	18.60	97.9
10/06/2018 9:48:24 PM	3611476104	1013.00	32.87	18.60	67.6	29.25	18.60	93.0	28.91	18.60	95.9	28.72	18.60	97.6
10/06/2018 9:48:25 PM	3611476105	1013.00	32.86	18.61	67.6	29.21	18.61	93.3	28.93	18.61	95.7	28.70	18.61	97.7
10/06/2018 9:48:26 PM	3611476106	1013.00	32.91	18.61	67.3	29.22	18.61	93.2	28.94	18.61	95.6	28.69	18.61	97.8
10/06/2018 9:48:27 PM	3611476107	1013.00	32.93	18.61	67.2	29.25	18.61	92.9	28.95	18.61	95.5	28.73	18.61	97.4
10/06/2018 9:48:28 PM	3611476108	1013.00	32.95	18.61	67.1	29.23	18.61	93.1	28.93	18.61	95.7	28.71	18.61	97.6
10/06/2018 9:48:29 PM	3611476109	1013.00	32.95	18.61	67.1	29.26	18.61	92.9	28.98	18.61	95.2	28.70	18.61	97.7
10/06/2018 9:48:31 PM	3611476111	1013.00	33.01	18.60	66.8	29.22	18.60	93.2	28.93	18.60	95.7	28.66	18.60	98.1
10/06/2018 9:48:32 PM	3611476112	1013.00	33.06	18.60	66.5	29.24	18.60	93.0	28.92	18.60	95.8	28.71	18.60	97.6
10/06/2018 9:48:33 PM	3611476113	1013.00	33.09	18.60	66.3	29.23	18.60	93.1	28.96	18.60	95.4	28.69	18.60	97.8
10/06/2018 9:48:34 PM	3611476114	1013.00	33.10	18.60	66.3	29.23	18.60	93.1	28.93	18.60	95.7	28.69	18.60	97.8
10/06/2018 9:48:35 PM	3611476115	1013.00	33.13	18.61	66.1	29.24	18.61	93.0	28.97	18.61	95.3	28.71	18.61	97.6
10/06/2018 9:48:36 PM	3611476116	1013.00	33.13	18.61	66.1	29.23	18.61	93.1	28.92	18.61	95.8	28.70	18.61	97.7
10/06/2018 9:48:37 PM	3611476117	1013.00	33.13	18.61	66.1	29.26	18.61	92.9	28.95	18.61	95.5	28.70	18.61	97.7
10/06/2018 9:48:38 PM	3611476118	1013.00	33.15	18.61	66.0	29.23	18.61	93.1	28.97	18.61	95.3	28.65	18.61	98.2
10/06/2018 9:48:39 PM	3611476119	1013.00	33.19	18.61	65.8	29.24	18.61	93.0	28.96	18.61	95.4	28.67	18.61	98.0
10/06/2018 9:48:40 PM	3611476120	1013.00	33.17	18.61	65.9	29.27	18.61	92.8	28.91	18.61	95.9	28.66	18.61	98.1
10/06/2018 9:48:41 PM	3611476121	1013.00	33.18	18.61	65.8	29.27	18.61	92.8	28.93	18.61	95.7	28.70	18.61	97.7
