Date & time of file creation	10/06/2018 8:21 PM													
Data file path	C:\Users\ameli\Desktop\Luke Strasiotto\10062018\New_6.txt													
														
														
CALIBRATION DATA														
Parameter/Channel	N moving average	LO phase [r.U.]	HI phase [r.U.]	LO oxygen [%air saturation]	HI oxygen [%air saturation]	LO temperature [°C]	HI temperature [°C]	Salinity [‰]						
SDWD0003000199      , CH 1	1	59.35	26.74	0.00	100.00	27.33	27.32	0.000						
SDWD0003000199      , CH 2	1	59.35	26.74	0.00	100.00	27.30	27.32	0.000						
SDWD0003000199      , CH 3	1	59.35	26.74	0.00	100.00	27.30	27.32	0.000						
SDWD0003000199      , CH 4	1	59.35	26.74	0.00	100.00	27.30	27.32	0.000						
														
														
Date &Time [DD-MM-YYYY HH:MM:SS]	Time stamp code	Barometric pressure [hPa]	SDWD0003000199      , CH 1 phase [r.U.]	SDWD0003000199      , CH 1 temp [°C]	SDWD0003000199      , CH 1 O2 [% air saturation]	SDWD0003000199      , CH 2 phase [r.U.]	SDWD0003000199      , CH 2 temp [°C]	SDWD0003000199      , CH 2 O2 [% air saturation]	SDWD0003000199      , CH 3 phase [r.U.]	SDWD0003000199      , CH 3 temp [°C]	SDWD0003000199      , CH 3 O2 [% air saturation]	SDWD0003000199      , CH 4 phase [r.U.]	SDWD0003000199      , CH 4 temp [°C]	SDWD0003000199      , CH 4 O2 [% air saturation]
10/06/2018 8:21:47 PM	3611470907	1013.00	26.23	27.97	103.9	26.42	27.97	102.0	26.23	27.97	103.9	26.40	27.97	102.2
10/06/2018 8:21:48 PM	3611470908	1013.00	26.21	27.98	104.1	26.40	27.98	102.2	26.24	27.98	103.8	26.38	27.98	102.4
10/06/2018 8:21:49 PM	3611470909	1013.00	26.24	27.98	103.8	26.35	27.98	102.7	26.23	27.98	103.9	26.38	27.98	102.4
10/06/2018 8:21:50 PM	3611470910	1013.00	26.21	27.98	104.1	26.40	27.98	102.2	26.23	27.98	103.9	26.37	27.98	102.5
10/06/2018 8:21:51 PM	3611470911	1013.00	26.20	27.98	104.2	26.37	27.98	102.5	26.24	27.98	103.8	26.41	27.98	102.1
10/06/2018 8:21:52 PM	3611470912	1013.00	26.22	27.98	104.0	26.41	27.98	102.1	26.23	27.98	103.9	26.36	27.98	102.6
10/06/2018 8:21:53 PM	3611470913	1013.00	26.23	27.99	103.8	26.42	27.99	102.0	26.23	27.99	103.8	26.39	27.99	102.2
10/06/2018 8:21:54 PM	3611470914	1013.00	26.19	27.99	104.2	26.40	27.99	102.1	26.24	27.99	103.7	26.38	27.99	102.3
10/06/2018 8:21:55 PM	3611470915	1013.00	26.27	27.99	103.4	26.38	27.99	102.3	26.26	27.99	103.5	26.40	27.99	102.1
10/06/2018 8:21:56 PM	3611470916	1013.00	26.22	27.98	104.0	26.43	27.98	101.9	26.17	27.98	104.5	26.38	27.98	102.4
10/06/2018 8:21:57 PM	3611470917	1013.00	26.23	27.99	103.8	26.40	27.99	102.1	26.21	27.99	104.0	26.40	27.99	102.1
10/06/2018 8:21:58 PM	3611470918	1013.00	26.22	27.99	103.9	26.44	27.99	101.8	26.22	27.99	103.9	26.38	27.99	102.3
10/06/2018 8:21:59 PM	3611470919	1013.00	26.19	27.99	104.2	26.39	27.99	102.2	26.24	27.99	103.7	26.39	27.99	102.2
10/06/2018 8:22:00 PM	3611470920	1013.00	26.25	27.99	103.6	26.39	27.99	102.2	26.24	27.99	103.7	26.39	27.99	102.2
10/06/2018 8:22:01 PM	3611470921	1013.00	26.24	28.00	103.7	26.39	28.00	102.2	26.23	28.00	103.8	26.40	28.00	102.1
10/06/2018 8:22:02 PM	3611470922	1013.00	26.21	28.00	104.0	26.44	28.00	101.7	26.22	28.00	103.9	26.40	28.00	102.1
10/06/2018 8:22:03 PM	3611470923	1013.00	26.25	27.99	103.6	26.40	27.99	102.1	26.24	27.99	103.7	26.39	27.99	102.2
10/06/2018 8:22:04 PM	3611470924	1013.00	26.21	27.99	104.0	26.39	27.99	102.2	26.26	27.99	103.5	26.38	27.99	102.3
10/06/2018 8:22:05 PM	3611470925	1013.00	26.24	27.99	103.7	26.41	27.99	102.1	26.20	27.99	104.1	26.39	27.99	102.2
10/06/2018 8:22:06 PM	3611470926	1013.00	26.22	27.98	104.0	26.37	27.98	102.5	26.24	27.98	103.8	26.41	27.98	102.1
10/06/2018 8:22:07 PM	3611470927	1013.00	26.22	27.99	103.9	26.40	27.99	102.1	26.23	27.99	103.8	26.40	27.99	102.1
10/06/2018 8:22:08 PM	3611470928	1013.00	26.20	27.99	104.1	26.41	27.99	102.1	26.22	27.99	103.9	26.41	27.99	102.1
10/06/2018 8:22:09 PM	3611470929	1013.00	26.27	27.99	103.4	26.42	27.99	102.0	26.21	27.99	104.0	26.39	27.99	102.2
10/06/2018 8:22:10 PM	3611470930	1013.00	26.25	27.99	103.6	26.39	27.99	102.2	26.21	27.99	104.0	26.39	27.99	102.2
10/06/2018 8:22:11 PM	3611470931	1013.00	26.22	27.99	103.9	26.38	27.99	102.3	26.22	27.99	103.9	26.39	27.99	102.2
10/06/2018 8:22:12 PM	3611470932	1013.00	26.21	27.99	104.0	26.38	27.99	102.3	26.21	27.99	104.0	26.39	27.99	102.2
10/06/2018 8:22:13 PM	3611470933	1013.00	26.24	27.99	103.7	26.37	27.99	102.4	26.22	27.99	103.9	26.40	27.99	102.1
10/06/2018 8:22:14 PM	3611470934	1013.00	26.23	27.99	103.8	26.42	27.99	102.0	26.23	27.99	103.8	26.41	27.99	102.1
10/06/2018 8:22:15 PM	3611470935	1013.00	26.26	27.98	103.6	26.37	27.98	102.5	26.20	27.98	104.2	26.40	27.98	102.2
10/06/2018 8:22:16 PM	3611470936	1013.00	26.19	28.00	104.2	26.38	28.00	102.3	26.22	28.00	103.9	26.38	28.00	102.3
10/06/2018 8:22:17 PM	3611470937	1013.00	26.23	28.00	103.8	26.40	28.00	102.1	26.22	28.00	103.9	26.41	28.00	102.0
10/06/2018 8:22:18 PM	3611470938	1013.00	26.20	28.00	104.1	26.37	28.00	102.4	26.24	28.00	103.7	26.40	28.00	102.1
10/06/2018 8:22:19 PM	3611470939	1013.00	26.24	28.00	103.7	26.41	28.00	102.0	26.20	28.00	104.1	26.42	28.00	101.9
10/06/2018 8:22:20 PM	3611470940	1013.00	26.23	28.00	103.8	26.41	28.00	102.0	26.23	28.00	103.8	26.41	28.00	102.0
10/06/2018 8:22:21 PM	3611470941	1013.00	26.24	28.00	103.7	26.39	28.00	102.2	26.26	28.00	103.5	26.40	28.00	102.1
10/06/2018 8:22:22 PM	3611470942	1013.00	26.26	28.00	103.5	26.42	28.00	101.9	26.22	28.00	103.9	26.41	28.00	102.0
10/06/2018 8:22:23 PM	3611470943	1013.00	26.22	28.00	103.9	26.41	28.00	102.0	26.22	28.00	103.9	26.41	28.00	102.0
10/06/2018 8:22:24 PM	3611470944	1013.00	26.26	28.00	103.5	26.42	28.00	101.9	26.24	28.00	103.7	26.42	28.00	101.9
10/06/2018 8:22:25 PM	3611470945	1013.00	26.20	28.00	104.1	26.42	28.00	101.9	26.24	28.00	103.7	26.42	28.00	101.9
10/06/2018 8:22:26 PM	3611470946	1013.00	26.22	28.00	103.9	26.42	28.00	101.9	26.24	28.00	103.7	26.41	28.00	102.0
10/06/2018 8:22:27 PM	3611470947	1013.00	26.22	27.99	103.9	26.41	27.99	102.1	26.22	27.99	103.9	26.42	27.99	102.0
10/06/2018 8:22:28 PM	3611470948	1013.00	26.24	28.00	103.7	26.38	28.00	102.3	26.24	28.00	103.7	26.42	28.00	101.9
10/06/2018 8:22:29 PM	3611470949	1013.00	26.26	28.00	103.5	26.41	28.00	102.0	26.24	28.00	103.7	26.41	28.00	102.0
10/06/2018 8:22:30 PM	3611470950	1013.00	26.25	28.01	103.6	26.34	28.01	102.7	26.22	28.01	103.9	26.41	28.01	102.0
10/06/2018 8:22:31 PM	3611470951	1013.00	26.24	28.01	103.7	26.38	28.01	102.3	26.23	28.01	103.8	26.42	28.01	101.9
10/06/2018 8:22:32 PM	3611470952	1013.00	26.27	28.01	103.4	26.38	28.01	102.3	26.24	28.01	103.7	26.42	28.01	101.9
10/06/2018 8:22:33 PM	3611470953	1013.00	26.23	28.01	103.8	26.38	28.01	102.3	26.24	28.01	103.7	26.40	28.01	102.1
10/06/2018 8:22:34 PM	3611470954	1013.00	26.23	28.01	103.8	26.34	28.01	102.7	26.20	28.01	104.1	26.42	28.01	101.9
10/06/2018 8:22:35 PM	3611470955	1013.00	26.20	28.01	104.1	26.36	28.01	102.5	26.22	28.01	103.9	26.44	28.01	101.7
10/06/2018 8:22:36 PM	3611470956	1013.00	26.21	28.02	104.0	26.39	28.02	102.2	26.22	28.02	103.9	26.44	28.02	101.7
10/06/2018 8:22:37 PM	3611470957	1013.00	26.20	28.02	104.1	26.36	28.02	102.5	26.22	28.02	103.9	26.43	28.02	101.8
10/06/2018 8:22:38 PM	3611470958	1013.00	26.18	28.02	104.3	26.40	28.02	102.1	26.24	28.02	103.7	26.43	28.02	101.8
10/06/2018 8:22:39 PM	3611470959	1013.00	26.21	28.03	104.0	26.37	28.03	102.4	26.25	28.03	103.6	26.42	28.03	101.9
10/06/2018 8:22:40 PM	3611470960	1013.00	26.23	28.02	103.8	26.35	28.02	102.6	26.20	28.02	104.1	26.43	28.02	101.8
10/06/2018 8:22:41 PM	3611470961	1013.00	26.24	28.02	103.7	26.39	28.02	102.2	26.26	28.02	103.5	26.43	28.02	101.8
10/06/2018 8:22:42 PM	3611470962	1013.00	26.24	28.02	103.7	26.39	28.02	102.2	26.24	28.02	103.7	26.43	28.02	101.8
10/06/2018 8:22:43 PM	3611470963	1013.00	26.24	28.01	103.7	26.38	28.01	102.3	26.22	28.01	103.9	26.42	28.01	101.9
10/06/2018 8:22:44 PM	3611470964	1013.00	26.20	28.01	104.1	26.36	28.01	102.5	26.26	28.01	103.5	26.43	28.01	101.8
10/06/2018 8:22:45 PM	3611470965	1013.00	26.22	28.01	103.9	26.39	28.01	102.2	26.26	28.01	103.5	26.44	28.01	101.7
10/06/2018 8:22:46 PM	3611470966	1013.00	26.21	28.01	104.0	26.36	28.01	102.5	26.21	28.01	104.0	26.43	28.01	101.8
10/06/2018 8:22:47 PM	3611470967	1013.00	26.21	28.02	104.0	26.39	28.02	102.2	26.26	28.02	103.5	26.43	28.02	101.8
10/06/2018 8:22:48 PM	3611470968	1013.00	26.21	28.02	104.0	26.38	28.02	102.3	26.26	28.02	103.5	26.43	28.02	101.8
10/06/2018 8:22:49 PM	3611470969	1013.00	26.19	28.01	104.2	26.38	28.01	102.3	26.25	28.01	103.6	26.45	28.01	101.6
10/06/2018 8:22:50 PM	3611470970	1013.00	26.22	28.01	103.9	26.39	28.01	102.2	26.23	28.01	103.8	26.43	28.01	101.8
10/06/2018 8:22:51 PM	3611470971	1013.00	26.17	28.02	104.4	26.39	28.02	102.2	26.26	28.02	103.5	26.45	28.02	101.6
10/06/2018 8:22:52 PM	3611470972	1013.00	26.25	28.02	103.6	26.38	28.02	102.3	26.23	28.02	103.8	26.45	28.02	101.6
10/06/2018 8:22:53 PM	3611470973	1013.00	26.24	28.03	103.7	26.37	28.03	102.4	26.22	28.03	103.9	26.45	28.03	101.6
10/06/2018 8:22:54 PM	3611470974	1013.00	26.25	28.03	103.6	26.42	28.03	101.9	26.18	28.03	104.3	26.46	28.03	101.5
10/06/2018 8:22:55 PM	3611470975	1013.00	26.22	28.03	103.9	26.38	28.03	102.3	26.26	28.03	103.5	26.43	28.03	101.8
10/06/2018 8:22:56 PM	3611470976	1013.00	26.22	28.03	103.9	26.39	28.03	102.2	26.27	28.03	103.4	26.45	28.03	101.6
10/06/2018 8:22:57 PM	3611470977	1013.00	26.22	28.03	103.9	26.41	28.03	102.0	26.21	28.03	104.0	26.46	28.03	101.5
10/06/2018 8:22:58 PM	3611470978	1013.00	26.24	28.03	103.7	26.35	28.03	102.6	26.24	28.03	103.7	26.46	28.03	101.5
10/06/2018 8:22:59 PM	3611470979	1013.00	26.22	28.03	103.9	26.41	28.03	102.0	26.23	28.03	103.8	26.47	28.03	101.4
10/06/2018 8:23:00 PM	3611470980	1013.00	26.24	28.04	103.7	26.40	28.04	102.1	26.24	28.04	103.7	26.46	28.04	101.5
10/06/2018 8:23:01 PM	3611470981	1013.00	26.19	28.04	104.2	26.41	28.04	102.0	26.23	28.04	103.8	26.45	28.04	101.6
10/06/2018 8:23:02 PM	3611470982	1013.00	26.21	28.04	104.0	26.35	28.04	102.6	26.24	28.04	103.7	26.44	28.04	101.7
10/06/2018 8:23:03 PM	3611470983	1013.00	26.18	28.04	104.3	26.35	28.04	102.6	26.22	28.04	103.9	26.47	28.04	101.4
10/06/2018 8:23:04 PM	3611470984	1013.00	26.24	28.04	103.7	26.37	28.04	102.4	26.24	28.04	103.7	26.47	28.04	101.4
10/06/2018 8:23:05 PM	3611470985	1013.00	26.27	28.04	103.4	26.36	28.04	102.5	26.27	28.04	103.4	26.46	28.04	101.5
10/06/2018 8:23:06 PM	3611470986	1013.00	26.18	28.04	104.3	26.41	28.04	102.0	26.24	28.04	103.7	26.50	28.04	101.1
10/06/2018 8:23:07 PM	3611470987	1013.00	26.22	28.04	103.9	26.43	28.04	101.8	26.25	28.04	103.6	26.46	28.04	101.5
10/06/2018 8:23:08 PM	3611470988	1013.00	26.22	28.05	103.8	26.35	28.05	102.5	26.23	28.05	103.7	26.48	28.05	101.3
10/06/2018 8:23:09 PM	3611470989	1013.00	26.25	28.04	103.6	26.40	28.04	102.1	26.24	28.04	103.7	26.50	28.04	101.1
10/06/2018 8:23:10 PM	3611470990	1013.00	26.19	28.04	104.2	26.39	28.04	102.2	26.23	28.04	103.8	26.47	28.04	101.4
10/06/2018 8:23:11 PM	3611470991	1013.00	26.21	28.04	104.0	26.39	28.04	102.2	26.26	28.04	103.5	26.49	28.04	101.2
10/06/2018 8:23:12 PM	3611470992	1013.00	26.25	28.04	103.6	26.37	28.04	102.4	26.24	28.04	103.7	26.48	28.04	101.3
10/06/2018 8:23:13 PM	3611470993	1013.00	26.20	28.04	104.1	26.35	28.04	102.6	26.22	28.04	103.9	26.49	28.04	101.2
10/06/2018 8:23:14 PM	3611470994	1013.00	26.22	28.04	103.9	26.38	28.04	102.3	26.22	28.04	103.9	26.50	28.04	101.1
10/06/2018 8:23:15 PM	3611470995	1013.00	26.22	28.05	103.8	26.40	28.05	102.0	26.24	28.05	103.6	26.50	28.05	101.1
10/06/2018 8:23:16 PM	3611470996	1013.00	26.27	28.05	103.3	26.42	28.05	101.8	26.21	28.05	103.9	26.50	28.05	101.1
10/06/2018 8:23:17 PM	3611470997	1013.00	26.23	28.05	103.7	26.38	28.05	102.2	26.25	28.05	103.5	26.52	28.05	100.9
10/06/2018 8:23:18 PM	3611470998	1013.00	26.26	28.05	103.4	26.37	28.05	102.3	26.26	28.05	103.4	26.50	28.05	101.1
10/06/2018 8:23:19 PM	3611470999	1013.00	26.25	28.06	103.5	26.41	28.06	101.9	26.21	28.06	103.9	26.51	28.06	101.0
10/06/2018 8:23:20 PM	3611471000	1013.00	26.19	28.06	104.1	26.38	28.06	102.2	26.25	28.06	103.5	26.51	28.06	101.0
10/06/2018 8:23:21 PM	3611471001	1013.00	26.24	28.06	103.6	26.38	28.06	102.2	26.25	28.06	103.5	26.53	28.06	100.8
10/06/2018 8:23:22 PM	3611471002	1013.00	26.23	28.06	103.7	26.41	28.06	101.9	26.25	28.06	103.5	26.50	28.06	101.1
10/06/2018 8:23:23 PM	3611471003	1013.00	26.22	28.07	103.8	26.40	28.07	102.0	26.21	28.07	103.9	26.51	28.07	100.9
10/06/2018 8:23:24 PM	3611471004	1013.00	26.21	28.07	103.9	26.40	28.07	102.0	26.27	28.07	103.3	26.50	28.07	101.0
10/06/2018 8:23:25 PM	3611471005	1013.00	26.24	28.07	103.6	26.39	28.07	102.1	26.27	28.07	103.3	26.51	28.07	100.9
10/06/2018 8:23:26 PM	3611471006	1013.00	26.21	28.07	103.9	26.43	28.07	101.7	26.24	28.07	103.6	26.53	28.07	100.7
10/06/2018 8:23:27 PM	3611471007	1013.00	26.24	28.07	103.6	26.42	28.07	101.8	26.23	28.07	103.7	26.51	28.07	100.9
10/06/2018 8:23:28 PM	3611471008	1013.00	26.26	28.08	103.4	26.43	28.08	101.7	26.23	28.08	103.7	26.53	28.08	100.7
10/06/2018 8:23:29 PM	3611471009	1013.00	26.22	28.08	103.8	26.40	28.08	102.0	26.27	28.08	103.3	26.55	28.08	100.5
10/06/2018 8:23:30 PM	3611471010	1013.00	26.23	28.08	103.7	26.37	28.08	102.3	26.23	28.08	103.7	26.52	28.08	100.8
10/06/2018 8:23:31 PM	3611471011	1013.00	26.24	28.08	103.6	26.40	28.08	102.0	26.21	28.08	103.9	26.55	28.08	100.5
10/06/2018 8:23:32 PM	3611471012	1013.00	26.23	28.08	103.7	26.38	28.08	102.2	26.26	28.08	103.4	26.54	28.08	100.6
10/06/2018 8:23:33 PM	3611471013	1013.00	26.19	28.07	104.1	26.41	28.07	101.9	26.24	28.07	103.6	26.54	28.07	100.6
10/06/2018 8:23:34 PM	3611471014	1013.00	26.18	28.08	104.2	26.41	28.08	101.9	26.21	28.08	103.9	26.55	28.08	100.5
10/06/2018 8:23:35 PM	3611471015	1013.00	26.19	28.08	104.1	26.39	28.08	102.1	26.22	28.08	103.8	26.57	28.08	100.3
10/06/2018 8:23:36 PM	3611471016	1013.00	26.23	28.08	103.7	26.41	28.08	101.9	26.24	28.08	103.6	26.53	28.08	100.7
10/06/2018 8:23:37 PM	3611471017	1013.00	26.24	28.08	103.6	26.41	28.08	101.9	26.24	28.08	103.6	26.57	28.08	100.3
10/06/2018 8:23:38 PM	3611471018	1013.00	26.22	28.08	103.8	26.41	28.08	101.9	26.23	28.08	103.7	26.58	28.08	100.2
10/06/2018 8:23:39 PM	3611471019	1013.00	26.25	28.08	103.5	26.42	28.08	101.8	26.25	28.08	103.5	26.57	28.08	100.3
10/06/2018 8:23:40 PM	3611471020	1013.00	26.21	28.08	103.9	26.38	28.08	102.2	26.22	28.08	103.8	26.55	28.08	100.5
10/06/2018 8:23:41 PM	3611471021	1013.00	26.25	28.08	103.5	26.40	28.08	102.0	26.21	28.08	103.9	26.58	28.08	100.2
10/06/2018 8:23:42 PM	3611471022	1013.00	26.24	28.08	103.6	26.41	28.08	101.9	26.24	28.08	103.6	26.57	28.08	100.3
10/06/2018 8:23:43 PM	3611471023	1013.00	26.26	28.07	103.4	26.37	28.07	102.3	26.23	28.07	103.7	26.58	28.07	100.3
10/06/2018 8:23:44 PM	3611471024	1013.00	26.21	28.07	103.9	26.43	28.07	101.7	26.21	28.07	103.9	26.58	28.07	100.3
10/06/2018 8:23:45 PM	3611471025	1013.00	26.23	28.07	103.7	26.43	28.07	101.7	26.21	28.07	103.9	26.59	28.07	100.2
10/06/2018 8:23:46 PM	3611471026	1013.00	26.24	28.07	103.6	26.40	28.07	102.0	26.24	28.07	103.6	26.55	28.07	100.5
10/06/2018 8:23:47 PM	3611471027	1013.00	26.24	28.08	103.6	26.43	28.08	101.7	26.26	28.08	103.4	26.58	28.08	100.2
10/06/2018 8:23:48 PM	3611471028	1013.00	26.25	28.08	103.5	26.43	28.08	101.7	26.19	28.08	104.1	26.61	28.08	100.0
10/06/2018 8:23:49 PM	3611471029	1013.00	26.22	28.09	103.8	26.42	28.09	101.8	26.28	28.09	103.2	26.60	28.09	100.0
10/06/2018 8:23:50 PM	3611471030	1013.00	26.23	28.09	103.7	26.43	28.09	101.7	26.21	28.09	103.9	26.61	28.09	99.9
10/06/2018 8:23:51 PM	3611471031	1013.00	26.26	28.09	103.4	26.44	28.09	101.6	26.22	28.09	103.8	26.59	28.09	100.1
10/06/2018 8:23:52 PM	3611471032	1013.00	26.20	28.09	104.0	26.36	28.09	102.4	26.27	28.09	103.3	26.59	28.09	100.1
10/06/2018 8:23:53 PM	3611471033	1013.00	26.21	28.09	103.9	26.42	28.09	101.8	26.26	28.09	103.4	26.60	28.09	100.0
10/06/2018 8:23:54 PM	3611471034	1013.00	26.24	28.10	103.5	26.43	28.10	101.7	26.23	28.10	103.6	26.61	28.10	99.9
10/06/2018 8:23:55 PM	3611471035	1013.00	26.24	28.09	103.6	26.38	28.09	102.2	26.25	28.09	103.5	26.59	28.09	100.1
10/06/2018 8:23:56 PM	3611471036	1013.00	26.21	28.10	103.8	26.41	28.10	101.9	26.24	28.10	103.5	26.63	28.10	99.7
10/06/2018 8:23:57 PM	3611471037	1013.00	26.30	28.10	102.9	26.45	28.10	101.5	26.22	28.10	103.7	26.61	28.10	99.9
10/06/2018 8:23:58 PM	3611471038	1013.00	26.25	28.10	103.4	26.40	28.10	102.0	26.24	28.10	103.5	26.59	28.10	100.1
10/06/2018 8:23:59 PM	3611471039	1013.00	26.24	28.10	103.5	26.43	28.10	101.7	26.25	28.10	103.4	26.61	28.10	99.9
10/06/2018 8:24:00 PM	3611471040	1013.00	26.19	28.10	104.1	26.42	28.10	101.8	26.28	28.10	103.1	26.62	28.10	99.8
10/06/2018 8:24:01 PM	3611471041	1013.00	26.21	28.10	103.8	26.39	28.10	102.1	26.28	28.10	103.1	26.58	28.10	100.2
10/06/2018 8:24:02 PM	3611471042	1013.00	26.20	28.09	104.0	26.37	28.09	102.3	26.23	28.09	103.7	26.62	28.09	99.8
10/06/2018 8:24:03 PM	3611471043	1013.00	26.24	28.10	103.5	26.43	28.10	101.7	26.23	28.10	103.6	26.62	28.10	99.8
10/06/2018 8:24:04 PM	3611471044	1013.00	26.23	28.10	103.6	26.39	28.10	102.1	26.23	28.10	103.6	26.59	28.10	100.1
10/06/2018 8:24:05 PM	3611471045	1013.00	26.21	28.10	103.8	26.41	28.10	101.9	26.24	28.10	103.5	26.61	28.10	99.9
10/06/2018 8:24:06 PM	3611471046	1013.00	26.25	28.10	103.4	26.36	28.10	102.4	26.26	28.10	103.3	26.63	28.10	99.7
10/06/2018 8:24:07 PM	3611471047	1013.00	26.24	28.10	103.5	26.40	28.10	102.0	26.27	28.10	103.2	26.63	28.10	99.7
10/06/2018 8:24:08 PM	3611471048	1013.00	26.23	28.09	103.7	26.43	28.09	101.7	26.25	28.09	103.5	26.62	28.09	99.8
10/06/2018 8:24:09 PM	3611471049	1013.00	26.23	28.10	103.6	26.43	28.10	101.7	26.26	28.10	103.3	26.60	28.10	100.0
10/06/2018 8:24:10 PM	3611471050	1013.00	26.22	28.09	103.8	26.41	28.09	101.9	26.27	28.09	103.3	26.62	28.09	99.8
10/06/2018 8:24:11 PM	3611471051	1013.00	26.23	28.10	103.6	26.45	28.10	101.5	26.26	28.10	103.3	26.62	28.10	99.8
10/06/2018 8:24:12 PM	3611471052	1013.00	26.23	28.10	103.6	26.43	28.10	101.7	26.30	28.10	102.9	26.62	28.10	99.8
10/06/2018 8:24:13 PM	3611471053	1013.00	26.24	28.11	103.5	26.44	28.11	101.5	26.26	28.11	103.3	26.61	28.11	99.9
10/06/2018 8:24:14 PM	3611471054	1013.00	26.23	28.10	103.6	26.43	28.10	101.7	26.27	28.10	103.2	26.63	28.10	99.7
10/06/2018 8:24:15 PM	3611471055	1013.00	26.21	28.11	103.8	26.40	28.11	101.9	26.28	28.11	103.1	26.65	28.11	99.5
10/06/2018 8:24:16 PM	3611471056	1013.00	26.28	28.11	103.1	26.40	28.11	101.9	26.29	28.11	103.0	26.63	28.11	99.7
10/06/2018 8:24:17 PM	3611471057	1013.00	26.24	28.11	103.5	26.42	28.11	101.7	26.30	28.11	102.9	26.61	28.11	99.9
10/06/2018 8:24:18 PM	3611471058	1013.00	26.22	28.11	103.7	26.41	28.11	101.8	26.29	28.11	103.0	26.62	28.11	99.8
10/06/2018 8:24:19 PM	3611471059	1013.00	26.28	28.11	103.1	26.39	28.11	102.0	26.27	28.11	103.2	26.62	28.11	99.8
10/06/2018 8:24:20 PM	3611471060	1013.00	26.21	28.11	103.8	26.40	28.11	101.9	26.27	28.11	103.2	26.62	28.11	99.8
10/06/2018 8:24:21 PM	3611471061	1013.00	26.23	28.12	103.6	26.41	28.12	101.8	26.31	28.12	102.8	26.63	28.12	99.7
10/06/2018 8:24:22 PM	3611471062	1013.00	26.21	28.11	103.8	26.45	28.11	101.5	26.27	28.11	103.2	26.63	28.11	99.7
10/06/2018 8:24:23 PM	3611471063	1013.00	26.19	28.11	104.0	26.44	28.11	101.5	26.30	28.11	102.9	26.62	28.11	99.8
10/06/2018 8:24:24 PM	3611471064	1013.00	26.20	28.11	103.9	26.44	28.11	101.5	26.32	28.11	102.7	26.65	28.11	99.5
10/06/2018 8:24:25 PM	3611471065	1013.00	26.24	28.12	103.5	26.38	28.12	102.1	26.33	28.12	102.6	26.63	28.12	99.7
10/06/2018 8:24:26 PM	3611471066	1013.00	26.28	28.12	103.1	26.44	28.12	101.5	26.32	28.12	102.7	26.66	28.12	99.4
10/06/2018 8:24:27 PM	3611471067	1013.00	26.26	28.12	103.3	26.41	28.12	101.8	26.34	28.12	102.5	26.63	28.12	99.7
10/06/2018 8:24:28 PM	3611471068	1013.00	26.23	28.12	103.6	26.44	28.12	101.5	26.37	28.12	102.2	26.66	28.12	99.4
10/06/2018 8:24:29 PM	3611471069	1013.00	26.20	28.12	103.9	26.45	28.12	101.4	26.36	28.12	102.3	26.64	28.12	99.6
10/06/2018 8:24:30 PM	3611471070	1013.00	26.21	28.12	103.8	26.41	28.12	101.8	26.36	28.12	102.3	26.64	28.12	99.6
10/06/2018 8:24:31 PM	3611471071	1013.00	26.22	28.12	103.7	26.39	28.12	102.0	26.38	28.12	102.1	26.66	28.12	99.4
10/06/2018 8:24:32 PM	3611471072	1013.00	26.21	28.12	103.8	26.41	28.12	101.8	26.39	28.12	102.0	26.65	28.12	99.5
10/06/2018 8:24:33 PM	3611471073	1013.00	26.25	28.12	103.4	26.42	28.12	101.7	26.37	28.12	102.2	26.64	28.12	99.6
10/06/2018 8:24:34 PM	3611471074	1013.00	26.18	28.12	104.1	26.43	28.12	101.6	26.38	28.12	102.1	26.63	28.12	99.7
10/06/2018 8:24:35 PM	3611471075	1013.00	26.25	28.12	103.4	26.43	28.12	101.6	26.39	28.12	102.0	26.65	28.12	99.5
10/06/2018 8:24:36 PM	3611471076	1013.00	26.23	28.13	103.6	26.38	28.13	102.1	26.41	28.13	101.8	26.67	28.13	99.3
10/06/2018 8:24:37 PM	3611471077	1013.00	26.23	28.12	103.6	26.45	28.12	101.4	26.40	28.12	101.9	26.65	28.12	99.5
10/06/2018 8:24:38 PM	3611471078	1013.00	26.23	28.12	103.6	26.40	28.12	101.9	26.38	28.12	102.1	26.66	28.12	99.4
10/06/2018 8:24:39 PM	3611471079	1013.00	26.24	28.12	103.5	26.41	28.12	101.8	26.38	28.12	102.1	26.64	28.12	99.6
10/06/2018 8:24:40 PM	3611471080	1013.00	26.28	28.12	103.1	26.45	28.12	101.4	26.39	28.12	102.0	26.65	28.12	99.5
10/06/2018 8:24:41 PM	3611471081	1013.00	26.23	28.12	103.6	26.45	28.12	101.4	26.38	28.12	102.1	26.66	28.12	99.4
10/06/2018 8:24:42 PM	3611471082	1013.00	26.28	28.13	103.1	26.44	28.13	101.5	26.40	28.13	101.9	26.68	28.13	99.2
10/06/2018 8:24:43 PM	3611471083	1013.00	26.24	28.13	103.5	26.41	28.13	101.8	26.40	28.13	101.9	26.65	28.13	99.5
10/06/2018 8:24:44 PM	3611471084	1013.00	26.25	28.13	103.4	26.47	28.13	101.2	26.40	28.13	101.9	26.66	28.13	99.4
10/06/2018 8:24:45 PM	3611471085	1013.00	26.29	28.13	103.0	26.43	28.13	101.6	26.41	28.13	101.8	26.66	28.13	99.4
10/06/2018 8:24:46 PM	3611471086	1013.00	26.22	28.13	103.7	26.43	28.13	101.6	26.40	28.13	101.9	26.67	28.13	99.3
10/06/2018 8:24:47 PM	3611471087	1013.00	26.26	28.13	103.3	26.44	28.13	101.5	26.43	28.13	101.6	26.66	28.13	99.4
10/06/2018 8:24:48 PM	3611471088	1013.00	26.25	28.13	103.4	26.44	28.13	101.5	26.39	28.13	102.0	26.69	28.13	99.1
10/06/2018 8:24:49 PM	3611471089	1013.00	26.17	28.13	104.2	26.47	28.13	101.2	26.40	28.13	101.9	26.67	28.13	99.3
10/06/2018 8:24:50 PM	3611471090	1013.00	26.19	28.13	104.0	26.47	28.13	101.2	26.40	28.13	101.9	26.70	28.13	99.0
10/06/2018 8:24:51 PM	3611471091	1013.00	26.23	28.13	103.6	26.44	28.13	101.5	26.41	28.13	101.8	26.67	28.13	99.3
10/06/2018 8:24:52 PM	3611471092	1013.00	26.24	28.13	103.5	26.49	28.13	101.0	26.41	28.13	101.8	26.68	28.13	99.2
10/06/2018 8:24:53 PM	3611471093	1013.00	26.22	28.12	103.7	26.49	28.12	101.0	26.40	28.12	101.9	26.69	28.12	99.1
10/06/2018 8:24:54 PM	3611471094	1013.00	26.25	28.12	103.4	26.47	28.12	101.2	26.42	28.12	101.7	26.68	28.12	99.2
10/06/2018 8:24:55 PM	3611471095	1013.00	26.24	28.12	103.5	26.49	28.12	101.0	26.44	28.12	101.5	26.69	28.12	99.1
10/06/2018 8:24:56 PM	3611471096	1013.00	26.26	28.13	103.3	26.50	28.13	100.9	26.35	28.13	102.4	26.71	28.13	98.9
10/06/2018 8:24:57 PM	3611471097	1013.00	26.23	28.13	103.6	26.48	28.13	101.1	26.40	28.13	101.9	26.67	28.13	99.3
10/06/2018 8:24:58 PM	3611471098	1013.00	26.25	28.13	103.4	26.47	28.13	101.2	26.37	28.13	102.2	26.69	28.13	99.1
10/06/2018 8:24:59 PM	3611471099	1013.00	26.24	28.14	103.5	26.47	28.14	101.2	26.42	28.14	101.7	26.69	28.14	99.1
10/06/2018 8:25:00 PM	3611471100	1013.00	26.25	28.14	103.4	26.51	28.14	100.8	26.39	28.14	102.0	26.70	28.14	99.0
10/06/2018 8:25:01 PM	3611471101	1013.00	26.29	28.14	103.0	26.53	28.14	100.6	26.39	28.14	102.0	26.71	28.14	98.9
10/06/2018 8:25:02 PM	3611471102	1013.00	26.25	28.15	103.4	26.49	28.15	101.0	26.44	28.15	101.5	26.71	28.15	98.9
10/06/2018 8:25:03 PM	3611471103	1013.00	26.24	28.15	103.5	26.52	28.15	100.7	26.41	28.15	101.8	26.72	28.15	98.8
10/06/2018 8:25:04 PM	3611471104	1013.00	26.26	28.14	103.3	26.52	28.14	100.7	26.40	28.14	101.9	26.70	28.14	99.0
10/06/2018 8:25:05 PM	3611471105	1013.00	26.23	28.14	103.6	26.54	28.14	100.5	26.42	28.14	101.7	26.72	28.14	98.8
10/06/2018 8:25:06 PM	3611471106	1013.00	26.27	28.14	103.2	26.55	28.14	100.4	26.45	28.14	101.4	26.72	28.14	98.8
10/06/2018 8:25:07 PM	3611471107	1013.00	26.23	28.14	103.6	26.54	28.14	100.5	26.46	28.14	101.3	26.72	28.14	98.8
10/06/2018 8:25:08 PM	3611471108	1013.00	26.25	28.14	103.4	26.54	28.14	100.5	26.42	28.14	101.7	26.71	28.14	98.9
10/06/2018 8:25:09 PM	3611471109	1013.00	26.27	28.14	103.2	26.56	28.14	100.3	26.40	28.14	101.9	26.71	28.14	98.9
10/06/2018 8:25:10 PM	3611471110	1013.00	26.24	28.14	103.5	26.59	28.14	100.0	26.42	28.14	101.7	26.73	28.14	98.7
10/06/2018 8:25:11 PM	3611471111	1013.00	26.26	28.14	103.3	26.59	28.14	100.0	26.40	28.14	101.9	26.72	28.14	98.8
10/06/2018 8:25:12 PM	3611471112	1013.00	26.24	28.14	103.5	26.65	28.14	99.5	26.45	28.14	101.4	26.73	28.14	98.7
10/06/2018 8:25:13 PM	3611471113	1013.00	26.23	28.14	103.6	26.62	28.14	99.8	26.45	28.14	101.4	26.75	28.14	98.5
10/06/2018 8:25:14 PM	3611471114	1013.00	26.22	28.14	103.7	26.64	28.14	99.6	26.46	28.14	101.3	26.74	28.14	98.6
10/06/2018 8:25:15 PM	3611471115	1013.00	26.25	28.14	103.4	26.64	28.14	99.6	26.43	28.14	101.6	26.72	28.14	98.8
10/06/2018 8:25:16 PM	3611471116	1013.00	26.23	28.14	103.6	26.65	28.14	99.5	26.43	28.14	101.6	26.75	28.14	98.5
10/06/2018 8:25:17 PM	3611471117	1013.00	26.27	28.14	103.2	26.63	28.14	99.7	26.42	28.14	101.7	26.73	28.14	98.7
10/06/2018 8:25:18 PM	3611471118	1013.00	26.22	28.14	103.7	26.68	28.14	99.2	26.44	28.14	101.5	26.78	28.14	98.2
10/06/2018 8:25:19 PM	3611471119	1013.00	26.28	28.14	103.1	26.69	28.14	99.1	26.45	28.14	101.4	26.73	28.14	98.7
10/06/2018 8:25:20 PM	3611471120	1013.00	26.20	28.14	103.9	26.66	28.14	99.4	26.46	28.14	101.3	26.76	28.14	98.4
10/06/2018 8:25:21 PM	3611471121	1013.00	26.26	28.14	103.3	26.69	28.14	99.1	26.45	28.14	101.4	26.75	28.14	98.5
10/06/2018 8:25:22 PM	3611471122	1013.00	26.28	28.14	103.1	26.67	28.14	99.3	26.43	28.14	101.6	26.75	28.14	98.5
10/06/2018 8:25:23 PM	3611471123	1013.00	26.23	28.14	103.6	26.69	28.14	99.1	26.44	28.14	101.5	26.76	28.14	98.4
10/06/2018 8:25:24 PM	3611471124	1013.00	26.22	28.13	103.7	26.70	28.13	99.0	26.41	28.13	101.8	26.77	28.13	98.4
10/06/2018 8:25:25 PM	3611471125	1013.00	26.21	28.13	103.8	26.70	28.13	99.0	26.46	28.13	101.3	26.76	28.13	98.4
10/06/2018 8:25:26 PM	3611471126	1013.00	26.26	28.13	103.3	26.70	28.13	99.0	26.45	28.13	101.4	26.79	28.13	98.2
10/06/2018 8:25:27 PM	3611471127	1013.00	26.26	28.14	103.3	26.73	28.14	98.7	26.43	28.14	101.6	26.77	28.14	98.3
10/06/2018 8:25:28 PM	3611471128	1013.00	26.25	28.14	103.4	26.79	28.14	98.1	26.43	28.14	101.6	26.77	28.14	98.3
10/06/2018 8:25:29 PM	3611471129	1013.00	26.25	28.14	103.4	26.74	28.14	98.6	26.49	28.14	101.0	26.78	28.14	98.2
10/06/2018 8:25:30 PM	3611471130	1013.00	26.22	28.14	103.7	26.74	28.14	98.6	26.43	28.14	101.6	26.76	28.14	98.4
10/06/2018 8:25:31 PM	3611471131	1013.00	26.28	28.14	103.1	26.77	28.14	98.3	26.45	28.14	101.4	26.76	28.14	98.4
10/06/2018 8:25:32 PM	3611471132	1013.00	26.24	28.14	103.5	26.76	28.14	98.4	26.41	28.14	101.8	26.76	28.14	98.4
10/06/2018 8:25:33 PM	3611471133	1013.00	26.24	28.14	103.5	26.77	28.14	98.3	26.45	28.14	101.4	26.79	28.14	98.1
10/06/2018 8:25:34 PM	3611471134	1013.00	26.23	28.14	103.6	26.74	28.14	98.6	26.44	28.14	101.5	26.80	28.14	98.1
10/06/2018 8:25:35 PM	3611471135	1013.00	26.22	28.14	103.7	26.80	28.14	98.1	26.43	28.14	101.6	26.81	28.14	98.0
10/06/2018 8:25:36 PM	3611471136	1013.00	26.21	28.14	103.8	26.76	28.14	98.4	26.47	28.14	101.2	26.78	28.14	98.2
10/06/2018 8:25:37 PM	3611471137	1013.00	26.27	28.14	103.2	26.80	28.14	98.1	26.45	28.14	101.4	26.80	28.14	98.1
10/06/2018 8:25:38 PM	3611471138	1013.00	26.28	28.14	103.1	26.79	28.14	98.1	26.46	28.14	101.3	26.80	28.14	98.1
10/06/2018 8:25:39 PM	3611471139	1013.00	26.22	28.14	103.7	26.79	28.14	98.1	26.45	28.14	101.4	26.82	28.14	97.9
10/06/2018 8:25:40 PM	3611471140	1013.00	26.20	28.14	103.9	26.78	28.14	98.2	26.45	28.14	101.4	26.79	28.14	98.1
10/06/2018 8:25:41 PM	3611471141	1013.00	26.25	28.14	103.4	26.81	28.14	98.0	26.48	28.14	101.1	26.80	28.14	98.1
10/06/2018 8:25:42 PM	3611471142	1013.00	26.28	28.14	103.1	26.82	28.14	97.9	26.44	28.14	101.5	26.80	28.14	98.1
10/06/2018 8:25:43 PM	3611471143	1013.00	26.24	28.14	103.5	26.86	28.14	97.5	26.50	28.14	100.9	26.81	28.14	98.0
10/06/2018 8:25:44 PM	3611471144	1013.00	26.24	28.14	103.5	26.81	28.14	98.0	26.47	28.14	101.2	26.82	28.14	97.9
10/06/2018 8:25:45 PM	3611471145	1013.00	26.24	28.14	103.5	26.88	28.14	97.3	26.48	28.14	101.1	26.83	28.14	97.8
10/06/2018 8:25:46 PM	3611471146	1013.00	26.24	28.14	103.5	26.87	28.14	97.4	26.46	28.14	101.3	26.81	28.14	98.0
10/06/2018 8:25:47 PM	3611471147	1013.00	26.22	28.14	103.7	26.88	28.14	97.3	26.50	28.14	100.9	26.80	28.14	98.1
10/06/2018 8:25:48 PM	3611471148	1013.00	26.23	28.15	103.6	26.89	28.15	97.2	26.45	28.15	101.4	26.81	28.15	97.9
10/06/2018 8:25:49 PM	3611471149	1013.00	26.25	28.15	103.4	26.86	28.15	97.5	26.50	28.15	100.9	26.81	28.15	97.9
10/06/2018 8:25:50 PM	3611471150	1013.00	26.24	28.15	103.5	26.88	28.15	97.3	26.47	28.15	101.2	26.84	28.15	97.7
10/06/2018 8:25:51 PM	3611471151	1013.00	26.22	28.16	103.6	26.89	28.16	97.2	26.47	28.16	101.2	26.81	28.16	97.9
10/06/2018 8:25:52 PM	3611471152	1013.00	26.26	28.16	103.2	26.93	28.16	96.8	26.49	28.16	101.0	26.83	28.16	97.7
10/06/2018 8:25:53 PM	3611471153	1013.00	26.24	28.16	103.4	26.90	28.16	97.1	26.51	28.16	100.8	26.83	28.16	97.7
10/06/2018 8:25:54 PM	3611471154	1013.00	26.19	28.16	103.9	26.94	28.16	96.7	26.50	28.16	100.9	26.83	28.16	97.7
10/06/2018 8:25:55 PM	3611471155	1013.00	26.25	28.16	103.3	26.91	28.16	97.0	26.48	28.16	101.1	26.82	28.16	97.8
10/06/2018 8:25:56 PM	3611471156	1013.00	26.27	28.16	103.1	26.92	28.16	96.9	26.48	28.16	101.1	26.84	28.16	97.6
10/06/2018 8:25:57 PM	3611471157	1013.00	26.24	28.16	103.4	26.97	28.16	96.4	26.51	28.16	100.8	26.86	28.16	97.5
10/06/2018 8:25:58 PM	3611471158	1013.00	26.20	28.16	103.8	26.98	28.16	96.4	26.49	28.16	101.0	26.83	28.16	97.7
10/06/2018 8:25:59 PM	3611471159	1013.00	26.27	28.16	103.1	26.95	28.16	96.6	26.51	28.16	100.8	26.87	28.16	97.4
10/06/2018 8:26:00 PM	3611471160	1013.00	26.27	28.16	103.1	26.94	28.16	96.7	26.55	28.16	100.4	26.85	28.16	97.6
10/06/2018 8:26:01 PM	3611471161	1013.00	26.25	28.16	103.3	26.97	28.16	96.4	26.51	28.16	100.8	26.82	28.16	97.8
10/06/2018 8:26:02 PM	3611471162	1013.00	26.23	28.17	103.5	26.99	28.17	96.2	26.55	28.17	100.4	26.85	28.17	97.5
10/06/2018 8:26:03 PM	3611471163	1013.00	26.24	28.17	103.4	27.00	28.17	96.2	26.56	28.17	100.3	26.85	28.17	97.5
10/06/2018 8:26:04 PM	3611471164	1013.00	26.30	28.17	102.8	27.00	28.17	96.2	26.53	28.17	100.6	26.83	28.17	97.7
10/06/2018 8:26:05 PM	3611471165	1013.00	26.20	28.17	103.8	26.98	28.17	96.3	26.52	28.17	100.7	26.85	28.17	97.5
10/06/2018 8:26:06 PM	3611471166	1013.00	26.26	28.17	103.2	27.02	28.17	96.0	26.54	28.17	100.5	26.85	28.17	97.5
10/06/2018 8:26:07 PM	3611471167	1013.00	26.25	28.16	103.3	27.02	28.16	96.0	26.51	28.16	100.8	26.84	28.16	97.6
10/06/2018 8:26:08 PM	3611471168	1013.00	26.22	28.15	103.7	26.97	28.15	96.5	26.52	28.15	100.7	26.85	28.15	97.6
10/06/2018 8:26:09 PM	3611471169	1013.00	26.22	28.16	103.6	27.03	28.16	95.9	26.54	28.16	100.5	26.85	28.16	97.6
10/06/2018 8:26:10 PM	3611471170	1013.00	26.24	28.16	103.4	26.99	28.16	96.3	26.58	28.16	100.1	26.88	28.16	97.3
10/06/2018 8:26:11 PM	3611471171	1013.00	26.28	28.17	103.0	27.03	28.17	95.9	26.58	28.17	100.1	26.85	28.17	97.5
10/06/2018 8:26:12 PM	3611471172	1013.00	26.29	28.17	102.9	27.07	28.17	95.5	26.58	28.17	100.1	26.86	28.17	97.4
10/06/2018 8:26:13 PM	3611471173	1013.00	26.26	28.17	103.2	27.10	28.17	95.2	26.59	28.17	100.0	26.86	28.17	97.4
10/06/2018 8:26:14 PM	3611471174	1013.00	26.24	28.17	103.4	27.06	28.17	95.6	26.60	28.17	99.9	26.87	28.17	97.3
10/06/2018 8:26:15 PM	3611471175	1013.00	26.23	28.17	103.5	27.04	28.17	95.8	26.60	28.17	99.9	26.86	28.17	97.4
10/06/2018 8:26:16 PM	3611471176	1013.00	26.25	28.17	103.3	27.07	28.17	95.5	26.61	28.17	99.8	26.88	28.17	97.3
10/06/2018 8:26:17 PM	3611471177	1013.00	26.28	28.17	103.0	27.06	28.17	95.6	26.61	28.17	99.8	26.88	28.17	97.3
10/06/2018 8:26:18 PM	3611471178	1013.00	26.29	28.17	102.9	27.09	28.17	95.3	26.60	28.17	99.9	26.89	28.17	97.2
10/06/2018 8:26:19 PM	3611471179	1013.00	26.25	28.17	103.3	27.12	28.17	95.1	26.59	28.17	100.0	26.90	28.17	97.1
10/06/2018 8:26:20 PM	3611471180	1013.00	26.21	28.16	103.7	27.07	28.16	95.5	26.63	28.16	99.6	26.87	28.16	97.4
10/06/2018 8:26:21 PM	3611471181	1013.00	26.23	28.16	103.5	27.13	28.16	95.0	26.60	28.16	99.9	26.87	28.16	97.4
10/06/2018 8:26:22 PM	3611471182	1013.00	26.26	28.16	103.2	27.11	28.16	95.2	26.62	28.16	99.7	26.89	28.16	97.2
10/06/2018 8:26:23 PM	3611471183	1013.00	26.19	28.17	103.9	27.12	28.17	95.1	26.63	28.17	99.6	26.89	28.17	97.2
10/06/2018 8:26:24 PM	3611471184	1013.00	26.22	28.16	103.6	27.16	28.16	94.7	26.63	28.16	99.6	26.90	28.16	97.1
10/06/2018 8:26:25 PM	3611471185	1013.00	26.26	28.17	103.2	27.10	28.17	95.2	26.62	28.17	99.7	26.89	28.17	97.2
10/06/2018 8:26:26 PM	3611471186	1013.00	26.25	28.17	103.3	27.11	28.17	95.2	26.62	28.17	99.7	26.91	28.17	97.0
10/06/2018 8:26:27 PM	3611471187	1013.00	26.27	28.17	103.1	27.12	28.17	95.1	26.64	28.17	99.5	26.90	28.17	97.1
10/06/2018 8:26:28 PM	3611471188	1013.00	26.28	28.18	103.0	27.14	28.18	94.9	26.64	28.18	99.5	26.89	28.18	97.1
10/06/2018 8:26:29 PM	3611471189	1013.00	26.27	28.18	103.1	27.14	28.18	94.9	26.67	28.18	99.2	26.93	28.18	96.8
10/06/2018 8:26:30 PM	3611471190	1013.00	26.21	28.18	103.7	27.17	28.18	94.6	26.67	28.18	99.2	26.91	28.18	97.0
10/06/2018 8:26:31 PM	3611471191	1013.00	26.25	28.18	103.3	27.15	28.18	94.8	26.67	28.18	99.2	26.94	28.18	96.7
10/06/2018 8:26:32 PM	3611471192	1013.00	26.24	28.18	103.4	27.13	28.18	95.0	26.66	28.18	99.3	26.92	28.18	96.9
10/06/2018 8:26:33 PM	3611471193	1013.00	26.25	28.18	103.3	27.16	28.18	94.7	26.69	28.18	99.0	26.93	28.18	96.8
10/06/2018 8:26:34 PM	3611471194	1013.00	26.28	28.17	103.0	27.16	28.17	94.7	26.67	28.17	99.2	26.92	28.17	96.9
10/06/2018 8:26:35 PM	3611471195	1013.00	26.24	28.17	103.4	27.15	28.17	94.8	26.68	28.17	99.1	26.93	28.17	96.8
10/06/2018 8:26:36 PM	3611471196	1013.00	26.23	28.17	103.5	27.15	28.17	94.8	26.67	28.17	99.2	26.94	28.17	96.7
10/06/2018 8:26:37 PM	3611471197	1013.00	26.26	28.17	103.2	27.16	28.17	94.7	26.70	28.17	98.9	26.95	28.17	96.6
10/06/2018 8:26:38 PM	3611471198	1013.00	26.23	28.17	103.5	27.20	28.17	94.3	26.71	28.17	98.8	26.93	28.17	96.8
10/06/2018 8:26:39 PM	3611471199	1013.00	26.23	28.17	103.5	27.19	28.17	94.4	26.70	28.17	98.9	26.94	28.17	96.7
10/06/2018 8:26:40 PM	3611471200	1013.00	26.27	28.17	103.1	27.20	28.17	94.3	26.68	28.17	99.1	26.97	28.17	96.4
10/06/2018 8:26:41 PM	3611471201	1013.00	26.27	28.17	103.1	27.20	28.17	94.3	26.71	28.17	98.8	26.94	28.17	96.7
10/06/2018 8:26:42 PM	3611471202	1013.00	26.26	28.18	103.2	27.18	28.18	94.5	26.73	28.18	98.6	26.96	28.18	96.5
10/06/2018 8:26:43 PM	3611471203	1013.00	26.26	28.17	103.2	27.19	28.17	94.4	26.71	28.17	98.8	26.94	28.17	96.7
10/06/2018 8:26:44 PM	3611471204	1013.00	26.24	28.17	103.4	27.20	28.17	94.3	26.71	28.17	98.8	26.97	28.17	96.4
10/06/2018 8:26:45 PM	3611471205	1013.00	26.21	28.17	103.7	27.18	28.17	94.5	26.75	28.17	98.5	26.97	28.17	96.4
10/06/2018 8:26:46 PM	3611471206	1013.00	26.26	28.17	103.2	27.23	28.17	94.1	26.71	28.17	98.8	26.97	28.17	96.4
10/06/2018 8:26:47 PM	3611471207	1013.00	26.24	28.17	103.4	27.21	28.17	94.3	26.74	28.17	98.6	26.96	28.17	96.5
10/06/2018 8:26:48 PM	3611471208	1013.00	26.29	28.17	102.9	27.26	28.17	93.8	26.75	28.17	98.5	26.97	28.17	96.4
10/06/2018 8:26:49 PM	3611471209	1013.00	26.28	28.17	103.0	27.23	28.17	94.1	26.75	28.17	98.5	26.95	28.17	96.6
10/06/2018 8:26:50 PM	3611471210	1013.00	26.25	28.17	103.3	27.27	28.17	93.7	26.77	28.17	98.3	26.96	28.17	96.5
10/06/2018 8:26:51 PM	3611471211	1013.00	26.20	28.17	103.8	27.22	28.17	94.2	26.73	28.17	98.7	26.97	28.17	96.4
10/06/2018 8:26:52 PM	3611471212	1013.00	26.20	28.17	103.8	27.24	28.17	94.0	26.74	28.17	98.6	26.99	28.17	96.2
10/06/2018 8:26:53 PM	3611471213	1013.00	26.24	28.17	103.4	27.29	28.17	93.5	26.77	28.17	98.3	26.98	28.17	96.3
10/06/2018 8:26:54 PM	3611471214	1013.00	26.25	28.17	103.3	27.26	28.17	93.8	26.77	28.17	98.3	26.95	28.17	96.6
10/06/2018 8:26:55 PM	3611471215	1013.00	26.29	28.17	102.9	27.24	28.17	94.0	26.79	28.17	98.1	26.98	28.17	96.3
10/06/2018 8:26:56 PM	3611471216	1013.00	26.22	28.17	103.6	27.28	28.17	93.6	26.81	28.17	97.9	26.99	28.17	96.2
10/06/2018 8:26:57 PM	3611471217	1013.00	26.28	28.17	103.0	27.28	28.17	93.6	26.80	28.17	98.0	27.02	28.17	96.0
10/06/2018 8:26:58 PM	3611471218	1013.00	26.24	28.17	103.4	27.25	28.17	93.9	26.79	28.17	98.1	27.00	28.17	96.2
10/06/2018 8:26:59 PM	3611471219	1013.00	26.24	28.17	103.4	27.30	28.17	93.5	26.81	28.17	97.9	27.01	28.17	96.1
10/06/2018 8:27:00 PM	3611471220	1013.00	26.33	28.17	102.5	27.28	28.17	93.6	26.84	28.17	97.6	27.03	28.17	95.9
10/06/2018 8:27:01 PM	3611471221	1013.00	26.25	28.17	103.3	27.28	28.17	93.6	26.81	28.17	97.9	27.04	28.17	95.8
10/06/2018 8:27:02 PM	3611471222	1013.00	26.23	28.17	103.5	27.27	28.17	93.7	26.79	28.17	98.1	27.03	28.17	95.9
10/06/2018 8:27:03 PM	3611471223	1013.00	26.26	28.17	103.2	27.31	28.17	93.4	26.84	28.17	97.6	27.01	28.17	96.1
10/06/2018 8:27:04 PM	3611471224	1013.00	26.24	28.17	103.4	27.31	28.17	93.4	26.82	28.17	97.8	27.02	28.17	96.0
10/06/2018 8:27:05 PM	3611471225	1013.00	26.24	28.17	103.4	27.30	28.17	93.5	26.85	28.17	97.5	27.03	28.17	95.9
10/06/2018 8:27:06 PM	3611471226	1013.00	26.27	28.17	103.1	27.28	28.17	93.6	26.85	28.17	97.5	27.04	28.17	95.8
10/06/2018 8:27:07 PM	3611471227	1013.00	26.26	28.17	103.2	27.31	28.17	93.4	26.86	28.17	97.4	27.07	28.17	95.5
10/06/2018 8:27:08 PM	3611471228	1013.00	26.26	28.16	103.2	27.33	28.16	93.2	26.86	28.16	97.5	27.06	28.16	95.6
10/06/2018 8:27:09 PM	3611471229	1013.00	26.28	28.17	103.0	27.33	28.17	93.2	26.86	28.17	97.4	27.06	28.17	95.6
10/06/2018 8:27:10 PM	3611471230	1013.00	26.24	28.17	103.4	27.33	28.17	93.2	26.88	28.17	97.3	27.06	28.17	95.6
10/06/2018 8:27:11 PM	3611471231	1013.00	26.20	28.16	103.8	27.31	28.16	93.4	26.84	28.16	97.6	27.06	28.16	95.6
10/06/2018 8:27:12 PM	3611471232	1013.00	26.26	28.16	103.2	27.32	28.16	93.3	26.86	28.16	97.5	27.07	28.16	95.5
10/06/2018 8:27:13 PM	3611471233	1013.00	26.30	28.16	102.8	27.37	28.16	92.9	26.88	28.16	97.3	27.09	28.16	95.3
10/06/2018 8:27:14 PM	3611471234	1013.00	26.25	28.16	103.3	27.32	28.16	93.3	26.91	28.16	97.0	27.10	28.16	95.3
10/06/2018 8:27:15 PM	3611471235	1013.00	26.24	28.16	103.4	27.34	28.16	93.1	26.89	28.16	97.2	27.07	28.16	95.5
10/06/2018 8:27:16 PM	3611471236	1013.00	26.27	28.16	103.1	27.34	28.16	93.1	26.92	28.16	96.9	27.09	28.16	95.3
10/06/2018 8:27:17 PM	3611471237	1013.00	26.28	28.16	103.0	27.38	28.16	92.8	26.89	28.16	97.2	27.10	28.16	95.3
10/06/2018 8:27:18 PM	3611471238	1013.00	26.28	28.16	103.0	27.35	28.16	93.0	26.89	28.16	97.2	27.09	28.16	95.3
10/06/2018 8:27:19 PM	3611471239	1013.00	26.28	28.16	103.0	27.35	28.16	93.0	26.92	28.16	96.9	27.11	28.16	95.2
10/06/2018 8:27:20 PM	3611471240	1013.00	26.28	28.16	103.0	27.36	28.16	92.9	26.91	28.16	97.0	27.11	28.16	95.2
10/06/2018 8:27:21 PM	3611471241	1013.00	26.21	28.16	103.7	27.35	28.16	93.0	26.89	28.16	97.2	27.12	28.16	95.1
10/06/2018 8:27:22 PM	3611471242	1013.00	26.27	28.15	103.2	27.35	28.15	93.0	26.93	28.15	96.8	27.13	28.15	95.0
10/06/2018 8:27:23 PM	3611471243	1013.00	26.24	28.16	103.4	27.38	28.16	92.8	26.94	28.16	96.7	27.12	28.16	95.1
10/06/2018 8:27:24 PM	3611471244	1013.00	26.30	28.16	102.8	27.34	28.16	93.1	26.91	28.16	97.0	27.14	28.16	94.9
10/06/2018 8:27:25 PM	3611471245	1013.00	26.26	28.16	103.2	27.37	28.16	92.9	26.91	28.16	97.0	27.13	28.16	95.0
10/06/2018 8:27:26 PM	3611471246	1013.00	26.30	28.16	102.8	27.37	28.16	92.9	26.93	28.16	96.8	27.14	28.16	94.9
10/06/2018 8:27:27 PM	3611471247	1013.00	26.27	28.17	103.1	27.36	28.17	92.9	26.97	28.17	96.4	27.14	28.17	94.9
10/06/2018 8:27:28 PM	3611471248	1013.00	26.26	28.16	103.2	27.39	28.16	92.7	26.95	28.16	96.6	27.14	28.16	94.9
10/06/2018 8:27:29 PM	3611471249	1013.00	26.21	28.16	103.7	27.37	28.16	92.9	26.92	28.16	96.9	27.15	28.16	94.8
10/06/2018 8:27:30 PM	3611471250	1013.00	26.24	28.16	103.4	27.41	28.16	92.5	26.95	28.16	96.6	27.15	28.16	94.8
10/06/2018 8:27:31 PM	3611471251	1013.00	26.25	28.16	103.3	27.38	28.16	92.8	26.97	28.16	96.4	27.16	28.16	94.7
10/06/2018 8:27:32 PM	3611471252	1013.00	26.27	28.15	103.2	27.39	28.15	92.7	26.98	28.15	96.4	27.15	28.15	94.8
10/06/2018 8:27:33 PM	3611471253	1013.00	26.24	28.15	103.5	27.40	28.15	92.6	26.98	28.15	96.4	27.16	28.15	94.7
10/06/2018 8:27:34 PM	3611471254	1013.00	26.26	28.15	103.3	27.40	28.15	92.6	26.96	28.15	96.6	27.18	28.15	94.6
10/06/2018 8:27:35 PM	3611471255	1013.00	26.24	28.15	103.5	27.38	28.15	92.8	26.94	28.15	96.7	27.17	28.15	94.6
10/06/2018 8:27:36 PM	3611471256	1013.00	26.22	28.15	103.7	27.38	28.15	92.8	26.98	28.15	96.4	27.19	28.15	94.5
10/06/2018 8:27:37 PM	3611471257	1013.00	26.25	28.15	103.4	27.41	28.15	92.5	26.99	28.15	96.3	27.17	28.15	94.6
10/06/2018 8:27:38 PM	3611471258	1013.00	26.26	28.14	103.3	27.38	28.14	92.8	26.98	28.14	96.4	27.17	28.14	94.7
10/06/2018 8:27:39 PM	3611471259	1013.00	26.26	28.14	103.3	27.42	28.14	92.5	27.00	28.14	96.2	27.19	28.14	94.5
10/06/2018 8:27:40 PM	3611471260	1013.00	26.26	28.13	103.3	27.41	28.13	92.6	27.04	28.13	95.9	27.19	28.13	94.5
10/06/2018 8:27:41 PM	3611471261	1013.00	26.25	28.13	103.4	27.40	28.13	92.6	27.02	28.13	96.0	27.22	28.13	94.2
10/06/2018 8:27:42 PM	3611471262	1013.00	26.26	28.13	103.3	27.44	28.13	92.3	27.04	28.13	95.9	27.20	28.13	94.4
10/06/2018 8:27:43 PM	3611471263	1013.00	26.30	28.13	102.9	27.40	28.13	92.6	27.04	28.13	95.9	27.21	28.13	94.3
10/06/2018 8:27:44 PM	3611471264	1013.00	26.22	28.14	103.7	27.46	28.14	92.1	27.03	28.14	95.9	27.20	28.14	94.4
10/06/2018 8:27:45 PM	3611471265	1013.00	26.25	28.14	103.4	27.43	28.14	92.4	27.04	28.14	95.8	27.19	28.14	94.5
10/06/2018 8:27:46 PM	3611471266	1013.00	26.25	28.14	103.4	27.45	28.14	92.2	27.02	28.14	96.0	27.21	28.14	94.3
10/06/2018 8:27:47 PM	3611471267	1013.00	26.20	28.15	103.9	27.43	28.15	92.3	27.01	28.15	96.1	27.22	28.15	94.2
10/06/2018 8:27:48 PM	3611471268	1013.00	26.26	28.15	103.3	27.45	28.15	92.2	27.08	28.15	95.5	27.22	28.15	94.2
10/06/2018 8:27:49 PM	3611471269	1013.00	26.27	28.15	103.2	27.49	28.15	91.8	27.07	28.15	95.5	27.19	28.15	94.5
10/06/2018 8:27:50 PM	3611471270	1013.00	26.28	28.15	103.1	27.45	28.15	92.2	27.07	28.15	95.5	27.22	28.15	94.2
10/06/2018 8:27:51 PM	3611471271	1013.00	26.26	28.15	103.3	27.48	28.15	91.9	27.07	28.15	95.5	27.23	28.15	94.1
10/06/2018 8:27:52 PM	3611471272	1013.00	26.29	28.14	103.0	27.49	28.14	91.8	27.11	28.14	95.2	27.26	28.14	93.9
10/06/2018 8:27:53 PM	3611471273	1013.00	26.28	28.14	103.1	27.48	28.14	91.9	27.08	28.14	95.5	27.24	28.14	94.0
10/06/2018 8:27:54 PM	3611471274	1013.00	26.26	28.14	103.3	27.50	28.14	91.8	27.11	28.14	95.2	27.22	28.14	94.2
10/06/2018 8:27:55 PM	3611471275	1013.00	26.30	28.14	102.9	27.50	28.14	91.8	27.10	28.14	95.3	27.22	28.14	94.2
10/06/2018 8:27:56 PM	3611471276	1013.00	26.28	28.14	103.1	27.49	28.14	91.8	27.10	28.14	95.3	27.22	28.14	94.2
10/06/2018 8:27:57 PM	3611471277	1013.00	26.29	28.14	103.0	27.47	28.14	92.0	27.11	28.14	95.2	27.24	28.14	94.0
10/06/2018 8:27:58 PM	3611471278	1013.00	26.29	28.13	103.0	27.55	28.13	91.3	27.14	28.13	94.9	27.24	28.13	94.1
10/06/2018 8:27:59 PM	3611471279	1013.00	26.27	28.14	103.2	27.51	28.14	91.7	27.12	28.14	95.1	27.23	28.14	94.1
10/06/2018 8:28:00 PM	3611471280	1013.00	26.26	28.14	103.3	27.52	28.14	91.6	27.14	28.14	94.9	27.24	28.14	94.0
10/06/2018 8:28:01 PM	3611471281	1013.00	26.26	28.14	103.3	27.55	28.14	91.3	27.13	28.14	95.0	27.27	28.14	93.8
10/06/2018 8:28:02 PM	3611471282	1013.00	26.27	28.14	103.2	27.58	28.14	91.1	27.16	28.14	94.8	27.26	28.14	93.9
10/06/2018 8:28:03 PM	3611471283	1013.00	26.26	28.14	103.3	27.57	28.14	91.2	27.17	28.14	94.7	27.27	28.14	93.8
10/06/2018 8:28:04 PM	3611471284	1013.00	26.25	28.14	103.4	27.58	28.14	91.1	27.14	28.14	94.9	27.26	28.14	93.9
10/06/2018 8:28:05 PM	3611471285	1013.00	26.26	28.13	103.3	27.56	28.13	91.3	27.16	28.13	94.8	27.27	28.13	93.8
10/06/2018 8:28:06 PM	3611471286	1013.00	26.25	28.13	103.4	27.54	28.13	91.4	27.18	28.13	94.6	27.27	28.13	93.8
10/06/2018 8:28:07 PM	3611471287	1013.00	26.25	28.13	103.4	27.60	28.13	90.9	27.19	28.13	94.5	27.28	28.13	93.7
10/06/2018 8:28:08 PM	3611471288	1013.00	26.28	28.12	103.1	27.57	28.12	91.2	27.22	28.12	94.2	27.29	28.12	93.6
10/06/2018 8:28:09 PM	3611471289	1013.00	26.31	28.13	102.8	27.57	28.13	91.2	27.21	28.13	94.3	27.24	28.13	94.1
10/06/2018 8:28:10 PM	3611471290	1013.00	26.27	28.13	103.2	27.60	28.13	90.9	27.19	28.13	94.5	27.25	28.13	94.0
10/06/2018 8:28:11 PM	3611471291	1013.00	26.30	28.13	102.9	27.59	28.13	91.0	27.22	28.13	94.2	27.27	28.13	93.8
10/06/2018 8:28:12 PM	3611471292	1013.00	26.25	28.13	103.4	27.60	28.13	90.9	27.22	28.13	94.2	27.28	28.13	93.7
10/06/2018 8:28:13 PM	3611471293	1013.00	26.27	28.13	103.2	27.62	28.13	90.7	27.26	28.13	93.9	27.28	28.13	93.7
10/06/2018 8:28:14 PM	3611471294	1013.00	26.26	28.13	103.3	27.61	28.13	90.8	27.24	28.13	94.1	27.27	28.13	93.8
10/06/2018 8:28:15 PM	3611471295	1013.00	26.26	28.13	103.3	27.66	28.13	90.4	27.25	28.13	94.0	27.28	28.13	93.7
10/06/2018 8:28:16 PM	3611471296	1013.00	26.25	28.13	103.4	27.67	28.13	90.3	27.24	28.13	94.1	27.31	28.13	93.4
10/06/2018 8:28:17 PM	3611471297	1013.00	26.26	28.13	103.3	27.60	28.13	90.9	27.31	28.13	93.4	27.29	28.13	93.6
10/06/2018 8:28:18 PM	3611471298	1013.00	26.33	28.13	102.6	27.60	28.13	90.9	27.30	28.13	93.5	27.31	28.13	93.4
10/06/2018 8:28:19 PM	3611471299	1013.00	26.27	28.13	103.2	27.63	28.13	90.7	27.33	28.13	93.3	27.30	28.13	93.5
10/06/2018 8:28:20 PM	3611471300	1013.00	26.28	28.12	103.1	27.62	28.12	90.8	27.32	28.12	93.4	27.31	28.12	93.4
10/06/2018 8:28:21 PM	3611471301	1013.00	26.27	28.12	103.2	27.64	28.12	90.6	27.33	28.12	93.3	27.32	28.12	93.4
10/06/2018 8:28:22 PM	3611471302	1013.00	26.27	28.13	103.2	27.64	28.13	90.6	27.33	28.13	93.3	27.30	28.13	93.5
10/06/2018 8:28:23 PM	3611471303	1013.00	26.25	28.13	103.4	27.67	28.13	90.3	27.36	28.13	93.0	27.34	28.13	93.2
10/06/2018 8:28:24 PM	3611471304	1013.00	26.25	28.12	103.4	27.69	28.12	90.2	27.39	28.12	92.7	27.32	28.12	93.4
10/06/2018 8:28:25 PM	3611471305	1013.00	26.31	28.12	102.8	27.69	28.12	90.2	27.37	28.12	92.9	27.36	28.12	93.0
10/06/2018 8:28:26 PM	3611471306	1013.00	26.29	28.13	103.0	27.64	28.13	90.6	27.37	28.13	92.9	27.32	28.13	93.3
10/06/2018 8:28:27 PM	3611471307	1013.00	26.25	28.13	103.4	27.65	28.13	90.5	27.39	28.13	92.7	27.36	28.13	93.0
10/06/2018 8:28:28 PM	3611471308	1013.00	26.25	28.12	103.4	27.67	28.12	90.3	27.38	28.12	92.8	27.35	28.12	93.1
10/06/2018 8:28:29 PM	3611471309	1013.00	26.24	28.13	103.5	27.62	28.13	90.7	27.38	28.13	92.8	27.36	28.13	93.0
10/06/2018 8:28:30 PM	3611471310	1013.00	26.29	28.12	103.0	27.67	28.12	90.3	27.39	28.12	92.7	27.34	28.12	93.2
10/06/2018 8:28:31 PM	3611471311	1013.00	26.30	28.12	102.9	27.70	28.12	90.1	27.37	28.12	92.9	27.34	28.12	93.2
10/06/2018 8:28:32 PM	3611471312	1013.00	26.29	28.11	103.0	27.66	28.11	90.4	27.34	28.11	93.2	27.36	28.11	93.0
10/06/2018 8:28:33 PM	3611471313	1013.00	26.29	28.11	103.0	27.65	28.11	90.5	27.40	28.11	92.7	27.37	28.11	92.9
10/06/2018 8:28:34 PM	3611471314	1013.00	26.28	28.12	103.1	27.72	28.12	89.9	27.40	28.12	92.7	27.36	28.12	93.0
10/06/2018 8:28:35 PM	3611471315	1013.00	26.29	28.12	103.0	27.71	28.12	90.0	27.40	28.12	92.7	27.38	28.12	92.8
10/06/2018 8:28:36 PM	3611471316	1013.00	26.28	28.13	103.1	27.70	28.13	90.1	27.42	28.13	92.5	27.36	28.13	93.0
10/06/2018 8:28:37 PM	3611471317	1013.00	26.26	28.13	103.3	27.71	28.13	90.0	27.38	28.13	92.8	27.38	28.13	92.8
10/06/2018 8:28:38 PM	3611471318	1013.00	26.24	28.13	103.5	27.73	28.13	89.8	27.45	28.13	92.2	27.38	28.13	92.8
10/06/2018 8:28:39 PM	3611471319	1013.00	26.25	28.13	103.4	27.74	28.13	89.7	27.43	28.13	92.4	27.38	28.13	92.8
10/06/2018 8:28:40 PM	3611471320	1013.00	26.24	28.12	103.5	27.76	28.12	89.6	27.42	28.12	92.5	27.38	28.12	92.8
10/06/2018 8:28:41 PM	3611471321	1013.00	26.28	28.12	103.1	27.75	28.12	89.7	27.43	28.12	92.4	27.37	28.12	92.9
10/06/2018 8:28:42 PM	3611471322	1013.00	26.30	28.12	102.9	27.77	28.12	89.5	27.44	28.12	92.3	27.40	28.12	92.7
10/06/2018 8:28:43 PM	3611471323	1013.00	26.31	28.12	102.8	27.73	28.12	89.8	27.44	28.12	92.3	27.40	28.12	92.7
10/06/2018 8:28:44 PM	3611471324	1013.00	26.30	28.12	102.9	27.75	28.12	89.7	27.44	28.12	92.3	27.39	28.12	92.7
10/06/2018 8:28:45 PM	3611471325	1013.00	26.31	28.12	102.8	27.79	28.12	89.3	27.43	28.12	92.4	27.41	28.12	92.6
10/06/2018 8:28:46 PM	3611471326	1013.00	26.26	28.12	103.3	27.73	28.12	89.8	27.47	28.12	92.0	27.43	28.12	92.4
10/06/2018 8:28:47 PM	3611471327	1013.00	26.31	28.12	102.8	27.78	28.12	89.4	27.46	28.12	92.1	27.40	28.12	92.7
10/06/2018 8:28:48 PM	3611471328	1013.00	26.29	28.12	103.0	27.78	28.12	89.4	27.45	28.12	92.2	27.38	28.12	92.8
10/06/2018 8:28:49 PM	3611471329	1013.00	26.28	28.12	103.1	27.81	28.12	89.2	27.49	28.12	91.9	27.42	28.12	92.5
10/06/2018 8:28:50 PM	3611471330	1013.00	26.25	28.12	103.4	27.79	28.12	89.3	27.48	28.12	92.0	27.42	28.12	92.5
10/06/2018 8:28:51 PM	3611471331	1013.00	26.26	28.12	103.3	27.84	28.12	88.9	27.50	28.12	91.8	27.41	28.12	92.6
10/06/2018 8:28:52 PM	3611471332	1013.00	26.37	28.13	102.2	27.82	28.13	89.1	27.52	28.13	91.6	27.44	28.13	92.3
10/06/2018 8:28:53 PM	3611471333	1013.00	26.27	28.13	103.2	27.82	28.13	89.1	27.50	28.13	91.8	27.42	28.13	92.5
10/06/2018 8:28:54 PM	3611471334	1013.00	26.29	28.13	103.0	27.86	28.13	88.7	27.49	28.13	91.9	27.42	28.13	92.5
10/06/2018 8:28:55 PM	3611471335	1013.00	26.29	28.12	103.0	27.87	28.12	88.7	27.53	28.12	91.5	27.43	28.12	92.4
10/06/2018 8:28:56 PM	3611471336	1013.00	26.28	28.12	103.1	27.88	28.12	88.6	27.52	28.12	91.6	27.45	28.12	92.2
10/06/2018 8:28:57 PM	3611471337	1013.00	26.33	28.12	102.6	27.89	28.12	88.5	27.56	28.12	91.3	27.43	28.12	92.4
10/06/2018 8:28:58 PM	3611471338	1013.00	26.25	28.12	103.4	27.85	28.12	88.8	27.55	28.12	91.4	27.42	28.12	92.5
10/06/2018 8:28:59 PM	3611471339	1013.00	26.27	28.12	103.2	27.89	28.12	88.5	27.55	28.12	91.4	27.44	28.12	92.3
10/06/2018 8:29:00 PM	3611471340	1013.00	26.27	28.12	103.2	27.92	28.12	88.2	27.52	28.12	91.6	27.44	28.12	92.3
10/06/2018 8:29:01 PM	3611471341	1013.00	26.26	28.12	103.3	27.91	28.12	88.3	27.53	28.12	91.5	27.46	28.12	92.1
10/06/2018 8:29:02 PM	3611471342	1013.00	26.30	28.12	102.9	27.93	28.12	88.2	27.58	28.12	91.1	27.45	28.12	92.2
10/06/2018 8:29:03 PM	3611471343	1013.00	26.28	28.11	103.1	27.95	28.11	88.0	27.55	28.11	91.4	27.47	28.11	92.1
10/06/2018 8:29:04 PM	3611471344	1013.00	26.25	28.11	103.4	27.98	28.11	87.8	27.54	28.11	91.5	27.46	28.11	92.2
10/06/2018 8:29:05 PM	3611471345	1013.00	26.29	28.11	103.0	27.97	28.11	87.9	27.58	28.11	91.1	27.47	28.11	92.1
10/06/2018 8:29:06 PM	3611471346	1013.00	26.28	28.11	103.1	27.97	28.11	87.9	27.58	28.11	91.1	27.49	28.11	91.9
10/06/2018 8:29:07 PM	3611471347	1013.00	26.30	28.11	102.9	27.98	28.11	87.8	27.57	28.11	91.2	27.48	28.11	92.0
10/06/2018 8:29:08 PM	3611471348	1013.00	26.31	28.12	102.8	27.98	28.12	87.8	27.56	28.12	91.3	27.51	28.12	91.7
10/06/2018 8:29:09 PM	3611471349	1013.00	26.27	28.11	103.2	27.99	28.11	87.7	27.60	28.11	90.9	27.51	28.11	91.7
10/06/2018 8:29:10 PM	3611471350	1013.00	26.26	28.11	103.3	28.01	28.11	87.5	27.59	28.11	91.0	27.49	28.11	91.9
10/06/2018 8:29:11 PM	3611471351	1013.00	26.27	28.11	103.2	27.97	28.11	87.9	27.59	28.11	91.0	27.52	28.11	91.6
10/06/2018 8:29:12 PM	3611471352	1013.00	26.26	28.11	103.3	28.02	28.11	87.4	27.60	28.11	90.9	27.51	28.11	91.7
10/06/2018 8:29:13 PM	3611471353	1013.00	26.28	28.11	103.1	28.01	28.11	87.5	27.63	28.11	90.7	27.51	28.11	91.7
10/06/2018 8:29:14 PM	3611471354	1013.00	26.28	28.11	103.1	28.05	28.11	87.2	27.63	28.11	90.7	27.49	28.11	91.9
10/06/2018 8:29:15 PM	3611471355	1013.00	26.27	28.11	103.2	28.06	28.11	87.1	27.61	28.11	90.9	27.53	28.11	91.5
10/06/2018 8:29:16 PM	3611471356	1013.00	26.29	28.12	103.0	28.03	28.12	87.4	27.68	28.12	90.3	27.53	28.12	91.5
10/06/2018 8:29:17 PM	3611471357	1013.00	26.31	28.12	102.8	28.00	28.12	87.6	27.64	28.12	90.6	27.53	28.12	91.5
10/06/2018 8:29:18 PM	3611471358	1013.00	26.30	28.12	102.9	28.03	28.12	87.4	27.64	28.12	90.6	27.53	28.12	91.5
10/06/2018 8:29:19 PM	3611471359	1013.00	26.27	28.12	103.2	28.01	28.12	87.5	27.60	28.12	90.9	27.51	28.12	91.7
10/06/2018 8:29:20 PM	3611471360	1013.00	26.31	28.12	102.8	28.10	28.12	86.8	27.64	28.12	90.6	27.55	28.12	91.4
10/06/2018 8:29:21 PM	3611471361	1013.00	26.30	28.12	102.9	28.06	28.12	87.1	27.68	28.12	90.3	27.55	28.12	91.4
10/06/2018 8:29:22 PM	3611471362	1013.00	26.32	28.11	102.7	28.07	28.11	87.0	27.66	28.11	90.4	27.55	28.11	91.4
10/06/2018 8:29:23 PM	3611471363	1013.00	26.31	28.11	102.8	28.04	28.11	87.3	27.69	28.11	90.2	27.55	28.11	91.4
10/06/2018 8:29:24 PM	3611471364	1013.00	26.28	28.12	103.1	28.08	28.12	86.9	27.68	28.12	90.3	27.56	28.12	91.3
10/06/2018 8:29:25 PM	3611471365	1013.00	26.29	28.12	103.0	28.11	28.12	86.7	27.68	28.12	90.3	27.58	28.12	91.1
10/06/2018 8:29:26 PM	3611471366	1013.00	26.27	28.12	103.2	28.10	28.12	86.8	27.69	28.12	90.2	27.57	28.12	91.2
10/06/2018 8:29:27 PM	3611471367	1013.00	26.29	28.13	103.0	28.04	28.13	87.3	27.68	28.13	90.2	27.57	28.13	91.2
10/06/2018 8:29:28 PM	3611471368	1013.00	26.25	28.13	103.4	28.06	28.13	87.1	27.69	28.13	90.2	27.61	28.13	90.8
10/06/2018 8:29:29 PM	3611471369	1013.00	26.26	28.13	103.3	28.10	28.13	86.8	27.71	28.13	90.0	27.57	28.13	91.2
10/06/2018 8:29:30 PM	3611471370	1013.00	26.25	28.12	103.4	28.12	28.12	86.6	27.70	28.12	90.1	27.59	28.12	91.0
10/06/2018 8:29:31 PM	3611471371	1013.00	26.29	28.12	103.0	28.12	28.12	86.6	27.69	28.12	90.2	27.60	28.12	90.9
10/06/2018 8:29:32 PM	3611471372	1013.00	26.31	28.11	102.8	28.14	28.11	86.5	27.72	28.11	89.9	27.58	28.11	91.1
10/06/2018 8:29:33 PM	3611471373	1013.00	26.30	28.12	102.9	28.13	28.12	86.5	27.70	28.12	90.1	27.59	28.12	91.0
10/06/2018 8:29:34 PM	3611471374	1013.00	26.26	28.12	103.3	28.19	28.12	86.1	27.70	28.12	90.1	27.62	28.12	90.8
10/06/2018 8:29:35 PM	3611471375	1013.00	26.29	28.12	103.0	28.15	28.12	86.4	27.74	28.12	89.7	27.59	28.12	91.0
10/06/2018 8:29:36 PM	3611471376	1013.00	26.27	28.13	103.2	28.16	28.13	86.3	27.74	28.13	89.7	27.63	28.13	90.7
10/06/2018 8:29:37 PM	3611471377	1013.00	26.28	28.13	103.1	28.19	28.13	86.0	27.75	28.13	89.6	27.61	28.13	90.8
10/06/2018 8:29:38 PM	3611471378	1013.00	26.31	28.13	102.8	28.21	28.13	85.9	27.76	28.13	89.6	27.63	28.13	90.7
10/06/2018 8:29:39 PM	3611471379	1013.00	26.29	28.13	103.0	28.17	28.13	86.2	27.78	28.13	89.4	27.66	28.13	90.4
10/06/2018 8:29:40 PM	3611471380	1013.00	26.33	28.13	102.6	28.22	28.13	85.8	27.77	28.13	89.5	27.63	28.13	90.7
10/06/2018 8:29:41 PM	3611471381	1013.00	26.32	28.12	102.7	28.25	28.12	85.6	27.76	28.12	89.6	27.68	28.12	90.3
10/06/2018 8:29:42 PM	3611471382	1013.00	26.26	28.12	103.3	28.24	28.12	85.7	27.79	28.12	89.3	27.66	28.12	90.4
10/06/2018 8:29:43 PM	3611471383	1013.00	26.33	28.12	102.6	28.21	28.12	85.9	27.77	28.12	89.5	27.69	28.12	90.2
10/06/2018 8:29:44 PM	3611471384	1013.00	26.26	28.12	103.3	28.23	28.12	85.7	27.79	28.12	89.3	27.71	28.12	90.0
10/06/2018 8:29:45 PM	3611471385	1013.00	26.30	28.12	102.9	28.28	28.12	85.3	27.76	28.12	89.6	27.67	28.12	90.3
10/06/2018 8:29:46 PM	3611471386	1013.00	26.31	28.12	102.8	28.28	28.12	85.3	27.80	28.12	89.2	27.70	28.12	90.1
10/06/2018 8:29:47 PM	3611471387	1013.00	26.30	28.13	102.9	28.26	28.13	85.5	27.80	28.13	89.2	27.71	28.13	90.0
10/06/2018 8:29:48 PM	3611471388	1013.00	26.23	28.13	103.6	28.28	28.13	85.3	27.85	28.13	88.8	27.70	28.13	90.1
10/06/2018 8:29:49 PM	3611471389	1013.00	26.31	28.12	102.8	28.31	28.12	85.1	27.85	28.12	88.8	27.69	28.12	90.2
10/06/2018 8:29:50 PM	3611471390	1013.00	26.28	28.13	103.1	28.31	28.13	85.1	27.91	28.13	88.3	27.69	28.13	90.2
10/06/2018 8:29:51 PM	3611471391	1013.00	26.29	28.13	103.0	28.34	28.13	84.9	27.90	28.13	88.4	27.70	28.13	90.1
10/06/2018 8:29:52 PM	3611471392	1013.00	26.32	28.12	102.7	28.39	28.12	84.5	27.89	28.12	88.5	27.70	28.12	90.1
10/06/2018 8:29:53 PM	3611471393	1013.00	26.27	28.12	103.2	28.33	28.12	85.0	27.86	28.12	88.7	27.73	28.12	89.8
10/06/2018 8:29:54 PM	3611471394	1013.00	26.33	28.12	102.6	28.30	28.12	85.2	27.91	28.12	88.3	27.71	28.12	90.0
10/06/2018 8:29:55 PM	3611471395	1013.00	26.31	28.11	102.8	28.35	28.11	84.8	27.92	28.11	88.3	27.71	28.11	90.0
10/06/2018 8:29:56 PM	3611471396	1013.00	26.34	28.11	102.5	28.37	28.11	84.7	27.92	28.11	88.3	27.71	28.11	90.0
10/06/2018 8:29:57 PM	3611471397	1013.00	26.31	28.10	102.8	28.37	28.10	84.7	27.91	28.10	88.4	27.74	28.10	89.8
10/06/2018 8:29:58 PM	3611471398	1013.00	26.29	28.10	103.0	28.37	28.10	84.7	27.96	28.10	88.0	27.72	28.10	89.9
10/06/2018 8:29:59 PM	3611471399	1013.00	26.30	28.10	102.9	28.39	28.10	84.5	27.95	28.10	88.0	27.74	28.10	89.8
10/06/2018 8:30:00 PM	3611471400	1013.00	26.36	28.10	102.4	28.43	28.10	84.2	27.92	28.10	88.3	27.72	28.10	89.9
10/06/2018 8:30:01 PM	3611471401	1013.00	26.31	28.10	102.8	28.39	28.10	84.5	27.95	28.10	88.0	27.75	28.10	89.7
10/06/2018 8:30:02 PM	3611471402	1013.00	26.30	28.11	102.9	28.47	28.11	83.9	27.93	28.11	88.2	27.73	28.11	89.8
10/06/2018 8:30:03 PM	3611471403	1013.00	26.28	28.12	103.1	28.43	28.12	84.2	27.93	28.12	88.2	27.74	28.12	89.7
10/06/2018 8:30:04 PM	3611471404	1013.00	26.27	28.12	103.2	28.44	28.12	84.1	27.97	28.12	87.8	27.76	28.12	89.6
10/06/2018 8:30:05 PM	3611471405	1013.00	26.29	28.13	103.0	28.42	28.13	84.2	27.95	28.13	88.0	27.73	28.13	89.8
10/06/2018 8:30:06 PM	3611471406	1013.00	26.34	28.13	102.5	28.47	28.13	83.8	27.97	28.13	87.8	27.76	28.13	89.6
10/06/2018 8:30:07 PM	3611471407	1013.00	26.35	28.13	102.4	28.47	28.13	83.8	27.93	28.13	88.2	27.76	28.13	89.6
10/06/2018 8:30:08 PM	3611471408	1013.00	26.35	28.13	102.4	28.47	28.13	83.8	28.00	28.13	87.6	27.78	28.13	89.4
10/06/2018 8:30:09 PM	3611471409	1013.00	26.28	28.12	103.1	28.52	28.12	83.5	28.01	28.12	87.5	27.76	28.12	89.6
10/06/2018 8:30:10 PM	3611471410	1013.00	26.33	28.11	102.6	28.49	28.11	83.7	27.97	28.11	87.9	27.75	28.11	89.7
10/06/2018 8:30:11 PM	3611471411	1013.00	26.27	28.12	103.2	28.50	28.12	83.6	27.96	28.12	87.9	27.75	28.12	89.7
10/06/2018 8:30:12 PM	3611471412	1013.00	26.28	28.12	103.1	28.47	28.12	83.9	28.00	28.12	87.6	27.78	28.12	89.4
10/06/2018 8:30:13 PM	3611471413	1013.00	26.30	28.12	102.9	28.50	28.12	83.6	27.98	28.12	87.8	27.75	28.12	89.7
10/06/2018 8:30:14 PM	3611471414	1013.00	26.33	28.13	102.6	28.51	28.13	83.5	28.00	28.13	87.6	27.77	28.13	89.5
10/06/2018 8:30:15 PM	3611471415	1013.00	26.31	28.14	102.8	28.50	28.14	83.6	28.01	28.14	87.5	27.77	28.14	89.5
10/06/2018 8:30:16 PM	3611471416	1013.00	26.27	28.14	103.2	28.48	28.14	83.8	28.01	28.14	87.5	27.79	28.14	89.3
10/06/2018 8:30:17 PM	3611471417	1013.00	26.29	28.14	103.0	28.50	28.14	83.6	27.98	28.14	87.7	27.79	28.14	89.3
10/06/2018 8:30:18 PM	3611471418	1013.00	26.28	28.14	103.1	28.51	28.14	83.5	28.01	28.14	87.5	27.77	28.14	89.5
10/06/2018 8:30:19 PM	3611471419	1013.00	26.33	28.15	102.6	28.52	28.15	83.4	28.01	28.15	87.5	27.81	28.15	89.1
10/06/2018 8:30:20 PM	3611471420	1013.00	26.30	28.15	102.9	28.52	28.15	83.4	28.05	28.15	87.1	27.79	28.15	89.3
10/06/2018 8:30:21 PM	3611471421	1013.00	26.32	28.15	102.7	28.56	28.15	83.1	28.03	28.15	87.3	27.79	28.15	89.3
10/06/2018 8:30:22 PM	3611471422	1013.00	26.31	28.14	102.8	28.55	28.14	83.2	28.04	28.14	87.2	27.81	28.14	89.1
10/06/2018 8:30:23 PM	3611471423	1013.00	26.31	28.14	102.8	28.54	28.14	83.3	28.03	28.14	87.3	27.80	28.14	89.2
10/06/2018 8:30:24 PM	3611471424	1013.00	26.32	28.14	102.7	28.59	28.14	82.9	28.03	28.14	87.3	27.80	28.14	89.2
10/06/2018 8:30:25 PM	3611471425	1013.00	26.32	28.15	102.7	28.54	28.15	83.3	28.04	28.15	87.2	27.81	28.15	89.1
10/06/2018 8:30:26 PM	3611471426	1013.00	26.36	28.15	102.3	28.53	28.15	83.4	28.02	28.15	87.4	27.79	28.15	89.3
10/06/2018 8:30:27 PM	3611471427	1013.00	26.30	28.15	102.9	28.56	28.15	83.1	28.05	28.15	87.1	27.80	28.15	89.2
10/06/2018 8:30:28 PM	3611471428	1013.00	26.30	28.15	102.9	28.58	28.15	83.0	28.02	28.15	87.4	27.81	28.15	89.1
10/06/2018 8:30:29 PM	3611471429	1013.00	26.32	28.15	102.7	28.55	28.15	83.2	28.04	28.15	87.2	27.82	28.15	89.0
10/06/2018 8:30:30 PM	3611471430	1013.00	26.29	28.15	103.0	28.58	28.15	83.0	28.10	28.15	86.7	27.81	28.15	89.1
10/06/2018 8:30:31 PM	3611471431	1013.00	26.31	28.15	102.8	28.58	28.15	83.0	28.07	28.15	87.0	27.83	28.15	88.9
10/06/2018 8:30:32 PM	3611471432	1013.00	26.30	28.15	102.9	28.59	28.15	82.9	28.03	28.15	87.3	27.82	28.15	89.0
10/06/2018 8:30:33 PM	3611471433	1013.00	26.34	28.15	102.5	28.63	28.15	82.6	28.05	28.15	87.1	27.84	28.15	88.9
10/06/2018 8:30:34 PM	3611471434	1013.00	26.33	28.16	102.5	28.61	28.16	82.7	28.08	28.16	86.9	27.85	28.16	88.8
10/06/2018 8:30:35 PM	3611471435	1013.00	26.31	28.15	102.8	28.60	28.15	82.8	28.06	28.15	87.1	27.86	28.15	88.7
10/06/2018 8:30:36 PM	3611471436	1013.00	26.31	28.15	102.8	28.62	28.15	82.7	28.07	28.15	87.0	27.85	28.15	88.8
10/06/2018 8:30:37 PM	3611471437	1013.00	26.31	28.15	102.8	28.65	28.15	82.4	28.10	28.15	86.7	27.85	28.15	88.8
10/06/2018 8:30:38 PM	3611471438	1013.00	26.30	28.15	102.9	28.64	28.15	82.5	28.09	28.15	86.8	27.87	28.15	88.6
10/06/2018 8:30:39 PM	3611471439	1013.00	26.33	28.14	102.6	28.64	28.14	82.5	28.09	28.14	86.8	27.89	28.14	88.5
10/06/2018 8:30:40 PM	3611471440	1013.00	26.28	28.14	103.1	28.66	28.14	82.4	28.12	28.14	86.6	27.87	28.14	88.6
10/06/2018 8:30:41 PM	3611471441	1013.00	26.36	28.14	102.3	28.65	28.14	82.5	28.09	28.14	86.8	27.89	28.14	88.5
10/06/2018 8:30:42 PM	3611471442	1013.00	26.32	28.14	102.7	28.66	28.14	82.4	28.08	28.14	86.9	27.87	28.14	88.6
10/06/2018 8:30:43 PM	3611471443	1013.00	26.32	28.14	102.7	28.65	28.14	82.5	28.13	28.14	86.5	27.89	28.14	88.5
10/06/2018 8:30:44 PM	3611471444	1013.00	26.34	28.15	102.5	28.68	28.15	82.2	28.14	28.15	86.4	27.91	28.15	88.3
10/06/2018 8:30:45 PM	3611471445	1013.00	26.30	28.15	102.9	28.65	28.15	82.4	28.11	28.15	86.7	27.90	28.15	88.4
10/06/2018 8:30:46 PM	3611471446	1013.00	26.34	28.15	102.5	28.67	28.15	82.3	28.13	28.15	86.5	27.93	28.15	88.1
10/06/2018 8:30:47 PM	3611471447	1013.00	26.31	28.15	102.8	28.67	28.15	82.3	28.15	28.15	86.3	27.93	28.15	88.1
10/06/2018 8:30:48 PM	3611471448	1013.00	26.30	28.15	102.9	28.66	28.15	82.4	28.13	28.15	86.5	27.93	28.15	88.1
10/06/2018 8:30:49 PM	3611471449	1013.00	26.31	28.14	102.8	28.69	28.14	82.2	28.13	28.14	86.5	27.94	28.14	88.1
10/06/2018 8:30:50 PM	3611471450	1013.00	26.27	28.15	103.2	28.70	28.15	82.1	28.15	28.15	86.3	27.95	28.15	88.0
10/06/2018 8:30:51 PM	3611471451	1013.00	26.34	28.15	102.5	28.68	28.15	82.2	28.10	28.15	86.7	27.94	28.15	88.0
10/06/2018 8:30:52 PM	3611471452	1013.00	26.34	28.15	102.5	28.70	28.15	82.1	28.16	28.15	86.3	27.95	28.15	88.0
10/06/2018 8:30:53 PM	3611471453	1013.00	26.32	28.15	102.7	28.71	28.15	82.0	28.16	28.15	86.3	27.95	28.15	88.0
10/06/2018 8:30:54 PM	3611471454	1013.00	26.33	28.15	102.6	28.72	28.15	81.9	28.16	28.15	86.3	27.97	28.15	87.8
10/06/2018 8:30:55 PM	3611471455	1013.00	26.33	28.15	102.6	28.72	28.15	81.9	28.17	28.15	86.2	27.98	28.15	87.7
10/06/2018 8:30:56 PM	3611471456	1013.00	26.33	28.15	102.6	28.72	28.15	81.9	28.18	28.15	86.1	27.98	28.15	87.7
10/06/2018 8:30:57 PM	3611471457	1013.00	26.30	28.15	102.9	28.73	28.15	81.8	28.16	28.15	86.3	28.00	28.15	87.5
10/06/2018 8:30:58 PM	3611471458	1013.00	26.36	28.15	102.3	28.74	28.15	81.8	28.17	28.15	86.2	27.98	28.15	87.7
10/06/2018 8:30:59 PM	3611471459	1013.00	26.31	28.15	102.8	28.75	28.15	81.7	28.20	28.15	85.9	27.99	28.15	87.6
10/06/2018 8:31:00 PM	3611471460	1013.00	26.29	28.15	103.0	28.74	28.15	81.8	28.19	28.15	86.0	28.00	28.15	87.5
10/06/2018 8:31:01 PM	3611471461	1013.00	26.35	28.16	102.3	28.77	28.16	81.5	28.18	28.16	86.1	28.02	28.16	87.4
10/06/2018 8:31:02 PM	3611471462	1013.00	26.34	28.15	102.5	28.77	28.15	81.5	28.21	28.15	85.9	28.03	28.15	87.3
10/06/2018 8:31:03 PM	3611471463	1013.00	26.32	28.15	102.7	28.76	28.15	81.6	28.21	28.15	85.9	28.01	28.15	87.5
10/06/2018 8:31:04 PM	3611471464	1013.00	26.32	28.15	102.7	28.77	28.15	81.5	28.21	28.15	85.9	28.01	28.15	87.5
10/06/2018 8:31:05 PM	3611471465	1013.00	26.30	28.15	102.9	28.76	28.15	81.6	28.18	28.15	86.1	28.03	28.15	87.3
10/06/2018 8:31:06 PM	3611471466	1013.00	26.31	28.14	102.8	28.79	28.14	81.4	28.18	28.14	86.1	28.04	28.14	87.2
10/06/2018 8:31:07 PM	3611471467	1013.00	26.29	28.15	103.0	28.81	28.15	81.2	28.24	28.15	85.6	28.01	28.15	87.5
10/06/2018 8:31:08 PM	3611471468	1013.00	26.30	28.15	102.9	28.82	28.15	81.2	28.18	28.15	86.1	28.04	28.15	87.2
10/06/2018 8:31:09 PM	3611471469	1013.00	26.31	28.14	102.8	28.84	28.14	81.0	28.20	28.14	86.0	28.05	28.14	87.2
10/06/2018 8:31:10 PM	3611471470	1013.00	26.30	28.14	102.9	28.84	28.14	81.0	28.22	28.14	85.8	28.07	28.14	87.0
10/06/2018 8:31:11 PM	3611471471	1013.00	26.29	28.14	103.0	28.88	28.14	80.7	28.21	28.14	85.9	28.06	28.14	87.1
10/06/2018 8:31:12 PM	3611471472	1013.00	26.32	28.14	102.7	28.84	28.14	81.0	28.21	28.14	85.9	28.05	28.14	87.2
10/06/2018 8:31:13 PM	3611471473	1013.00	26.32	28.15	102.7	28.86	28.15	80.9	28.21	28.15	85.9	28.07	28.15	87.0
10/06/2018 8:31:14 PM	3611471474	1013.00	26.30	28.15	102.9	28.92	28.15	80.4	28.20	28.15	85.9	28.06	28.15	87.1
10/06/2018 8:31:15 PM	3611471475	1013.00	26.34	28.15	102.5	28.92	28.15	80.4	28.23	28.15	85.7	28.04	28.15	87.2
10/06/2018 8:31:16 PM	3611471476	1013.00	26.35	28.15	102.4	29.00	28.15	79.8	28.22	28.15	85.8	28.07	28.15	87.0
10/06/2018 8:31:17 PM	3611471477	1013.00	26.34	28.16	102.4	28.96	28.16	80.1	28.22	28.16	85.8	28.07	28.16	87.0
10/06/2018 8:31:18 PM	3611471478	1013.00	26.34	28.15	102.5	29.01	28.15	79.8	28.24	28.15	85.6	28.07	28.15	87.0
10/06/2018 8:31:19 PM	3611471479	1013.00	26.33	28.14	102.6	29.02	28.14	79.7	28.22	28.14	85.8	28.07	28.14	87.0
10/06/2018 8:31:20 PM	3611471480	1013.00	26.32	28.14	102.7	29.05	28.14	79.5	28.23	28.14	85.7	28.07	28.14	87.0
10/06/2018 8:31:21 PM	3611471481	1013.00	26.39	28.14	102.0	29.06	28.14	79.4	28.26	28.14	85.5	28.08	28.14	86.9
10/06/2018 8:31:22 PM	3611471482	1013.00	26.35	28.14	102.4	29.07	28.14	79.4	28.21	28.14	85.9	28.09	28.14	86.8
10/06/2018 8:31:23 PM	3611471483	1013.00	26.30	28.14	102.9	29.11	28.14	79.1	28.25	28.14	85.6	28.12	28.14	86.6
10/06/2018 8:31:24 PM	3611471484	1013.00	26.34	28.14	102.5	29.11	28.14	79.1	28.24	28.14	85.6	28.08	28.14	86.9
10/06/2018 8:31:25 PM	3611471485	1013.00	26.30	28.15	102.9	29.10	28.15	79.1	28.25	28.15	85.5	28.08	28.15	86.9
10/06/2018 8:31:26 PM	3611471486	1013.00	26.32	28.14	102.7	29.13	28.14	78.9	28.24	28.14	85.6	28.08	28.14	86.9
10/06/2018 8:31:27 PM	3611471487	1013.00	26.28	28.14	103.1	29.14	28.14	78.8	28.30	28.14	85.2	28.11	28.14	86.7
10/06/2018 8:31:28 PM	3611471488	1013.00	26.30	28.14	102.9	29.16	28.14	78.7	28.29	28.14	85.2	28.08	28.14	86.9
10/06/2018 8:31:29 PM	3611471489	1013.00	26.32	28.15	102.7	29.20	28.15	78.4	28.30	28.15	85.1	28.11	28.15	86.7
10/06/2018 8:31:30 PM	3611471490	1013.00	26.29	28.14	103.0	29.13	28.14	78.9	28.32	28.14	85.0	28.12	28.14	86.6
10/06/2018 8:31:31 PM	3611471491	1013.00	26.29	28.14	103.0	29.18	28.14	78.6	28.30	28.14	85.2	28.09	28.14	86.8
10/06/2018 8:31:32 PM	3611471492	1013.00	26.32	28.15	102.7	29.17	28.15	78.6	28.31	28.15	85.1	28.14	28.15	86.4
10/06/2018 8:31:33 PM	3611471493	1013.00	26.31	28.15	102.8	29.15	28.15	78.8	28.31	28.15	85.1	28.11	28.15	86.7
10/06/2018 8:31:34 PM	3611471494	1013.00	26.34	28.15	102.5	29.19	28.15	78.5	28.32	28.15	85.0	28.09	28.15	86.8
10/06/2018 8:31:35 PM	3611471495	1013.00	26.35	28.15	102.4	29.17	28.15	78.6	28.34	28.15	84.8	28.13	28.15	86.5
10/06/2018 8:31:36 PM	3611471496	1013.00	26.36	28.16	102.2	29.16	28.16	78.7	28.34	28.16	84.8	28.15	28.16	86.3
10/06/2018 8:31:37 PM	3611471497	1013.00	26.34	28.16	102.4	29.15	28.16	78.7	28.32	28.16	85.0	28.15	28.16	86.3
10/06/2018 8:31:38 PM	3611471498	1013.00	26.32	28.17	102.6	29.17	28.17	78.6	28.33	28.17	84.9	28.13	28.17	86.5
10/06/2018 8:31:39 PM	3611471499	1013.00	26.31	28.16	102.7	29.16	28.16	78.7	28.33	28.16	84.9	28.13	28.16	86.5
10/06/2018 8:31:40 PM	3611471500	1013.00	26.33	28.16	102.5	29.15	28.16	78.7	28.33	28.16	84.9	28.16	28.16	86.2
10/06/2018 8:31:41 PM	3611471501	1013.00	26.37	28.17	102.1	29.22	28.17	78.2	28.31	28.17	85.0	28.18	28.17	86.1
10/06/2018 8:31:42 PM	3611471502	1013.00	26.31	28.16	102.7	29.18	28.16	78.5	28.30	28.16	85.1	28.13	28.16	86.5
10/06/2018 8:31:43 PM	3611471503	1013.00	26.36	28.17	102.2	29.20	28.17	78.4	28.35	28.17	84.7	28.17	28.17	86.1
10/06/2018 8:31:44 PM	3611471504	1013.00	26.33	28.17	102.5	29.23	28.17	78.2	28.38	28.17	84.5	28.19	28.17	86.0
10/06/2018 8:31:45 PM	3611471505	1013.00	26.31	28.16	102.7	29.18	28.16	78.5	28.37	28.16	84.6	28.16	28.16	86.2
10/06/2018 8:31:46 PM	3611471506	1013.00	26.33	28.16	102.5	29.21	28.16	78.3	28.34	28.16	84.8	28.19	28.16	86.0
10/06/2018 8:31:47 PM	3611471507	1013.00	26.36	28.15	102.3	29.20	28.15	78.4	28.37	28.15	84.6	28.18	28.15	86.1
10/06/2018 8:31:48 PM	3611471508	1013.00	26.35	28.15	102.4	29.19	28.15	78.5	28.37	28.15	84.6	28.21	28.15	85.9
10/06/2018 8:31:49 PM	3611471509	1013.00	26.33	28.15	102.6	29.20	28.15	78.4	28.38	28.15	84.5	28.21	28.15	85.9
10/06/2018 8:31:50 PM	3611471510	1013.00	26.31	28.16	102.7	29.21	28.16	78.3	28.38	28.16	84.5	28.20	28.16	85.9
10/06/2018 8:31:51 PM	3611471511	1013.00	26.33	28.16	102.5	29.22	28.16	78.2	28.40	28.16	84.3	28.22	28.16	85.8
10/06/2018 8:31:52 PM	3611471512	1013.00	26.36	28.15	102.3	29.22	28.15	78.3	28.36	28.15	84.7	28.22	28.15	85.8
10/06/2018 8:31:53 PM	3611471513	1013.00	26.38	28.16	102.1	29.19	28.16	78.5	28.37	28.16	84.6	28.24	28.16	85.6
10/06/2018 8:31:54 PM	3611471514	1013.00	26.36	28.16	102.2	29.23	28.16	78.2	28.36	28.16	84.7	28.23	28.16	85.7
10/06/2018 8:31:55 PM	3611471515	1013.00	26.33	28.15	102.6	29.23	28.15	78.2	28.38	28.15	84.5	28.27	28.15	85.4
10/06/2018 8:31:56 PM	3611471516	1013.00	26.32	28.15	102.7	29.25	28.15	78.0	28.39	28.15	84.4	28.25	28.15	85.5
10/06/2018 8:31:57 PM	3611471517	1013.00	26.33	28.15	102.6	29.23	28.15	78.2	28.40	28.15	84.4	28.24	28.15	85.6
10/06/2018 8:31:58 PM	3611471518	1013.00	26.38	28.15	102.1	29.23	28.15	78.2	28.40	28.15	84.4	28.26	28.15	85.5
10/06/2018 8:31:59 PM	3611471519	1013.00	26.33	28.15	102.6	29.27	28.15	77.9	28.40	28.15	84.4	28.25	28.15	85.5
10/06/2018 8:32:01 PM	3611471521	1013.00	26.34	28.16	102.4	29.23	28.16	78.2	28.41	28.16	84.3	28.28	28.16	85.3
10/06/2018 8:32:02 PM	3611471522	1013.00	26.35	28.16	102.3	29.23	28.16	78.2	28.37	28.16	84.6	28.30	28.16	85.1
10/06/2018 8:32:03 PM	3611471523	1013.00	26.33	28.17	102.5	29.20	28.17	78.4	28.42	28.17	84.2	28.26	28.17	85.4
10/06/2018 8:32:04 PM	3611471524	1013.00	26.33	28.17	102.5	29.24	28.17	78.1	28.44	28.17	84.0	28.28	28.17	85.3
10/06/2018 8:32:05 PM	3611471525	1013.00	26.35	28.17	102.3	29.26	28.17	78.0	28.48	28.17	83.7	28.32	28.17	85.0
10/06/2018 8:32:06 PM	3611471526	1013.00	26.36	28.17	102.2	29.21	28.17	78.3	28.45	28.17	83.9	28.32	28.17	85.0
10/06/2018 8:32:07 PM	3611471527	1013.00	26.34	28.17	102.4	29.22	28.17	78.2	28.45	28.17	83.9	28.30	28.17	85.1
10/06/2018 8:32:08 PM	3611471528	1013.00	26.36	28.16	102.2	29.24	28.16	78.1	28.47	28.16	83.8	28.30	28.16	85.1
10/06/2018 8:32:09 PM	3611471529	1013.00	26.31	28.16	102.7	29.24	28.16	78.1	28.48	28.16	83.7	28.31	28.16	85.1
10/06/2018 8:32:10 PM	3611471530	1013.00	26.35	28.16	102.3	29.22	28.16	78.2	28.48	28.16	83.7	28.30	28.16	85.1
10/06/2018 8:32:11 PM	3611471531	1013.00	26.32	28.16	102.6	29.29	28.16	77.8	28.47	28.16	83.8	28.32	28.16	85.0
10/06/2018 8:32:12 PM	3611471532	1013.00	26.32	28.16	102.6	29.28	28.16	77.8	28.44	28.16	84.0	28.31	28.16	85.1
10/06/2018 8:32:13 PM	3611471533	1013.00	26.33	28.16	102.5	29.29	28.16	77.8	28.46	28.16	83.9	28.32	28.16	85.0
10/06/2018 8:32:14 PM	3611471534	1013.00	26.31	28.16	102.7	29.30	28.16	77.7	28.47	28.16	83.8	28.32	28.16	85.0
10/06/2018 8:32:15 PM	3611471535	1013.00	26.30	28.16	102.8	29.27	28.16	77.9	28.48	28.16	83.7	28.32	28.16	85.0
10/06/2018 8:32:16 PM	3611471536	1013.00	26.37	28.16	102.2	29.34	28.16	77.4	28.49	28.16	83.7	28.32	28.16	85.0
10/06/2018 8:32:17 PM	3611471537	1013.00	26.32	28.16	102.6	29.29	28.16	77.8	28.47	28.16	83.8	28.35	28.16	84.7
10/06/2018 8:32:18 PM	3611471538	1013.00	26.34	28.16	102.4	29.30	28.16	77.7	28.50	28.16	83.6	28.34	28.16	84.8
10/06/2018 8:32:19 PM	3611471539	1013.00	26.33	28.16	102.5	29.30	28.16	77.7	28.48	28.16	83.7	28.35	28.16	84.7
10/06/2018 8:32:20 PM	3611471540	1013.00	26.34	28.16	102.4	29.30	28.16	77.7	28.52	28.16	83.4	28.37	28.16	84.6
10/06/2018 8:32:21 PM	3611471541	1013.00	26.37	28.17	102.1	29.32	28.17	77.5	28.49	28.17	83.6	28.36	28.17	84.6
10/06/2018 8:32:22 PM	3611471542	1013.00	26.36	28.17	102.2	29.32	28.17	77.5	28.50	28.17	83.6	28.36	28.17	84.6
10/06/2018 8:32:23 PM	3611471543	1013.00	26.30	28.17	102.8	29.34	28.17	77.4	28.49	28.17	83.6	28.35	28.17	84.7
10/06/2018 8:32:24 PM	3611471544	1013.00	26.37	28.17	102.1	29.33	28.17	77.5	28.53	28.17	83.3	28.38	28.17	84.5
10/06/2018 8:32:25 PM	3611471545	1013.00	26.33	28.17	102.5	29.32	28.17	77.5	28.51	28.17	83.5	28.37	28.17	84.6
10/06/2018 8:32:26 PM	3611471546	1013.00	26.28	28.17	103.0	29.35	28.17	77.3	28.52	28.17	83.4	28.35	28.17	84.7
10/06/2018 8:32:27 PM	3611471547	1013.00	26.29	28.17	102.9	29.35	28.17	77.3	28.51	28.17	83.5	28.36	28.17	84.6
10/06/2018 8:32:28 PM	3611471548	1013.00	26.33	28.17	102.5	29.32	28.17	77.5	28.51	28.17	83.5	28.35	28.17	84.7
10/06/2018 8:32:29 PM	3611471549	1013.00	26.36	28.17	102.2	29.32	28.17	77.5	28.52	28.17	83.4	28.38	28.17	84.5
10/06/2018 8:32:30 PM	3611471550	1013.00	26.35	28.17	102.3	29.34	28.17	77.4	28.49	28.17	83.6	28.40	28.17	84.3
10/06/2018 8:32:31 PM	3611471551	1013.00	26.38	28.17	102.0	29.34	28.17	77.4	28.50	28.17	83.6	28.37	28.17	84.6
10/06/2018 8:32:32 PM	3611471552	1013.00	26.35	28.16	102.3	29.34	28.16	77.4	28.52	28.16	83.4	28.43	28.16	84.1
10/06/2018 8:32:33 PM	3611471553	1013.00	26.34	28.16	102.4	29.34	28.16	77.4	28.48	28.16	83.7	28.41	28.16	84.3
10/06/2018 8:32:34 PM	3611471554	1013.00	26.37	28.16	102.2	29.33	28.16	77.5	28.52	28.16	83.4	28.40	28.16	84.3
10/06/2018 8:32:35 PM	3611471555	1013.00	26.37	28.17	102.1	29.37	28.17	77.2	28.53	28.17	83.3	28.41	28.17	84.3
10/06/2018 8:32:36 PM	3611471556	1013.00	26.33	28.17	102.5	29.32	28.17	77.5	28.49	28.17	83.6	28.43	28.17	84.1
10/06/2018 8:32:37 PM	3611471557	1013.00	26.32	28.17	102.6	29.35	28.17	77.3	28.53	28.17	83.3	28.40	28.17	84.3
10/06/2018 8:32:38 PM	3611471558	1013.00	26.36	28.18	102.2	29.38	28.18	77.1	28.51	28.18	83.5	28.42	28.18	84.2
10/06/2018 8:32:39 PM	3611471559	1013.00	26.33	28.18	102.5	29.38	28.18	77.1	28.56	28.18	83.1	28.41	28.18	84.2
10/06/2018 8:32:40 PM	3611471560	1013.00	26.37	28.18	102.1	29.36	28.18	77.2	28.53	28.18	83.3	28.43	28.18	84.1
10/06/2018 8:32:41 PM	3611471561	1013.00	26.35	28.18	102.3	29.38	28.18	77.1	28.53	28.18	83.3	28.44	28.18	84.0
10/06/2018 8:32:42 PM	3611471562	1013.00	26.35	28.18	102.3	29.39	28.18	77.0	28.54	28.18	83.2	28.45	28.18	83.9
10/06/2018 8:32:43 PM	3611471563	1013.00	26.35	28.18	102.3	29.38	28.18	77.1	28.55	28.18	83.2	28.43	28.18	84.1
10/06/2018 8:32:44 PM	3611471564	1013.00	26.36	28.18	102.2	29.36	28.18	77.2	28.54	28.18	83.2	28.44	28.18	84.0
10/06/2018 8:32:45 PM	3611471565	1013.00	26.33	28.18	102.5	29.38	28.18	77.1	28.56	28.18	83.1	28.45	28.18	83.9
10/06/2018 8:32:46 PM	3611471566	1013.00	26.33	28.18	102.5	29.41	28.18	76.9	28.55	28.18	83.2	28.45	28.18	83.9
10/06/2018 8:32:47 PM	3611471567	1013.00	26.34	28.18	102.4	29.41	28.18	76.9	28.56	28.18	83.1	28.45	28.18	83.9
10/06/2018 8:32:48 PM	3611471568	1013.00	26.36	28.18	102.2	29.41	28.18	76.9	28.57	28.18	83.0	28.47	28.18	83.8
10/06/2018 8:32:49 PM	3611471569	1013.00	26.37	28.18	102.1	29.40	28.18	77.0	28.53	28.18	83.3	28.45	28.18	83.9
10/06/2018 8:32:50 PM	3611471570	1013.00	26.35	28.17	102.3	29.43	28.17	76.8	28.57	28.17	83.0	28.47	28.17	83.8
10/06/2018 8:32:51 PM	3611471571	1013.00	26.36	28.18	102.2	29.41	28.18	76.9	28.59	28.18	82.9	28.46	28.18	83.9
10/06/2018 8:32:52 PM	3611471572	1013.00	26.37	28.18	102.1	29.41	28.18	76.9	28.60	28.18	82.8	28.49	28.18	83.6
10/06/2018 8:32:53 PM	3611471573	1013.00	26.33	28.18	102.5	29.41	28.18	76.9	28.65	28.18	82.4	28.48	28.18	83.7
10/06/2018 8:32:54 PM	3611471574	1013.00	26.38	28.18	102.0	29.41	28.18	76.9	28.64	28.18	82.5	28.47	28.18	83.8
10/06/2018 8:32:55 PM	3611471575	1013.00	26.34	28.18	102.4	29.44	28.18	76.7	28.68	28.18	82.2	28.48	28.18	83.7
10/06/2018 8:32:56 PM	3611471576	1013.00	26.36	28.18	102.2	29.44	28.18	76.7	28.70	28.18	82.0	28.48	28.18	83.7
10/06/2018 8:32:57 PM	3611471577	1013.00	26.39	28.18	101.9	29.43	28.18	76.7	28.69	28.18	82.1	28.50	28.18	83.5
10/06/2018 8:32:58 PM	3611471578	1013.00	26.35	28.18	102.3	29.43	28.18	76.7	28.71	28.18	82.0	28.50	28.18	83.5
10/06/2018 8:32:59 PM	3611471579	1013.00	26.37	28.18	102.1	29.47	28.18	76.5	28.75	28.18	81.7	28.48	28.18	83.7
10/06/2018 8:33:00 PM	3611471580	1013.00	26.37	28.17	102.1	29.47	28.17	76.5	28.77	28.17	81.5	28.52	28.17	83.4
