Date & time of file creation	18/06/2018 7:09 PM													
Data file path	C:\Users\ameli\Desktop\Luke Strasiotto\18062018\New_18.txt													
														
														
CALIBRATION DATA														
Parameter/Channel	N moving average	LO phase [r.U.]	HI phase [r.U.]	LO oxygen [%air saturation]	HI oxygen [%air saturation]	LO temperature [°C]	HI temperature [°C]	Salinity [‰]						
SDWD0003000199      , CH 1	1	58.91	28.07	0.00	100.00	19.00	19.00	0.000						
SDWD0003000199      , CH 2	1	58.91	28.07	0.00	100.00	19.00	19.00	0.000						
SDWD0003000199      , CH 3	1	58.91	28.07	0.00	100.00	19.00	19.00	0.000						
SDWD0003000199      , CH 4	1	58.91	28.07	0.00	100.00	19.00	19.00	0.000						
														
														
Date &Time [DD-MM-YYYY HH:MM:SS]	Time stamp code	Barometric pressure [hPa]	SDWD0003000199      , CH 1 phase [r.U.]	SDWD0003000199      , CH 1 temp [°C]	SDWD0003000199      , CH 1 O2 [% air saturation]	SDWD0003000199      , CH 2 phase [r.U.]	SDWD0003000199      , CH 2 temp [°C]	SDWD0003000199      , CH 2 O2 [% air saturation]	SDWD0003000199      , CH 3 phase [r.U.]	SDWD0003000199      , CH 3 temp [°C]	SDWD0003000199      , CH 3 O2 [% air saturation]	SDWD0003000199      , CH 4 phase [r.U.]	SDWD0003000199      , CH 4 temp [°C]	SDWD0003000199      , CH 4 O2 [% air saturation]
18/06/2018 7:09:43 PM	3612157783	1013.00	27.07	18.73	110.4	27.69	18.73	104.1	27.63	18.73	104.7	27.73	18.73	103.7
18/06/2018 7:09:44 PM	3612157784	1013.00	27.29	18.73	108.1	27.68	18.73	104.2	27.65	18.73	104.5	27.74	18.73	103.7
18/06/2018 7:09:45 PM	3612157785	1013.00	27.15	18.73	109.6	27.68	18.73	104.2	27.67	18.73	104.3	27.73	18.73	103.7
18/06/2018 7:09:46 PM	3612157786	1013.00	27.20	18.73	109.1	27.69	18.73	104.1	27.65	18.73	104.5	27.74	18.73	103.7
18/06/2018 7:09:47 PM	3612157787	1013.00	27.04	18.73	110.7	27.67	18.73	104.3	27.65	18.73	104.5	27.77	18.73	103.4
18/06/2018 7:09:48 PM	3612157788	1013.00	27.05	18.73	110.6	27.70	18.73	104.0	27.64	18.73	104.6	27.75	18.73	103.6
18/06/2018 7:09:49 PM	3612157789	1013.00	27.11	18.73	110.0	27.66	18.73	104.4	27.67	18.73	104.3	27.74	18.73	103.7
18/06/2018 7:09:50 PM	3612157790	1013.00	27.16	18.73	109.5	27.68	18.73	104.2	27.62	18.73	104.8	27.75	18.73	103.6
18/06/2018 7:09:51 PM	3612157791	1013.00	27.18	18.73	109.3	27.66	18.73	104.4	27.65	18.73	104.5	27.75	18.73	103.6
18/06/2018 7:09:52 PM	3612157792	1013.00	27.08	18.73	110.3	27.64	18.73	104.6	27.64	18.73	104.6	27.74	18.73	103.7
18/06/2018 7:09:53 PM	3612157793	1013.00	27.16	18.73	109.5	27.67	18.73	104.3	27.62	18.73	104.8	27.74	18.73	103.7
18/06/2018 7:09:54 PM	3612157794	1013.00	27.11	18.73	110.0	27.68	18.73	104.2	27.67	18.73	104.3	27.73	18.73	103.7
18/06/2018 7:09:55 PM	3612157795	1013.00	27.19	18.74	109.1	27.69	18.74	104.1	27.63	18.74	104.7	27.74	18.74	103.6
18/06/2018 7:09:56 PM	3612157796	1013.00	27.15	18.74	109.6	27.67	18.74	104.3	27.65	18.74	104.5	27.76	18.74	103.4
18/06/2018 7:09:57 PM	3612157797	1013.00	27.08	18.74	110.3	27.70	18.74	104.0	27.64	18.74	104.6	27.74	18.74	103.6
18/06/2018 7:09:58 PM	3612157798	1013.00	27.10	18.74	110.1	27.66	18.74	104.4	27.65	18.74	104.5	27.74	18.74	103.6
18/06/2018 7:09:59 PM	3612157799	1013.00	27.11	18.74	110.0	27.69	18.74	104.1	27.65	18.74	104.5	27.72	18.74	103.8
18/06/2018 7:10:00 PM	3612157800	1013.00	27.24	18.74	108.6	27.69	18.74	104.1	27.65	18.74	104.5	27.74	18.74	103.6
18/06/2018 7:10:01 PM	3612157801	1013.00	27.14	18.74	109.7	27.70	18.74	104.0	27.65	18.74	104.5	27.75	18.74	103.5
18/06/2018 7:10:02 PM	3612157802	1013.00	27.09	18.74	110.2	27.67	18.74	104.3	27.65	18.74	104.5	27.73	18.74	103.7
18/06/2018 7:10:03 PM	3612157803	1013.00	27.11	18.74	110.0	27.69	18.74	104.1	27.63	18.74	104.7	27.73	18.74	103.7
18/06/2018 7:10:04 PM	3612157804	1013.00	27.12	18.74	109.9	27.70	18.74	104.0	27.64	18.74	104.6	27.76	18.74	103.4
18/06/2018 7:10:05 PM	3612157805	1013.00	27.21	18.74	108.9	27.64	18.74	104.6	27.65	18.74	104.5	27.74	18.74	103.6
18/06/2018 7:10:06 PM	3612157806	1013.00	27.16	18.73	109.5	27.68	18.73	104.2	27.64	18.73	104.6	27.76	18.73	103.5
18/06/2018 7:10:07 PM	3612157807	1013.00	27.11	18.73	110.0	27.67	18.73	104.3	27.63	18.73	104.7	27.74	18.73	103.7
18/06/2018 7:10:08 PM	3612157808	1013.00	27.08	18.73	110.3	27.71	18.73	103.9	27.65	18.73	104.5	27.74	18.73	103.7
18/06/2018 7:10:09 PM	3612157809	1013.00	27.07	18.74	110.4	27.69	18.74	104.1	27.66	18.74	104.4	27.72	18.74	103.8
18/06/2018 7:10:10 PM	3612157810	1013.00	27.13	18.74	109.8	27.68	18.74	104.2	27.63	18.74	104.7	27.74	18.74	103.6
18/06/2018 7:10:11 PM	3612157811	1013.00	27.20	18.74	109.0	27.68	18.74	104.2	27.65	18.74	104.5	27.74	18.74	103.6
18/06/2018 7:10:12 PM	3612157812	1013.00	27.06	18.74	110.5	27.67	18.74	104.3	27.65	18.74	104.5	27.75	18.74	103.5
18/06/2018 7:10:13 PM	3612157813	1013.00	27.09	18.74	110.2	27.69	18.74	104.1	27.64	18.74	104.6	27.75	18.74	103.5
18/06/2018 7:10:14 PM	3612157814	1013.00	27.15	18.73	109.6	27.69	18.73	104.1	27.66	18.73	104.4	27.75	18.73	103.6
18/06/2018 7:10:15 PM	3612157815	1013.00	27.17	18.74	109.3	27.66	18.74	104.4	27.64	18.74	104.6	27.73	18.74	103.7
18/06/2018 7:10:16 PM	3612157816	1013.00	27.22	18.74	108.8	27.68	18.74	104.2	27.64	18.74	104.6	27.73	18.74	103.7
18/06/2018 7:10:17 PM	3612157817	1013.00	27.23	18.74	108.7	27.67	18.74	104.3	27.65	18.74	104.5	27.76	18.74	103.4
18/06/2018 7:10:18 PM	3612157818	1013.00	27.10	18.74	110.1	27.68	18.74	104.2	27.63	18.74	104.7	27.75	18.74	103.5
18/06/2018 7:10:19 PM	3612157819	1013.00	27.17	18.74	109.3	27.69	18.74	104.1	27.65	18.74	104.5	27.74	18.74	103.6
18/06/2018 7:10:20 PM	3612157820	1013.00	27.07	18.73	110.4	27.69	18.73	104.1	27.62	18.73	104.8	27.76	18.73	103.5
18/06/2018 7:10:21 PM	3612157821	1013.00	27.10	18.73	110.1	27.69	18.73	104.1	27.67	18.73	104.3	27.74	18.73	103.7
18/06/2018 7:10:22 PM	3612157822	1013.00	27.13	18.73	109.8	27.69	18.73	104.1	27.64	18.73	104.6	27.74	18.73	103.7
18/06/2018 7:10:23 PM	3612157823	1013.00	27.17	18.73	109.4	27.65	18.73	104.5	27.64	18.73	104.6	27.75	18.73	103.6
18/06/2018 7:10:24 PM	3612157824	1013.00	27.25	18.73	108.5	27.69	18.73	104.1	27.65	18.73	104.5	27.75	18.73	103.6
18/06/2018 7:10:25 PM	3612157825	1013.00	27.08	18.74	110.3	27.66	18.74	104.4	27.65	18.74	104.5	27.75	18.74	103.5
18/06/2018 7:10:26 PM	3612157826	1013.00	27.16	18.74	109.5	27.66	18.74	104.4	27.66	18.74	104.4	27.75	18.74	103.5
18/06/2018 7:10:27 PM	3612157827	1013.00	27.19	18.74	109.1	27.69	18.74	104.1	27.63	18.74	104.7	27.75	18.74	103.5
18/06/2018 7:10:28 PM	3612157828	1013.00	26.98	18.74	111.3	27.68	18.74	104.2	27.64	18.74	104.6	27.74	18.74	103.6
18/06/2018 7:10:29 PM	3612157829	1013.00	27.15	18.73	109.6	27.69	18.73	104.1	27.64	18.73	104.6	27.75	18.73	103.6
18/06/2018 7:10:30 PM	3612157830	1013.00	27.10	18.73	110.1	27.67	18.73	104.3	27.64	18.73	104.6	27.76	18.73	103.5
18/06/2018 7:10:31 PM	3612157831	1013.00	27.20	18.73	109.1	27.68	18.73	104.2	27.64	18.73	104.6	27.76	18.73	103.5
18/06/2018 7:10:32 PM	3612157832	1013.00	27.19	18.74	109.1	27.72	18.74	103.8	27.65	18.74	104.5	27.73	18.74	103.7
18/06/2018 7:10:33 PM	3612157833	1013.00	27.03	18.74	110.8	27.66	18.74	104.4	27.64	18.74	104.6	27.75	18.74	103.5
18/06/2018 7:10:34 PM	3612157834	1013.00	27.07	18.74	110.4	27.68	18.74	104.2	27.67	18.74	104.3	27.75	18.74	103.5
18/06/2018 7:10:35 PM	3612157835	1013.00	27.19	18.73	109.2	27.70	18.73	104.0	27.66	18.73	104.4	27.73	18.73	103.7
18/06/2018 7:10:36 PM	3612157836	1013.00	27.13	18.73	109.8	27.69	18.73	104.1	27.66	18.73	104.4	27.77	18.73	103.4
18/06/2018 7:10:37 PM	3612157837	1013.00	27.13	18.73	109.8	27.68	18.73	104.2	27.65	18.73	104.5	27.74	18.73	103.7
18/06/2018 7:10:38 PM	3612157838	1013.00	27.16	18.73	109.5	27.68	18.73	104.2	27.66	18.73	104.4	27.72	18.73	103.8
18/06/2018 7:10:39 PM	3612157839	1013.00	27.09	18.73	110.2	27.70	18.73	104.0	27.65	18.73	104.5	27.75	18.73	103.6
18/06/2018 7:10:40 PM	3612157840	1013.00	27.12	18.74	109.9	27.67	18.74	104.3	27.64	18.74	104.6	27.77	18.74	103.3
18/06/2018 7:10:41 PM	3612157841	1013.00	27.15	18.74	109.6	27.69	18.74	104.1	27.65	18.74	104.5	27.72	18.74	103.8
18/06/2018 7:10:42 PM	3612157842	1013.00	27.19	18.74	109.1	27.71	18.74	103.9	27.66	18.74	104.4	27.75	18.74	103.5
18/06/2018 7:10:43 PM	3612157843	1013.00	27.17	18.74	109.3	27.68	18.74	104.2	27.65	18.74	104.5	27.73	18.74	103.7
18/06/2018 7:10:44 PM	3612157844	1013.00	27.10	18.74	110.1	27.69	18.74	104.1	27.67	18.74	104.3	27.72	18.74	103.8
18/06/2018 7:10:45 PM	3612157845	1013.00	27.11	18.74	110.0	27.72	18.74	103.8	27.66	18.74	104.4	27.74	18.74	103.6
18/06/2018 7:10:46 PM	3612157846	1013.00	27.10	18.73	110.1	27.68	18.73	104.2	27.66	18.73	104.4	27.77	18.73	103.4
18/06/2018 7:10:47 PM	3612157847	1013.00	27.06	18.74	110.5	27.69	18.74	104.1	27.64	18.74	104.6	27.75	18.74	103.5
18/06/2018 7:10:48 PM	3612157848	1013.00	27.04	18.74	110.7	27.67	18.74	104.3	27.64	18.74	104.6	27.75	18.74	103.5
18/06/2018 7:10:49 PM	3612157849	1013.00	27.20	18.74	109.0	27.71	18.74	103.9	27.65	18.74	104.5	27.75	18.74	103.5
18/06/2018 7:10:50 PM	3612157850	1013.00	27.10	18.74	110.1	27.70	18.74	104.0	27.67	18.74	104.3	27.74	18.74	103.6
18/06/2018 7:10:51 PM	3612157851	1013.00	27.13	18.74	109.8	27.69	18.74	104.1	27.67	18.74	104.3	27.73	18.74	103.7
18/06/2018 7:10:52 PM	3612157852	1013.00	27.18	18.74	109.2	27.73	18.74	103.7	27.64	18.74	104.6	27.75	18.74	103.5
18/06/2018 7:10:53 PM	3612157853	1013.00	27.10	18.74	110.1	27.71	18.74	103.9	27.66	18.74	104.4	27.74	18.74	103.6
18/06/2018 7:10:54 PM	3612157854	1013.00	27.11	18.73	110.0	27.69	18.73	104.1	27.63	18.73	104.7	27.75	18.73	103.6
18/06/2018 7:10:55 PM	3612157855	1013.00	27.10	18.73	110.1	27.68	18.73	104.2	27.62	18.73	104.8	27.76	18.73	103.5
18/06/2018 7:10:56 PM	3612157856	1013.00	27.09	18.73	110.2	27.70	18.73	104.0	27.64	18.73	104.6	27.75	18.73	103.6
18/06/2018 7:10:57 PM	3612157857	1013.00	27.17	18.73	109.4	27.72	18.73	103.8	27.66	18.73	104.4	27.75	18.73	103.6
18/06/2018 7:10:58 PM	3612157858	1013.00	27.06	18.74	110.5	27.71	18.74	103.9	27.64	18.74	104.6	27.73	18.74	103.7
18/06/2018 7:10:59 PM	3612157859	1013.00	27.11	18.74	110.0	27.70	18.74	104.0	27.63	18.74	104.7	27.73	18.74	103.7
18/06/2018 7:11:00 PM	3612157860	1013.00	27.07	18.74	110.4	27.69	18.74	104.1	27.62	18.74	104.8	27.76	18.74	103.4
18/06/2018 7:11:01 PM	3612157861	1013.00	26.99	18.74	111.2	27.71	18.74	103.9	27.66	18.74	104.4	27.75	18.74	103.5
18/06/2018 7:11:02 PM	3612157862	1013.00	27.17	18.74	109.3	27.75	18.74	103.5	27.62	18.74	104.8	27.77	18.74	103.3
18/06/2018 7:11:03 PM	3612157863	1013.00	27.03	18.74	110.8	27.72	18.74	103.8	27.66	18.74	104.4	27.74	18.74	103.6
18/06/2018 7:11:04 PM	3612157864	1013.00	27.06	18.74	110.5	27.70	18.74	104.0	27.64	18.74	104.6	27.74	18.74	103.6
18/06/2018 7:11:05 PM	3612157865	1013.00	27.22	18.74	108.8	27.73	18.74	103.7	27.66	18.74	104.4	27.74	18.74	103.6
18/06/2018 7:11:06 PM	3612157866	1013.00	27.14	18.74	109.7	27.73	18.74	103.7	27.67	18.74	104.3	27.74	18.74	103.6
18/06/2018 7:11:07 PM	3612157867	1013.00	27.10	18.74	110.1	27.73	18.74	103.7	27.67	18.74	104.3	27.75	18.74	103.5
18/06/2018 7:11:08 PM	3612157868	1013.00	27.04	18.74	110.7	27.71	18.74	103.9	27.66	18.74	104.4	27.73	18.74	103.7
18/06/2018 7:11:09 PM	3612157869	1013.00	27.22	18.74	108.8	27.75	18.74	103.5	27.64	18.74	104.6	27.74	18.74	103.6
18/06/2018 7:11:10 PM	3612157870	1013.00	27.11	18.74	110.0	27.74	18.74	103.6	27.65	18.74	104.5	27.75	18.74	103.5
18/06/2018 7:11:11 PM	3612157871	1013.00	27.06	18.74	110.5	27.74	18.74	103.6	27.65	18.74	104.5	27.75	18.74	103.5
18/06/2018 7:11:12 PM	3612157872	1013.00	27.08	18.74	110.3	27.77	18.74	103.3	27.64	18.74	104.6	27.76	18.74	103.4
18/06/2018 7:11:13 PM	3612157873	1013.00	27.12	18.74	109.9	27.71	18.74	103.9	27.66	18.74	104.4	27.78	18.74	103.2
18/06/2018 7:11:14 PM	3612157874	1013.00	27.08	18.74	110.3	27.76	18.74	103.4	27.62	18.74	104.8	27.74	18.74	103.6
18/06/2018 7:11:15 PM	3612157875	1013.00	27.04	18.74	110.7	27.72	18.74	103.8	27.65	18.74	104.5	27.75	18.74	103.5
18/06/2018 7:11:16 PM	3612157876	1013.00	27.16	18.74	109.5	27.74	18.74	103.6	27.66	18.74	104.4	27.76	18.74	103.4
18/06/2018 7:11:17 PM	3612157877	1013.00	27.19	18.74	109.1	27.74	18.74	103.6	27.65	18.74	104.5	27.74	18.74	103.6
18/06/2018 7:11:18 PM	3612157878	1013.00	27.05	18.74	110.6	27.74	18.74	103.6	27.65	18.74	104.5	27.74	18.74	103.6
18/06/2018 7:11:19 PM	3612157879	1013.00	27.15	18.74	109.6	27.75	18.74	103.5	27.65	18.74	104.5	27.75	18.74	103.5
18/06/2018 7:11:20 PM	3612157880	1013.00	27.08	18.74	110.3	27.76	18.74	103.4	27.65	18.74	104.5	27.74	18.74	103.6
18/06/2018 7:11:21 PM	3612157881	1013.00	27.08	18.74	110.3	27.75	18.74	103.5	27.65	18.74	104.5	27.75	18.74	103.5
18/06/2018 7:11:22 PM	3612157882	1013.00	27.15	18.74	109.6	27.76	18.74	103.4	27.64	18.74	104.6	27.73	18.74	103.7
18/06/2018 7:11:23 PM	3612157883	1013.00	27.09	18.74	110.2	27.76	18.74	103.4	27.64	18.74	104.6	27.74	18.74	103.6
18/06/2018 7:11:24 PM	3612157884	1013.00	27.10	18.73	110.1	27.76	18.73	103.5	27.64	18.73	104.6	27.74	18.73	103.7
18/06/2018 7:11:25 PM	3612157885	1013.00	27.02	18.73	110.9	27.72	18.73	103.8	27.62	18.73	104.8	27.75	18.73	103.6
18/06/2018 7:11:26 PM	3612157886	1013.00	27.16	18.73	109.5	27.75	18.73	103.6	27.65	18.73	104.5	27.77	18.73	103.4
18/06/2018 7:11:27 PM	3612157887	1013.00	27.06	18.73	110.5	27.74	18.73	103.7	27.64	18.73	104.6	27.75	18.73	103.6
18/06/2018 7:11:28 PM	3612157888	1013.00	27.17	18.73	109.4	27.79	18.73	103.2	27.64	18.73	104.6	27.74	18.73	103.7
18/06/2018 7:11:29 PM	3612157889	1013.00	27.01	18.73	111.0	27.79	18.73	103.2	27.67	18.73	104.3	27.74	18.73	103.7
18/06/2018 7:11:30 PM	3612157890	1013.00	27.10	18.74	110.1	27.75	18.74	103.5	27.65	18.74	104.5	27.73	18.74	103.7
18/06/2018 7:11:31 PM	3612157891	1013.00	27.16	18.74	109.5	27.77	18.74	103.3	27.64	18.74	104.6	27.74	18.74	103.6
18/06/2018 7:11:32 PM	3612157892	1013.00	27.06	18.74	110.5	27.77	18.74	103.3	27.66	18.74	104.4	27.76	18.74	103.4
18/06/2018 7:11:33 PM	3612157893	1013.00	27.10	18.73	110.1	27.77	18.73	103.4	27.64	18.73	104.6	27.73	18.73	103.7
18/06/2018 7:11:34 PM	3612157894	1013.00	27.15	18.73	109.6	27.77	18.73	103.4	27.63	18.73	104.7	27.75	18.73	103.6
18/06/2018 7:11:35 PM	3612157895	1013.00	27.04	18.73	110.7	27.77	18.73	103.4	27.62	18.73	104.8	27.75	18.73	103.6
18/06/2018 7:11:36 PM	3612157896	1013.00	27.08	18.73	110.3	27.79	18.73	103.2	27.65	18.73	104.5	27.73	18.73	103.7
18/06/2018 7:11:37 PM	3612157897	1013.00	27.10	18.74	110.1	27.78	18.74	103.2	27.66	18.74	104.4	27.76	18.74	103.4
18/06/2018 7:11:38 PM	3612157898	1013.00	26.98	18.74	111.3	27.81	18.74	103.0	27.64	18.74	104.6	27.76	18.74	103.4
18/06/2018 7:11:39 PM	3612157899	1013.00	27.02	18.73	110.9	27.79	18.73	103.2	27.64	18.73	104.6	27.73	18.73	103.7
18/06/2018 7:11:40 PM	3612157900	1013.00	27.25	18.73	108.5	27.81	18.73	103.0	27.63	18.73	104.7	27.74	18.73	103.7
18/06/2018 7:11:41 PM	3612157901	1013.00	26.99	18.73	111.3	27.79	18.73	103.2	27.64	18.73	104.6	27.74	18.73	103.7
18/06/2018 7:11:42 PM	3612157902	1013.00	27.13	18.73	109.8	27.81	18.73	103.0	27.65	18.73	104.5	27.74	18.73	103.7
18/06/2018 7:11:43 PM	3612157903	1013.00	27.12	18.73	109.9	27.79	18.73	103.2	27.62	18.73	104.8	27.74	18.73	103.7
18/06/2018 7:11:44 PM	3612157904	1013.00	27.14	18.73	109.7	27.79	18.73	103.2	27.64	18.73	104.6	27.74	18.73	103.7
18/06/2018 7:11:45 PM	3612157905	1013.00	27.06	18.73	110.5	27.79	18.73	103.2	27.63	18.73	104.7	27.77	18.73	103.4
18/06/2018 7:11:46 PM	3612157906	1013.00	27.18	18.73	109.3	27.82	18.73	102.9	27.66	18.73	104.4	27.74	18.73	103.7
18/06/2018 7:11:47 PM	3612157907	1013.00	27.16	18.74	109.5	27.80	18.74	103.1	27.67	18.74	104.3	27.76	18.74	103.4
18/06/2018 7:11:48 PM	3612157908	1013.00	27.12	18.74	109.9	27.80	18.74	103.1	27.68	18.74	104.2	27.76	18.74	103.4
18/06/2018 7:11:49 PM	3612157909	1013.00	27.21	18.74	108.9	27.82	18.74	102.9	27.65	18.74	104.5	27.75	18.74	103.5
18/06/2018 7:11:50 PM	3612157910	1013.00	27.04	18.74	110.7	27.81	18.74	103.0	27.66	18.74	104.4	27.75	18.74	103.5
18/06/2018 7:11:51 PM	3612157911	1013.00	27.20	18.74	109.0	27.80	18.74	103.1	27.66	18.74	104.4	27.76	18.74	103.4
18/06/2018 7:11:52 PM	3612157912	1013.00	27.12	18.74	109.9	27.80	18.74	103.1	27.65	18.74	104.5	27.74	18.74	103.6
18/06/2018 7:11:53 PM	3612157913	1013.00	27.19	18.74	109.1	27.81	18.74	103.0	27.67	18.74	104.3	27.76	18.74	103.4
18/06/2018 7:11:54 PM	3612157914	1013.00	27.14	18.73	109.7	27.82	18.73	102.9	27.68	18.73	104.2	27.75	18.73	103.6
18/06/2018 7:11:55 PM	3612157915	1013.00	27.02	18.73	110.9	27.79	18.73	103.2	27.65	18.73	104.5	27.75	18.73	103.6
18/06/2018 7:11:56 PM	3612157916	1013.00	27.10	18.73	110.1	27.80	18.73	103.1	27.65	18.73	104.5	27.74	18.73	103.7
18/06/2018 7:11:57 PM	3612157917	1013.00	27.16	18.73	109.5	27.80	18.73	103.1	27.65	18.73	104.5	27.76	18.73	103.5
18/06/2018 7:11:58 PM	3612157918	1013.00	27.26	18.73	108.4	27.81	18.73	103.0	27.66	18.73	104.4	27.76	18.73	103.5
18/06/2018 7:11:59 PM	3612157919	1013.00	27.10	18.73	110.1	27.81	18.73	103.0	27.65	18.73	104.5	27.74	18.73	103.7
18/06/2018 7:12:00 PM	3612157920	1013.00	27.07	18.73	110.4	27.81	18.73	103.0	27.65	18.73	104.5	27.76	18.73	103.5
18/06/2018 7:12:01 PM	3612157921	1013.00	27.25	18.73	108.5	27.80	18.73	103.1	27.65	18.73	104.5	27.76	18.73	103.5
18/06/2018 7:12:02 PM	3612157922	1013.00	27.13	18.73	109.8	27.80	18.73	103.1	27.67	18.73	104.3	27.75	18.73	103.6
18/06/2018 7:12:03 PM	3612157923	1013.00	27.18	18.73	109.3	27.81	18.73	103.0	27.66	18.73	104.4	27.76	18.73	103.5
18/06/2018 7:12:04 PM	3612157924	1013.00	27.18	18.74	109.2	27.81	18.74	103.0	27.67	18.74	104.3	27.76	18.74	103.4
18/06/2018 7:12:05 PM	3612157925	1013.00	27.06	18.74	110.5	27.79	18.74	103.1	27.64	18.74	104.6	27.76	18.74	103.4
18/06/2018 7:12:06 PM	3612157926	1013.00	27.12	18.74	109.9	27.82	18.74	102.9	27.66	18.74	104.4	27.76	18.74	103.4
18/06/2018 7:12:07 PM	3612157927	1013.00	27.15	18.74	109.6	27.82	18.74	102.9	27.65	18.74	104.5	27.76	18.74	103.4
18/06/2018 7:12:08 PM	3612157928	1013.00	27.19	18.74	109.1	27.83	18.74	102.8	27.67	18.74	104.3	27.75	18.74	103.5
18/06/2018 7:12:09 PM	3612157929	1013.00	27.12	18.74	109.9	27.82	18.74	102.9	27.66	18.74	104.4	27.77	18.74	103.3
18/06/2018 7:12:10 PM	3612157930	1013.00	27.06	18.73	110.5	27.85	18.73	102.6	27.65	18.73	104.5	27.77	18.73	103.4
18/06/2018 7:12:11 PM	3612157931	1013.00	27.08	18.74	110.3	27.81	18.74	103.0	27.66	18.74	104.4	27.75	18.74	103.5
18/06/2018 7:12:12 PM	3612157932	1013.00	27.09	18.73	110.2	27.80	18.73	103.1	27.67	18.73	104.3	27.75	18.73	103.6
18/06/2018 7:12:13 PM	3612157933	1013.00	27.12	18.73	109.9	27.84	18.73	102.7	27.66	18.73	104.4	27.78	18.73	103.3
18/06/2018 7:12:14 PM	3612157934	1013.00	27.09	18.73	110.2	27.83	18.73	102.8	27.66	18.73	104.4	27.74	18.73	103.7
18/06/2018 7:12:15 PM	3612157935	1013.00	27.10	18.74	110.1	27.80	18.74	103.1	27.66	18.74	104.4	27.76	18.74	103.4
18/06/2018 7:12:16 PM	3612157936	1013.00	27.11	18.73	110.0	27.82	18.73	102.9	27.64	18.73	104.6	27.76	18.73	103.5
18/06/2018 7:12:17 PM	3612157937	1013.00	27.14	18.73	109.7	27.82	18.73	102.9	27.66	18.73	104.4	27.77	18.73	103.4
18/06/2018 7:12:18 PM	3612157938	1013.00	27.10	18.73	110.1	27.81	18.73	103.0	27.66	18.73	104.4	27.75	18.73	103.6
18/06/2018 7:12:19 PM	3612157939	1013.00	27.31	18.73	107.9	27.83	18.73	102.8	27.66	18.73	104.4	27.76	18.73	103.5
18/06/2018 7:12:20 PM	3612157940	1013.00	27.21	18.73	109.0	27.80	18.73	103.1	27.64	18.73	104.6	27.77	18.73	103.4
18/06/2018 7:12:21 PM	3612157941	1013.00	27.03	18.74	110.8	27.81	18.74	103.0	27.66	18.74	104.4	27.77	18.74	103.3
18/06/2018 7:12:22 PM	3612157942	1013.00	27.08	18.73	110.3	27.84	18.73	102.7	27.67	18.73	104.3	27.77	18.73	103.4
18/06/2018 7:12:23 PM	3612157943	1013.00	27.13	18.73	109.8	27.82	18.73	102.9	27.65	18.73	104.5	27.75	18.73	103.6
18/06/2018 7:12:24 PM	3612157944	1013.00	27.12	18.73	109.9	27.83	18.73	102.8	27.65	18.73	104.5	27.77	18.73	103.4
18/06/2018 7:12:25 PM	3612157945	1013.00	27.18	18.73	109.3	27.81	18.73	103.0	27.65	18.73	104.5	27.76	18.73	103.5
18/06/2018 7:12:26 PM	3612157946	1013.00	27.26	18.73	108.4	27.84	18.73	102.7	27.64	18.73	104.6	27.77	18.73	103.4
18/06/2018 7:12:27 PM	3612157947	1013.00	27.10	18.73	110.1	27.83	18.73	102.8	27.65	18.73	104.5	27.77	18.73	103.4
18/06/2018 7:12:28 PM	3612157948	1013.00	27.16	18.73	109.5	27.86	18.73	102.5	27.65	18.73	104.5	27.74	18.73	103.7
18/06/2018 7:12:29 PM	3612157949	1013.00	27.04	18.73	110.7	27.81	18.73	103.0	27.65	18.73	104.5	27.78	18.73	103.3
18/06/2018 7:12:30 PM	3612157950	1013.00	27.14	18.73	109.7	27.81	18.73	103.0	27.65	18.73	104.5	27.77	18.73	103.4
18/06/2018 7:12:31 PM	3612157951	1013.00	27.12	18.73	109.9	27.79	18.73	103.2	27.63	18.73	104.7	27.77	18.73	103.4
18/06/2018 7:12:32 PM	3612157952	1013.00	27.18	18.73	109.3	27.85	18.73	102.6	27.65	18.73	104.5	27.76	18.73	103.5
18/06/2018 7:12:33 PM	3612157953	1013.00	27.13	18.73	109.8	27.83	18.73	102.8	27.66	18.73	104.4	27.78	18.73	103.3
18/06/2018 7:12:34 PM	3612157954	1013.00	27.09	18.74	110.2	27.83	18.74	102.8	27.64	18.74	104.6	27.77	18.74	103.3
18/06/2018 7:12:35 PM	3612157955	1013.00	27.03	18.74	110.8	27.85	18.74	102.6	27.67	18.74	104.3	27.77	18.74	103.3
18/06/2018 7:12:36 PM	3612157956	1013.00	26.91	18.74	112.1	27.80	18.74	103.1	27.65	18.74	104.5	27.79	18.74	103.1
18/06/2018 7:12:37 PM	3612157957	1013.00	27.15	18.74	109.6	27.82	18.74	102.9	27.66	18.74	104.4	27.77	18.74	103.3
18/06/2018 7:12:38 PM	3612157958	1013.00	27.10	18.74	110.1	27.84	18.74	102.7	27.65	18.74	104.5	27.78	18.74	103.2
18/06/2018 7:12:39 PM	3612157959	1013.00	27.20	18.74	109.0	27.82	18.74	102.9	27.66	18.74	104.4	27.76	18.74	103.4
18/06/2018 7:12:40 PM	3612157960	1013.00	27.17	18.74	109.3	27.80	18.74	103.1	27.66	18.74	104.4	27.79	18.74	103.1
18/06/2018 7:12:41 PM	3612157961	1013.00	27.23	18.74	108.7	27.84	18.74	102.7	27.68	18.74	104.2	27.77	18.74	103.3
18/06/2018 7:12:42 PM	3612157962	1013.00	27.25	18.73	108.5	27.81	18.73	103.0	27.68	18.73	104.2	27.79	18.73	103.2
18/06/2018 7:12:43 PM	3612157963	1013.00	27.20	18.73	109.1	27.84	18.73	102.7	27.65	18.73	104.5	27.78	18.73	103.3
18/06/2018 7:12:44 PM	3612157964	1013.00	27.18	18.73	109.3	27.87	18.73	102.4	27.67	18.73	104.3	27.78	18.73	103.3
18/06/2018 7:12:45 PM	3612157965	1013.00	27.17	18.73	109.4	27.85	18.73	102.6	27.67	18.73	104.3	27.78	18.73	103.3
18/06/2018 7:12:46 PM	3612157966	1013.00	27.13	18.73	109.8	27.84	18.73	102.7	27.66	18.73	104.4	27.78	18.73	103.3
18/06/2018 7:12:47 PM	3612157967	1013.00	27.07	18.73	110.4	27.84	18.73	102.7	27.66	18.73	104.4	27.77	18.73	103.4
18/06/2018 7:12:48 PM	3612157968	1013.00	27.11	18.73	110.0	27.85	18.73	102.6	27.66	18.73	104.4	27.77	18.73	103.4
18/06/2018 7:12:49 PM	3612157969	1013.00	27.08	18.73	110.3	27.82	18.73	102.9	27.66	18.73	104.4	27.76	18.73	103.5
18/06/2018 7:12:50 PM	3612157970	1013.00	27.11	18.73	110.0	27.83	18.73	102.8	27.68	18.73	104.2	27.79	18.73	103.2
18/06/2018 7:12:51 PM	3612157971	1013.00	27.14	18.73	109.7	27.88	18.73	102.3	27.66	18.73	104.4	27.79	18.73	103.2
18/06/2018 7:12:52 PM	3612157972	1013.00	27.16	18.73	109.5	27.82	18.73	102.9	27.67	18.73	104.3	27.78	18.73	103.3
18/06/2018 7:12:53 PM	3612157973	1013.00	27.02	18.73	110.9	27.87	18.73	102.4	27.66	18.73	104.4	27.79	18.73	103.2
18/06/2018 7:12:54 PM	3612157974	1013.00	27.14	18.73	109.7	27.82	18.73	102.9	27.66	18.73	104.4	27.79	18.73	103.2
18/06/2018 7:12:55 PM	3612157975	1013.00	27.09	18.73	110.2	27.83	18.73	102.8	27.66	18.73	104.4	27.77	18.73	103.4
18/06/2018 7:12:56 PM	3612157976	1013.00	27.06	18.73	110.5	27.85	18.73	102.6	27.66	18.73	104.4	27.78	18.73	103.3
18/06/2018 7:12:57 PM	3612157977	1013.00	27.09	18.74	110.2	27.88	18.74	102.3	27.66	18.74	104.4	27.80	18.74	103.1
18/06/2018 7:12:58 PM	3612157978	1013.00	27.24	18.73	108.6	27.85	18.73	102.6	27.68	18.73	104.2	27.79	18.73	103.2
18/06/2018 7:12:59 PM	3612157979	1013.00	27.09	18.74	110.2	27.90	18.74	102.1	27.66	18.74	104.4	27.79	18.74	103.1
18/06/2018 7:13:00 PM	3612157980	1013.00	27.19	18.74	109.1	27.87	18.74	102.4	27.66	18.74	104.4	27.78	18.74	103.2
18/06/2018 7:13:01 PM	3612157981	1013.00	27.16	18.74	109.5	27.86	18.74	102.5	27.65	18.74	104.5	27.79	18.74	103.1
18/06/2018 7:13:02 PM	3612157982	1013.00	27.14	18.73	109.7	27.85	18.73	102.6	27.65	18.73	104.5	27.80	18.73	103.1
18/06/2018 7:13:03 PM	3612157983	1013.00	27.16	18.73	109.5	27.86	18.73	102.5	27.66	18.73	104.4	27.79	18.73	103.2
18/06/2018 7:13:04 PM	3612157984	1013.00	27.07	18.73	110.4	27.84	18.73	102.7	27.65	18.73	104.5	27.78	18.73	103.3
18/06/2018 7:13:05 PM	3612157985	1013.00	27.08	18.73	110.3	27.87	18.73	102.4	27.69	18.73	104.1	27.78	18.73	103.3
18/06/2018 7:13:06 PM	3612157986	1013.00	27.11	18.73	110.0	27.86	18.73	102.5	27.66	18.73	104.4	27.78	18.73	103.3
18/06/2018 7:13:07 PM	3612157987	1013.00	27.00	18.73	111.2	27.86	18.73	102.5	27.66	18.73	104.4	27.80	18.73	103.1
18/06/2018 7:13:08 PM	3612157988	1013.00	27.14	18.73	109.7	27.88	18.73	102.3	27.64	18.73	104.6	27.80	18.73	103.1
18/06/2018 7:13:09 PM	3612157989	1013.00	27.11	18.73	110.0	27.87	18.73	102.4	27.63	18.73	104.7	27.78	18.73	103.3
18/06/2018 7:13:10 PM	3612157990	1013.00	27.06	18.73	110.5	27.89	18.73	102.2	27.67	18.73	104.3	27.78	18.73	103.3
18/06/2018 7:13:11 PM	3612157991	1013.00	27.12	18.73	109.9	27.88	18.73	102.3	27.67	18.73	104.3	27.79	18.73	103.2
18/06/2018 7:13:12 PM	3612157992	1013.00	27.20	18.73	109.1	27.88	18.73	102.3	27.66	18.73	104.4	27.79	18.73	103.2
18/06/2018 7:13:13 PM	3612157993	1013.00	27.13	18.73	109.8	27.88	18.73	102.3	27.67	18.73	104.3	27.80	18.73	103.1
18/06/2018 7:13:14 PM	3612157994	1013.00	27.12	18.73	109.9	27.88	18.73	102.3	27.66	18.73	104.4	27.82	18.73	102.9
18/06/2018 7:13:15 PM	3612157995	1013.00	27.07	18.73	110.4	27.88	18.73	102.3	27.66	18.73	104.4	27.80	18.73	103.1
18/06/2018 7:13:16 PM	3612157996	1013.00	27.15	18.73	109.6	27.86	18.73	102.5	27.67	18.73	104.3	27.80	18.73	103.1
18/06/2018 7:13:17 PM	3612157997	1013.00	27.16	18.73	109.5	27.89	18.73	102.2	27.65	18.73	104.5	27.80	18.73	103.1
18/06/2018 7:13:18 PM	3612157998	1013.00	27.09	18.73	110.2	27.88	18.73	102.3	27.66	18.73	104.4	27.78	18.73	103.3
18/06/2018 7:13:19 PM	3612157999	1013.00	27.01	18.73	111.0	27.88	18.73	102.3	27.67	18.73	104.3	27.78	18.73	103.3
18/06/2018 7:13:20 PM	3612158000	1013.00	27.05	18.73	110.6	27.88	18.73	102.3	27.69	18.73	104.1	27.81	18.73	103.0
18/06/2018 7:13:21 PM	3612158001	1013.00	27.16	18.73	109.5	27.86	18.73	102.5	27.67	18.73	104.3	27.80	18.73	103.1
18/06/2018 7:13:22 PM	3612158002	1013.00	27.06	18.73	110.5	27.92	18.73	101.9	27.66	18.73	104.4	27.81	18.73	103.0
18/06/2018 7:13:23 PM	3612158003	1013.00	27.18	18.73	109.3	27.89	18.73	102.2	27.65	18.73	104.5	27.80	18.73	103.1
18/06/2018 7:13:24 PM	3612158004	1013.00	27.08	18.73	110.3	27.89	18.73	102.2	27.69	18.73	104.1	27.80	18.73	103.1
18/06/2018 7:13:25 PM	3612158005	1013.00	27.06	18.72	110.5	27.89	18.72	102.2	27.67	18.72	104.4	27.81	18.72	103.0
18/06/2018 7:13:26 PM	3612158006	1013.00	27.09	18.73	110.2	27.88	18.73	102.3	27.65	18.73	104.5	27.85	18.73	102.6
18/06/2018 7:13:27 PM	3612158007	1013.00	27.18	18.73	109.3	27.89	18.73	102.2	27.69	18.73	104.1	27.81	18.73	103.0
18/06/2018 7:13:28 PM	3612158008	1013.00	27.15	18.73	109.6	27.90	18.73	102.1	27.68	18.73	104.2	27.80	18.73	103.1
18/06/2018 7:13:29 PM	3612158009	1013.00	27.09	18.73	110.2	27.88	18.73	102.3	27.68	18.73	104.2	27.80	18.73	103.1
18/06/2018 7:13:30 PM	3612158010	1013.00	27.16	18.74	109.5	27.88	18.74	102.3	27.68	18.74	104.2	27.80	18.74	103.1
18/06/2018 7:13:31 PM	3612158011	1013.00	27.07	18.74	110.4	27.91	18.74	102.0	27.66	18.74	104.4	27.82	18.74	102.9
18/06/2018 7:13:32 PM	3612158012	1013.00	27.13	18.73	109.8	27.92	18.73	101.9	27.68	18.73	104.2	27.81	18.73	103.0
18/06/2018 7:13:33 PM	3612158013	1013.00	27.27	18.73	108.3	27.88	18.73	102.3	27.67	18.73	104.3	27.82	18.73	102.9
18/06/2018 7:13:34 PM	3612158014	1013.00	27.14	18.73	109.7	27.91	18.73	102.0	27.67	18.73	104.3	27.81	18.73	103.0
18/06/2018 7:13:35 PM	3612158015	1013.00	27.05	18.73	110.6	27.92	18.73	101.9	27.67	18.73	104.3	27.81	18.73	103.0
18/06/2018 7:13:36 PM	3612158016	1013.00	27.12	18.73	109.9	27.91	18.73	102.0	27.66	18.73	104.4	27.82	18.73	102.9
18/06/2018 7:13:37 PM	3612158017	1013.00	27.20	18.73	109.1	27.90	18.73	102.1	27.69	18.73	104.1	27.81	18.73	103.0
18/06/2018 7:13:38 PM	3612158018	1013.00	27.26	18.73	108.4	27.91	18.73	102.0	27.68	18.73	104.2	27.81	18.73	103.0
18/06/2018 7:13:39 PM	3612158019	1013.00	27.20	18.73	109.1	27.91	18.73	102.0	27.67	18.73	104.3	27.83	18.73	102.8
18/06/2018 7:13:40 PM	3612158020	1013.00	27.11	18.73	110.0	27.94	18.73	101.7	27.68	18.73	104.2	27.82	18.73	102.9
18/06/2018 7:13:41 PM	3612158021	1013.00	27.22	18.73	108.9	27.87	18.73	102.4	27.68	18.73	104.2	27.80	18.73	103.1
18/06/2018 7:13:42 PM	3612158022	1013.00	27.14	18.72	109.7	27.90	18.72	102.1	27.67	18.72	104.4	27.83	18.72	102.8
18/06/2018 7:13:43 PM	3612158023	1013.00	27.16	18.72	109.5	27.89	18.72	102.2	27.69	18.72	104.2	27.81	18.72	103.0
18/06/2018 7:13:44 PM	3612158024	1013.00	27.23	18.73	108.8	27.90	18.73	102.1	27.68	18.73	104.2	27.82	18.73	102.9
18/06/2018 7:13:45 PM	3612158025	1013.00	27.19	18.73	109.2	27.89	18.73	102.2	27.68	18.73	104.2	27.81	18.73	103.0
18/06/2018 7:13:46 PM	3612158026	1013.00	27.07	18.73	110.4	27.90	18.73	102.1	27.65	18.73	104.5	27.83	18.73	102.8
18/06/2018 7:13:47 PM	3612158027	1013.00	27.15	18.73	109.6	27.91	18.73	102.0	27.67	18.73	104.3	27.84	18.73	102.7
18/06/2018 7:13:48 PM	3612158028	1013.00	27.17	18.72	109.4	27.92	18.72	101.9	27.68	18.72	104.3	27.81	18.72	103.0
18/06/2018 7:13:49 PM	3612158029	1013.00	27.08	18.73	110.3	27.91	18.73	102.0	27.67	18.73	104.3	27.82	18.73	102.9
18/06/2018 7:13:50 PM	3612158030	1013.00	27.13	18.73	109.8	27.89	18.73	102.2	27.65	18.73	104.5	27.83	18.73	102.8
18/06/2018 7:13:51 PM	3612158031	1013.00	27.12	18.73	109.9	27.91	18.73	102.0	27.66	18.73	104.4	27.83	18.73	102.8
18/06/2018 7:13:52 PM	3612158032	1013.00	27.07	18.73	110.4	27.93	18.73	101.8	27.68	18.73	104.2	27.82	18.73	102.9
18/06/2018 7:13:53 PM	3612158033	1013.00	27.11	18.73	110.0	27.91	18.73	102.0	27.71	18.73	103.9	27.83	18.73	102.8
18/06/2018 7:13:54 PM	3612158034	1013.00	27.11	18.73	110.0	27.92	18.73	101.9	27.66	18.73	104.4	27.82	18.73	102.9
18/06/2018 7:13:55 PM	3612158035	1013.00	27.02	18.73	110.9	27.91	18.73	102.0	27.69	18.73	104.1	27.82	18.73	102.9
18/06/2018 7:13:56 PM	3612158036	1013.00	27.20	18.73	109.1	27.92	18.73	101.9	27.68	18.73	104.2	27.84	18.73	102.7
18/06/2018 7:13:57 PM	3612158037	1013.00	27.19	18.73	109.2	27.90	18.73	102.1	27.68	18.73	104.2	27.81	18.73	103.0
18/06/2018 7:13:58 PM	3612158038	1013.00	27.01	18.73	111.0	27.93	18.73	101.8	27.66	18.73	104.4	27.82	18.73	102.9
18/06/2018 7:13:59 PM	3612158039	1013.00	27.23	18.73	108.8	27.93	18.73	101.8	27.69	18.73	104.1	27.84	18.73	102.7
18/06/2018 7:14:00 PM	3612158040	1013.00	27.09	18.72	110.2	27.90	18.72	102.1	27.70	18.72	104.1	27.84	18.72	102.7
18/06/2018 7:14:01 PM	3612158041	1013.00	27.06	18.73	110.5	27.91	18.73	102.0	27.67	18.73	104.3	27.82	18.73	102.9
18/06/2018 7:14:02 PM	3612158042	1013.00	27.13	18.73	109.8	27.91	18.73	102.0	27.66	18.73	104.4	27.82	18.73	102.9
18/06/2018 7:14:03 PM	3612158043	1013.00	27.07	18.73	110.4	27.93	18.73	101.8	27.70	18.73	104.0	27.84	18.73	102.7
18/06/2018 7:14:04 PM	3612158044	1013.00	27.13	18.73	109.8	27.88	18.73	102.3	27.70	18.73	104.0	27.85	18.73	102.6
18/06/2018 7:14:05 PM	3612158045	1013.00	27.16	18.73	109.5	27.93	18.73	101.8	27.67	18.73	104.3	27.82	18.73	102.9
18/06/2018 7:14:06 PM	3612158046	1013.00	27.17	18.73	109.4	27.94	18.73	101.7	27.70	18.73	104.0	27.84	18.73	102.7
18/06/2018 7:14:07 PM	3612158047	1013.00	27.12	18.73	109.9	27.93	18.73	101.8	27.71	18.73	103.9	27.85	18.73	102.6
18/06/2018 7:14:08 PM	3612158048	1013.00	27.19	18.73	109.2	27.89	18.73	102.2	27.69	18.73	104.1	27.83	18.73	102.8
18/06/2018 7:14:09 PM	3612158049	1013.00	27.06	18.73	110.5	27.93	18.73	101.8	27.68	18.73	104.2	27.84	18.73	102.7
18/06/2018 7:14:10 PM	3612158050	1013.00	27.11	18.72	110.0	27.93	18.72	101.8	27.69	18.72	104.2	27.84	18.72	102.7
18/06/2018 7:14:11 PM	3612158051	1013.00	27.01	18.73	111.0	27.92	18.73	101.9	27.69	18.73	104.1	27.87	18.73	102.4
18/06/2018 7:14:12 PM	3612158052	1013.00	27.16	18.73	109.5	27.91	18.73	102.0	27.67	18.73	104.3	27.83	18.73	102.8
18/06/2018 7:14:13 PM	3612158053	1013.00	27.10	18.72	110.1	27.93	18.72	101.8	27.68	18.72	104.3	27.85	18.72	102.6
18/06/2018 7:14:14 PM	3612158054	1013.00	27.07	18.72	110.4	27.92	18.72	101.9	27.67	18.72	104.4	27.85	18.72	102.6
18/06/2018 7:14:15 PM	3612158055	1013.00	27.11	18.73	110.0	27.93	18.73	101.8	27.69	18.73	104.1	27.84	18.73	102.7
18/06/2018 7:14:16 PM	3612158056	1013.00	27.24	18.73	108.6	27.95	18.73	101.6	27.69	18.73	104.1	27.87	18.73	102.4
18/06/2018 7:14:17 PM	3612158057	1013.00	27.15	18.73	109.6	27.92	18.73	101.9	27.68	18.73	104.2	27.85	18.73	102.6
18/06/2018 7:14:18 PM	3612158058	1013.00	27.13	18.73	109.8	27.93	18.73	101.8	27.70	18.73	104.0	27.83	18.73	102.8
18/06/2018 7:14:19 PM	3612158059	1013.00	27.21	18.73	109.0	27.95	18.73	101.6	27.68	18.73	104.2	27.86	18.73	102.5
18/06/2018 7:14:20 PM	3612158060	1013.00	27.16	18.73	109.5	27.94	18.73	101.7	27.69	18.73	104.1	27.85	18.73	102.6
18/06/2018 7:14:21 PM	3612158061	1013.00	27.22	18.73	108.9	27.92	18.73	101.9	27.69	18.73	104.1	27.86	18.73	102.5
18/06/2018 7:14:22 PM	3612158062	1013.00	27.06	18.73	110.5	27.93	18.73	101.8	27.71	18.73	103.9	27.86	18.73	102.5
18/06/2018 7:14:23 PM	3612158063	1013.00	27.11	18.72	110.0	27.96	18.72	101.6	27.71	18.72	104.0	27.85	18.72	102.6
18/06/2018 7:14:24 PM	3612158064	1013.00	27.07	18.73	110.4	27.92	18.73	101.9	27.71	18.73	103.9	27.86	18.73	102.5
18/06/2018 7:14:25 PM	3612158065	1013.00	27.23	18.72	108.8	27.95	18.72	101.7	27.68	18.72	104.3	27.85	18.72	102.6
18/06/2018 7:14:26 PM	3612158066	1013.00	27.08	18.73	110.3	27.93	18.73	101.8	27.69	18.73	104.1	27.87	18.73	102.4
18/06/2018 7:14:27 PM	3612158067	1013.00	27.13	18.72	109.8	27.94	18.72	101.8	27.68	18.72	104.3	27.86	18.72	102.5
18/06/2018 7:14:28 PM	3612158068	1013.00	27.17	18.73	109.4	27.93	18.73	101.8	27.70	18.73	104.0	27.87	18.73	102.4
18/06/2018 7:14:29 PM	3612158069	1013.00	27.14	18.73	109.7	27.94	18.73	101.7	27.69	18.73	104.1	27.86	18.73	102.5
18/06/2018 7:14:30 PM	3612158070	1013.00	27.14	18.73	109.7	27.94	18.73	101.7	27.67	18.73	104.3	27.85	18.73	102.6
18/06/2018 7:14:31 PM	3612158071	1013.00	27.13	18.73	109.8	27.94	18.73	101.7	27.71	18.73	103.9	27.86	18.73	102.5
18/06/2018 7:14:32 PM	3612158072	1013.00	27.08	18.73	110.3	27.91	18.73	102.0	27.68	18.73	104.2	27.89	18.73	102.2
18/06/2018 7:14:33 PM	3612158073	1013.00	27.10	18.72	110.1	27.93	18.72	101.8	27.68	18.72	104.3	27.85	18.72	102.6
18/06/2018 7:14:34 PM	3612158074	1013.00	27.18	18.72	109.3	27.93	18.72	101.8	27.70	18.72	104.1	27.86	18.72	102.5
18/06/2018 7:14:35 PM	3612158075	1013.00	27.10	18.72	110.1	27.96	18.72	101.6	27.71	18.72	104.0	27.87	18.72	102.4
18/06/2018 7:14:36 PM	3612158076	1013.00	27.11	18.72	110.0	27.95	18.72	101.7	27.66	18.72	104.5	27.84	18.72	102.7
18/06/2018 7:14:37 PM	3612158077	1013.00	27.05	18.73	110.6	27.94	18.73	101.7	27.70	18.73	104.0	27.85	18.73	102.6
18/06/2018 7:14:38 PM	3612158078	1013.00	27.19	18.73	109.2	27.97	18.73	101.4	27.71	18.73	103.9	27.87	18.73	102.4
18/06/2018 7:14:39 PM	3612158079	1013.00	27.15	18.73	109.6	27.92	18.73	101.9	27.69	18.73	104.1	27.88	18.73	102.3
18/06/2018 7:14:40 PM	3612158080	1013.00	27.19	18.73	109.2	27.95	18.73	101.6	27.69	18.73	104.1	27.88	18.73	102.3
18/06/2018 7:14:41 PM	3612158081	1013.00	27.15	18.73	109.6	27.96	18.73	101.5	27.69	18.73	104.1	27.87	18.73	102.4
18/06/2018 7:14:42 PM	3612158082	1013.00	27.26	18.73	108.4	27.96	18.73	101.5	27.70	18.73	104.0	27.89	18.73	102.2
18/06/2018 7:14:43 PM	3612158083	1013.00	27.17	18.73	109.4	27.95	18.73	101.6	27.71	18.73	103.9	27.86	18.73	102.5
18/06/2018 7:14:44 PM	3612158084	1013.00	27.07	18.73	110.4	27.96	18.73	101.5	27.69	18.73	104.1	27.89	18.73	102.2
18/06/2018 7:14:45 PM	3612158085	1013.00	27.17	18.73	109.4	27.95	18.73	101.6	27.72	18.73	103.8	27.88	18.73	102.3
18/06/2018 7:14:46 PM	3612158086	1013.00	27.08	18.73	110.3	27.95	18.73	101.6	27.71	18.73	103.9	27.88	18.73	102.3
18/06/2018 7:14:47 PM	3612158087	1013.00	27.08	18.72	110.3	27.98	18.72	101.4	27.71	18.72	104.0	27.87	18.72	102.4
18/06/2018 7:14:48 PM	3612158088	1013.00	27.24	18.72	108.7	27.95	18.72	101.7	27.69	18.72	104.2	27.88	18.72	102.3
18/06/2018 7:14:49 PM	3612158089	1013.00	27.12	18.72	109.9	27.97	18.72	101.5	27.69	18.72	104.2	27.89	18.72	102.2
18/06/2018 7:14:50 PM	3612158090	1013.00	27.06	18.73	110.5	27.98	18.73	101.4	27.68	18.73	104.2	27.89	18.73	102.2
18/06/2018 7:14:51 PM	3612158091	1013.00	27.12	18.72	109.9	27.95	18.72	101.7	27.72	18.72	103.9	27.87	18.72	102.4
18/06/2018 7:14:52 PM	3612158092	1013.00	27.18	18.73	109.3	27.98	18.73	101.4	27.69	18.73	104.1	27.87	18.73	102.4
18/06/2018 7:14:53 PM	3612158093	1013.00	27.17	18.73	109.4	27.97	18.73	101.4	27.69	18.73	104.1	27.87	18.73	102.4
18/06/2018 7:14:54 PM	3612158094	1013.00	27.20	18.73	109.1	27.95	18.73	101.6	27.68	18.73	104.2	27.89	18.73	102.2
18/06/2018 7:14:55 PM	3612158095	1013.00	27.04	18.73	110.7	27.98	18.73	101.4	27.69	18.73	104.1	27.91	18.73	102.0
18/06/2018 7:14:56 PM	3612158096	1013.00	27.09	18.73	110.2	27.95	18.73	101.6	27.69	18.73	104.1	27.89	18.73	102.2
18/06/2018 7:14:57 PM	3612158097	1013.00	27.20	18.73	109.1	27.98	18.73	101.4	27.71	18.73	103.9	27.89	18.73	102.2
18/06/2018 7:14:58 PM	3612158098	1013.00	27.23	18.73	108.8	27.94	18.73	101.7	27.71	18.73	103.9	27.89	18.73	102.2
18/06/2018 7:14:59 PM	3612158099	1013.00	27.16	18.73	109.5	27.95	18.73	101.6	27.72	18.73	103.8	27.89	18.73	102.2
18/06/2018 7:15:00 PM	3612158100	1013.00	27.13	18.73	109.8	27.97	18.73	101.4	27.69	18.73	104.1	27.88	18.73	102.3
18/06/2018 7:15:01 PM	3612158101	1013.00	27.12	18.73	109.9	27.97	18.73	101.4	27.71	18.73	103.9	27.87	18.73	102.4
18/06/2018 7:15:02 PM	3612158102	1013.00	27.11	18.73	110.0	28.00	18.73	101.2	27.71	18.73	103.9	27.89	18.73	102.2
18/06/2018 7:15:03 PM	3612158103	1013.00	27.09	18.73	110.2	27.96	18.73	101.5	27.72	18.73	103.8	27.88	18.73	102.3
18/06/2018 7:15:04 PM	3612158104	1013.00	27.15	18.73	109.6	27.99	18.73	101.3	27.70	18.73	104.0	27.90	18.73	102.1
18/06/2018 7:15:05 PM	3612158105	1013.00	27.08	18.73	110.3	27.98	18.73	101.4	27.71	18.73	103.9	27.89	18.73	102.2
18/06/2018 7:15:06 PM	3612158106	1013.00	27.14	18.73	109.7	27.97	18.73	101.4	27.70	18.73	104.0	27.90	18.73	102.1
18/06/2018 7:15:07 PM	3612158107	1013.00	27.15	18.73	109.6	27.99	18.73	101.3	27.70	18.73	104.0	27.90	18.73	102.1
18/06/2018 7:15:08 PM	3612158108	1013.00	27.14	18.73	109.7	27.96	18.73	101.5	27.69	18.73	104.1	27.91	18.73	102.0
18/06/2018 7:15:09 PM	3612158109	1013.00	27.11	18.73	110.0	28.00	18.73	101.2	27.72	18.73	103.8	27.90	18.73	102.1
18/06/2018 7:15:10 PM	3612158110	1013.00	27.05	18.73	110.6	27.99	18.73	101.3	27.70	18.73	104.0	27.91	18.73	102.0
18/06/2018 7:15:11 PM	3612158111	1013.00	27.08	18.73	110.3	28.00	18.73	101.2	27.71	18.73	103.9	27.90	18.73	102.1
18/06/2018 7:15:12 PM	3612158112	1013.00	27.24	18.73	108.6	27.99	18.73	101.3	27.69	18.73	104.1	27.90	18.73	102.1
18/06/2018 7:15:13 PM	3612158113	1013.00	27.05	18.72	110.6	28.01	18.72	101.1	27.72	18.72	103.9	27.89	18.72	102.2
18/06/2018 7:15:14 PM	3612158114	1013.00	27.13	18.72	109.8	27.98	18.72	101.4	27.72	18.72	103.9	27.92	18.72	101.9
18/06/2018 7:15:15 PM	3612158115	1013.00	27.11	18.72	110.0	27.99	18.72	101.3	27.70	18.72	104.1	27.94	18.72	101.8
18/06/2018 7:15:16 PM	3612158116	1013.00	27.24	18.73	108.6	28.01	18.73	101.1	27.72	18.73	103.8	27.90	18.73	102.1
18/06/2018 7:15:17 PM	3612158117	1013.00	27.22	18.73	108.9	28.02	18.73	101.0	27.70	18.73	104.0	27.92	18.73	101.9
18/06/2018 7:15:18 PM	3612158118	1013.00	27.06	18.73	110.5	28.00	18.73	101.2	27.74	18.73	103.7	27.91	18.73	102.0
18/06/2018 7:15:19 PM	3612158119	1013.00	27.06	18.73	110.5	28.02	18.73	101.0	27.72	18.73	103.8	27.92	18.73	101.9
18/06/2018 7:15:20 PM	3612158120	1013.00	27.11	18.73	110.0	28.01	18.73	101.1	27.71	18.73	103.9	27.92	18.73	101.9
18/06/2018 7:15:21 PM	3612158121	1013.00	27.13	18.73	109.8	28.02	18.73	101.0	27.70	18.73	104.0	27.91	18.73	102.0
18/06/2018 7:15:22 PM	3612158122	1013.00	27.06	18.73	110.5	28.01	18.73	101.1	27.72	18.73	103.8	27.92	18.73	101.9
18/06/2018 7:15:23 PM	3612158123	1013.00	27.08	18.73	110.3	28.02	18.73	101.0	27.70	18.73	104.0	27.92	18.73	101.9
18/06/2018 7:15:24 PM	3612158124	1013.00	27.22	18.73	108.9	28.03	18.73	100.9	27.73	18.73	103.7	27.91	18.73	102.0
18/06/2018 7:15:25 PM	3612158125	1013.00	27.13	18.73	109.8	28.04	18.73	100.8	27.69	18.73	104.1	27.91	18.73	102.0
18/06/2018 7:15:26 PM	3612158126	1013.00	27.18	18.73	109.3	28.02	18.73	101.0	27.71	18.73	103.9	27.90	18.73	102.1
18/06/2018 7:15:27 PM	3612158127	1013.00	27.12	18.72	109.9	28.02	18.72	101.0	27.72	18.72	103.9	27.93	18.72	101.8
18/06/2018 7:15:28 PM	3612158128	1013.00	27.22	18.72	108.9	28.02	18.72	101.0	27.72	18.72	103.9	27.92	18.72	101.9
18/06/2018 7:15:29 PM	3612158129	1013.00	27.19	18.72	109.2	28.03	18.72	100.9	27.73	18.72	103.8	27.92	18.72	101.9
18/06/2018 7:15:30 PM	3612158130	1013.00	27.18	18.72	109.3	28.00	18.72	101.2	27.70	18.72	104.1	27.92	18.72	101.9
18/06/2018 7:15:31 PM	3612158131	1013.00	27.20	18.72	109.1	28.04	18.72	100.8	27.72	18.72	103.9	27.94	18.72	101.8
18/06/2018 7:15:32 PM	3612158132	1013.00	27.04	18.72	110.7	28.03	18.72	100.9	27.74	18.72	103.7	27.94	18.72	101.8
18/06/2018 7:15:33 PM	3612158133	1013.00	27.08	18.72	110.3	27.99	18.72	101.3	27.71	18.72	104.0	27.93	18.72	101.8
18/06/2018 7:15:34 PM	3612158134	1013.00	26.97	18.73	111.5	28.06	18.73	100.6	27.71	18.73	103.9	27.93	18.73	101.8
18/06/2018 7:15:35 PM	3612158135	1013.00	27.22	18.73	108.9	28.05	18.73	100.7	27.71	18.73	103.9	27.94	18.73	101.7
18/06/2018 7:15:36 PM	3612158136	1013.00	27.15	18.73	109.6	28.03	18.73	100.9	27.71	18.73	103.9	27.92	18.73	101.9
18/06/2018 7:15:37 PM	3612158137	1013.00	27.29	18.73	108.1	28.04	18.73	100.8	27.72	18.73	103.8	27.92	18.73	101.9
18/06/2018 7:15:38 PM	3612158138	1013.00	27.19	18.73	109.2	28.04	18.73	100.8	27.71	18.73	103.9	27.93	18.73	101.8
18/06/2018 7:15:39 PM	3612158139	1013.00	27.11	18.73	110.0	28.07	18.73	100.5	27.73	18.73	103.7	27.91	18.73	102.0
18/06/2018 7:15:40 PM	3612158140	1013.00	27.09	18.73	110.2	28.01	18.73	101.1	27.74	18.73	103.7	27.94	18.73	101.7
18/06/2018 7:15:41 PM	3612158141	1013.00	27.20	18.73	109.1	28.03	18.73	100.9	27.72	18.73	103.8	27.94	18.73	101.7
18/06/2018 7:15:42 PM	3612158142	1013.00	27.10	18.73	110.1	28.03	18.73	100.9	27.73	18.73	103.7	27.95	18.73	101.6
18/06/2018 7:15:43 PM	3612158143	1013.00	27.08	18.73	110.3	28.05	18.73	100.7	27.70	18.73	104.0	27.94	18.73	101.7
18/06/2018 7:15:44 PM	3612158144	1013.00	27.12	18.73	109.9	28.04	18.73	100.8	27.71	18.73	103.9	27.93	18.73	101.8
18/06/2018 7:15:45 PM	3612158145	1013.00	27.16	18.73	109.5	28.04	18.73	100.8	27.70	18.73	104.0	27.94	18.73	101.7
18/06/2018 7:15:46 PM	3612158146	1013.00	27.15	18.73	109.6	28.03	18.73	100.9	27.72	18.73	103.8	27.92	18.73	101.9
18/06/2018 7:15:47 PM	3612158147	1013.00	27.07	18.73	110.4	28.03	18.73	100.9	27.73	18.73	103.7	27.94	18.73	101.7
18/06/2018 7:15:48 PM	3612158148	1013.00	27.11	18.73	110.0	28.05	18.73	100.7	27.73	18.73	103.7	27.95	18.73	101.6
18/06/2018 7:15:49 PM	3612158149	1013.00	27.18	18.73	109.3	28.04	18.73	100.8	27.74	18.73	103.7	27.94	18.73	101.7
18/06/2018 7:15:50 PM	3612158150	1013.00	27.04	18.73	110.7	28.05	18.73	100.7	27.72	18.73	103.8	27.95	18.73	101.6
18/06/2018 7:15:51 PM	3612158151	1013.00	27.05	18.73	110.6	28.03	18.73	100.9	27.72	18.73	103.8	27.95	18.73	101.6
18/06/2018 7:15:52 PM	3612158152	1013.00	27.12	18.73	109.9	28.04	18.73	100.8	27.73	18.73	103.7	27.93	18.73	101.8
18/06/2018 7:15:53 PM	3612158153	1013.00	27.13	18.73	109.8	28.03	18.73	100.9	27.71	18.73	103.9	27.94	18.73	101.7
18/06/2018 7:15:54 PM	3612158154	1013.00	27.17	18.73	109.4	28.03	18.73	100.9	27.70	18.73	104.0	27.95	18.73	101.6
18/06/2018 7:15:55 PM	3612158155	1013.00	27.07	18.73	110.4	28.04	18.73	100.8	27.73	18.73	103.7	27.95	18.73	101.6
18/06/2018 7:15:56 PM	3612158156	1013.00	27.18	18.73	109.3	28.08	18.73	100.4	27.74	18.73	103.7	27.95	18.73	101.6
18/06/2018 7:15:57 PM	3612158157	1013.00	27.19	18.73	109.2	28.05	18.73	100.7	27.74	18.73	103.7	27.96	18.73	101.5
18/06/2018 7:15:58 PM	3612158158	1013.00	27.14	18.73	109.7	28.07	18.73	100.5	27.71	18.73	103.9	27.93	18.73	101.8
18/06/2018 7:15:59 PM	3612158159	1013.00	27.08	18.73	110.3	28.04	18.73	100.8	27.71	18.73	103.9	27.97	18.73	101.4
18/06/2018 7:16:00 PM	3612158160	1013.00	27.11	18.73	110.0	28.04	18.73	100.8	27.76	18.73	103.5	27.96	18.73	101.5
18/06/2018 7:16:01 PM	3612158161	1013.00	27.14	18.73	109.7	28.04	18.73	100.8	27.73	18.73	103.7	27.95	18.73	101.6
18/06/2018 7:16:02 PM	3612158162	1013.00	27.25	18.73	108.5	28.08	18.73	100.4	27.73	18.73	103.7	27.97	18.73	101.4
18/06/2018 7:16:03 PM	3612158163	1013.00	27.10	18.73	110.1	28.06	18.73	100.6	27.74	18.73	103.7	27.96	18.73	101.5
18/06/2018 7:16:04 PM	3612158164	1013.00	27.20	18.73	109.1	28.02	18.73	101.0	27.72	18.73	103.8	27.94	18.73	101.7
18/06/2018 7:16:05 PM	3612158165	1013.00	27.16	18.73	109.5	28.05	18.73	100.7	27.72	18.73	103.8	27.97	18.73	101.4
18/06/2018 7:16:06 PM	3612158166	1013.00	27.22	18.72	108.9	28.07	18.72	100.5	27.74	18.72	103.7	27.97	18.72	101.5
18/06/2018 7:16:07 PM	3612158167	1013.00	27.16	18.72	109.5	28.08	18.72	100.4	27.74	18.72	103.7	27.97	18.72	101.5
18/06/2018 7:16:08 PM	3612158168	1013.00	27.15	18.72	109.6	28.06	18.72	100.6	27.74	18.72	103.7	27.98	18.72	101.4
18/06/2018 7:16:09 PM	3612158169	1013.00	27.24	18.72	108.7	28.08	18.72	100.4	27.76	18.72	103.5	27.97	18.72	101.5
18/06/2018 7:16:10 PM	3612158170	1013.00	27.18	18.73	109.3	28.07	18.73	100.5	27.74	18.73	103.7	27.98	18.73	101.4
18/06/2018 7:16:11 PM	3612158171	1013.00	27.21	18.73	109.0	28.08	18.73	100.4	27.73	18.73	103.7	27.97	18.73	101.4
18/06/2018 7:16:12 PM	3612158172	1013.00	27.18	18.73	109.3	28.07	18.73	100.5	27.76	18.73	103.5	27.96	18.73	101.5
18/06/2018 7:16:13 PM	3612158173	1013.00	27.04	18.73	110.7	28.07	18.73	100.5	27.74	18.73	103.7	27.95	18.73	101.6
18/06/2018 7:16:14 PM	3612158174	1013.00	27.01	18.73	111.0	28.08	18.73	100.4	27.76	18.73	103.5	27.97	18.73	101.4
18/06/2018 7:16:15 PM	3612158175	1013.00	27.13	18.73	109.8	28.09	18.73	100.3	27.74	18.73	103.7	27.97	18.73	101.4
18/06/2018 7:16:16 PM	3612158176	1013.00	27.04	18.73	110.7	28.09	18.73	100.3	27.76	18.73	103.5	27.96	18.73	101.5
18/06/2018 7:16:17 PM	3612158177	1013.00	27.12	18.73	109.9	28.07	18.73	100.5	27.77	18.73	103.4	27.98	18.73	101.4
18/06/2018 7:16:18 PM	3612158178	1013.00	27.19	18.73	109.2	28.08	18.73	100.4	27.76	18.73	103.5	27.96	18.73	101.5
18/06/2018 7:16:19 PM	3612158179	1013.00	27.18	18.73	109.3	28.05	18.73	100.7	27.75	18.73	103.6	27.98	18.73	101.4
18/06/2018 7:16:20 PM	3612158180	1013.00	27.22	18.73	108.9	28.07	18.73	100.5	27.79	18.73	103.2	27.98	18.73	101.4
18/06/2018 7:16:21 PM	3612158181	1013.00	27.20	18.73	109.1	28.11	18.73	100.1	27.76	18.73	103.5	27.97	18.73	101.4
18/06/2018 7:16:22 PM	3612158182	1013.00	27.13	18.73	109.8	28.05	18.73	100.7	27.78	18.73	103.3	27.97	18.73	101.4
18/06/2018 7:16:23 PM	3612158183	1013.00	27.01	18.73	111.0	28.09	18.73	100.3	27.76	18.73	103.5	28.01	18.73	101.1
18/06/2018 7:16:24 PM	3612158184	1013.00	27.12	18.73	109.9	28.08	18.73	100.4	27.78	18.73	103.3	27.98	18.73	101.4
18/06/2018 7:16:25 PM	3612158185	1013.00	27.05	18.72	110.6	28.08	18.72	100.4	27.77	18.72	103.4	27.98	18.72	101.4
18/06/2018 7:16:26 PM	3612158186	1013.00	27.10	18.72	110.1	28.10	18.72	100.2	27.80	18.72	103.1	27.96	18.72	101.6
18/06/2018 7:16:27 PM	3612158187	1013.00	27.11	18.72	110.0	28.10	18.72	100.2	27.80	18.72	103.1	27.99	18.72	101.3
18/06/2018 7:16:28 PM	3612158188	1013.00	27.07	18.72	110.4	28.08	18.72	100.4	27.79	18.72	103.2	28.00	18.72	101.2
18/06/2018 7:16:29 PM	3612158189	1013.00	27.15	18.72	109.6	28.08	18.72	100.4	27.78	18.72	103.3	28.03	18.72	100.9
18/06/2018 7:16:30 PM	3612158190	1013.00	27.11	18.72	110.0	28.09	18.72	100.3	27.80	18.72	103.1	27.98	18.72	101.4
18/06/2018 7:16:31 PM	3612158191	1013.00	27.22	18.73	108.9	28.06	18.73	100.6	27.78	18.73	103.3	27.99	18.73	101.3
18/06/2018 7:16:32 PM	3612158192	1013.00	27.08	18.73	110.3	28.08	18.73	100.4	27.79	18.73	103.2	28.00	18.73	101.2
18/06/2018 7:16:33 PM	3612158193	1013.00	27.20	18.73	109.1	28.09	18.73	100.3	27.82	18.73	102.9	28.01	18.73	101.1
18/06/2018 7:16:34 PM	3612158194	1013.00	27.10	18.73	110.1	28.08	18.73	100.4	27.80	18.73	103.1	28.02	18.73	101.0
18/06/2018 7:16:35 PM	3612158195	1013.00	27.18	18.73	109.3	28.09	18.73	100.3	27.83	18.73	102.8	27.99	18.73	101.3
18/06/2018 7:16:36 PM	3612158196	1013.00	27.23	18.73	108.8	28.08	18.73	100.4	27.82	18.73	102.9	28.02	18.73	101.0
18/06/2018 7:16:37 PM	3612158197	1013.00	27.15	18.73	109.6	28.10	18.73	100.2	27.84	18.73	102.7	28.00	18.73	101.2
18/06/2018 7:16:38 PM	3612158198	1013.00	27.10	18.73	110.1	28.08	18.73	100.4	27.83	18.73	102.8	28.01	18.73	101.1
18/06/2018 7:16:39 PM	3612158199	1013.00	27.17	18.72	109.4	28.11	18.72	100.2	27.81	18.72	103.0	28.02	18.72	101.0
18/06/2018 7:16:40 PM	3612158200	1013.00	27.22	18.72	108.9	28.11	18.72	100.2	27.86	18.72	102.5	28.00	18.72	101.2
18/06/2018 7:16:41 PM	3612158201	1013.00	27.11	18.72	110.0	28.09	18.72	100.3	27.83	18.72	102.8	28.02	18.72	101.0
18/06/2018 7:16:42 PM	3612158202	1013.00	27.03	18.72	110.9	28.09	18.72	100.3	27.83	18.72	102.8	28.00	18.72	101.2
18/06/2018 7:16:43 PM	3612158203	1013.00	27.19	18.73	109.2	28.11	18.73	100.1	27.88	18.73	102.3	28.01	18.73	101.1
18/06/2018 7:16:44 PM	3612158204	1013.00	27.09	18.73	110.2	28.07	18.73	100.5	27.84	18.73	102.7	27.99	18.73	101.3
18/06/2018 7:16:45 PM	3612158205	1013.00	27.14	18.73	109.7	28.13	18.73	99.9	27.88	18.73	102.3	28.01	18.73	101.1
18/06/2018 7:16:46 PM	3612158206	1013.00	27.16	18.73	109.5	28.10	18.73	100.2	27.88	18.73	102.3	28.01	18.73	101.1
18/06/2018 7:16:47 PM	3612158207	1013.00	27.09	18.73	110.2	28.12	18.73	100.0	27.86	18.73	102.5	28.04	18.73	100.8
18/06/2018 7:16:48 PM	3612158208	1013.00	27.03	18.73	110.8	28.10	18.73	100.2	27.89	18.73	102.2	28.02	18.73	101.0
18/06/2018 7:16:49 PM	3612158209	1013.00	27.13	18.73	109.8	28.12	18.73	100.0	27.91	18.73	102.0	28.01	18.73	101.1
18/06/2018 7:16:50 PM	3612158210	1013.00	27.23	18.73	108.8	28.09	18.73	100.3	27.91	18.73	102.0	28.04	18.73	100.8
18/06/2018 7:16:51 PM	3612158211	1013.00	27.19	18.73	109.2	28.11	18.73	100.1	27.94	18.73	101.7	28.00	18.73	101.2
18/06/2018 7:16:52 PM	3612158212	1013.00	27.11	18.73	110.0	28.09	18.73	100.3	27.91	18.73	102.0	28.02	18.73	101.0
18/06/2018 7:16:53 PM	3612158213	1013.00	27.14	18.73	109.7	28.13	18.73	99.9	27.93	18.73	101.8	28.06	18.73	100.6
18/06/2018 7:16:54 PM	3612158214	1013.00	27.26	18.72	108.5	28.06	18.72	100.6	27.92	18.72	101.9	28.03	18.72	100.9
18/06/2018 7:16:55 PM	3612158215	1013.00	27.13	18.73	109.8	28.11	18.73	100.1	27.93	18.73	101.8	28.03	18.73	100.9
18/06/2018 7:16:56 PM	3612158216	1013.00	27.17	18.73	109.4	28.07	18.73	100.5	27.97	18.73	101.4	28.02	18.73	101.0
18/06/2018 7:16:57 PM	3612158217	1013.00	27.13	18.72	109.8	28.08	18.72	100.4	27.97	18.72	101.5	28.03	18.72	100.9
18/06/2018 7:16:58 PM	3612158218	1013.00	27.15	18.73	109.6	28.12	18.73	100.0	27.98	18.73	101.4	28.03	18.73	100.9
18/06/2018 7:16:59 PM	3612158219	1013.00	27.02	18.73	110.9	28.12	18.73	100.0	28.00	18.73	101.2	28.05	18.73	100.7
18/06/2018 7:17:00 PM	3612158220	1013.00	27.23	18.73	108.8	28.10	18.73	100.2	27.99	18.73	101.3	28.03	18.73	100.9
18/06/2018 7:17:01 PM	3612158221	1013.00	27.12	18.73	109.9	28.10	18.73	100.2	28.00	18.73	101.2	28.04	18.73	100.8
18/06/2018 7:17:02 PM	3612158222	1013.00	27.11	18.73	110.0	28.11	18.73	100.1	27.99	18.73	101.3	28.02	18.73	101.0
18/06/2018 7:17:03 PM	3612158223	1013.00	27.07	18.74	110.4	28.14	18.74	99.8	28.02	18.74	101.0	28.04	18.74	100.8
18/06/2018 7:17:04 PM	3612158224	1013.00	27.14	18.74	109.7	28.10	18.74	100.2	28.03	18.74	100.9	28.05	18.74	100.7
18/06/2018 7:17:05 PM	3612158225	1013.00	27.19	18.73	109.2	28.11	18.73	100.1	28.04	18.73	100.8	28.04	18.73	100.8
18/06/2018 7:17:06 PM	3612158226	1013.00	27.12	18.73	109.9	28.12	18.73	100.0	28.05	18.73	100.7	28.03	18.73	100.9
18/06/2018 7:17:07 PM	3612158227	1013.00	27.21	18.73	109.0	28.13	18.73	99.9	28.06	18.73	100.6	28.04	18.73	100.8
18/06/2018 7:17:08 PM	3612158228	1013.00	26.99	18.72	111.3	28.12	18.72	100.1	28.08	18.72	100.4	28.05	18.72	100.7
18/06/2018 7:17:09 PM	3612158229	1013.00	27.08	18.72	110.3	28.12	18.72	100.1	28.04	18.72	100.8	28.05	18.72	100.7
18/06/2018 7:17:10 PM	3612158230	1013.00	27.11	18.72	110.0	28.10	18.72	100.2	28.07	18.72	100.5	28.05	18.72	100.7
18/06/2018 7:17:11 PM	3612158231	1013.00	27.20	18.72	109.1	28.14	18.72	99.9	28.08	18.72	100.4	28.04	18.72	100.8
18/06/2018 7:17:12 PM	3612158232	1013.00	27.30	18.72	108.1	28.12	18.72	100.1	28.11	18.72	100.2	28.05	18.72	100.7
18/06/2018 7:17:13 PM	3612158233	1013.00	27.16	18.73	109.5	28.10	18.73	100.2	28.11	18.73	100.1	28.07	18.73	100.5
18/06/2018 7:17:14 PM	3612158234	1013.00	27.08	18.73	110.3	28.11	18.73	100.1	28.13	18.73	99.9	28.04	18.73	100.8
18/06/2018 7:17:15 PM	3612158235	1013.00	27.13	18.73	109.8	28.12	18.73	100.0	28.15	18.73	99.8	28.04	18.73	100.8
18/06/2018 7:17:16 PM	3612158236	1013.00	27.15	18.73	109.6	28.14	18.73	99.9	28.14	18.73	99.9	28.05	18.73	100.7
18/06/2018 7:17:17 PM	3612158237	1013.00	27.08	18.73	110.3	28.11	18.73	100.1	28.15	18.73	99.8	28.05	18.73	100.7
18/06/2018 7:17:18 PM	3612158238	1013.00	27.12	18.73	109.9	28.16	18.73	99.7	28.17	18.73	99.6	28.04	18.73	100.8
18/06/2018 7:17:19 PM	3612158239	1013.00	27.09	18.72	110.2	28.14	18.72	99.9	28.16	18.72	99.7	28.07	18.72	100.5
18/06/2018 7:17:20 PM	3612158240	1013.00	27.21	18.72	109.0	28.10	18.72	100.2	28.20	18.72	99.3	28.06	18.72	100.6
18/06/2018 7:17:21 PM	3612158241	1013.00	27.14	18.73	109.7	28.13	18.73	99.9	28.21	18.73	99.2	28.08	18.73	100.4
18/06/2018 7:17:22 PM	3612158242	1013.00	27.20	18.72	109.1	28.15	18.72	99.8	28.21	18.72	99.2	28.10	18.72	100.2
18/06/2018 7:17:23 PM	3612158243	1013.00	27.07	18.73	110.4	28.13	18.73	99.9	28.23	18.73	99.0	28.07	18.73	100.5
18/06/2018 7:17:24 PM	3612158244	1013.00	27.17	18.72	109.4	28.08	18.72	100.4	28.24	18.72	99.0	28.09	18.72	100.3
18/06/2018 7:17:25 PM	3612158245	1013.00	27.11	18.73	110.0	28.12	18.73	100.0	28.24	18.73	98.9	28.06	18.73	100.6
18/06/2018 7:17:26 PM	3612158246	1013.00	27.17	18.73	109.4	28.09	18.73	100.3	28.25	18.73	98.8	28.08	18.73	100.4
18/06/2018 7:17:27 PM	3612158247	1013.00	27.16	18.73	109.5	28.11	18.73	100.1	28.25	18.73	98.8	28.07	18.73	100.5
18/06/2018 7:17:28 PM	3612158248	1013.00	27.05	18.72	110.6	28.11	18.72	100.2	28.26	18.72	98.8	28.08	18.72	100.4
18/06/2018 7:17:29 PM	3612158249	1013.00	26.97	18.73	111.5	28.10	18.73	100.2	28.29	18.73	98.5	28.08	18.73	100.4
18/06/2018 7:17:30 PM	3612158250	1013.00	27.17	18.73	109.4	28.13	18.73	99.9	28.30	18.73	98.4	28.07	18.73	100.5
18/06/2018 7:17:31 PM	3612158251	1013.00	27.25	18.73	108.5	28.11	18.73	100.1	28.30	18.73	98.4	28.06	18.73	100.6
18/06/2018 7:17:32 PM	3612158252	1013.00	27.24	18.73	108.6	28.11	18.73	100.1	28.32	18.73	98.2	28.07	18.73	100.5
18/06/2018 7:17:33 PM	3612158253	1013.00	27.13	18.73	109.8	28.12	18.73	100.0	28.32	18.73	98.2	28.08	18.73	100.4
18/06/2018 7:17:34 PM	3612158254	1013.00	27.20	18.73	109.1	28.12	18.73	100.0	28.36	18.73	97.8	28.07	18.73	100.5
18/06/2018 7:17:35 PM	3612158255	1013.00	27.15	18.73	109.6	28.11	18.73	100.1	28.34	18.73	98.0	28.09	18.73	100.3
18/06/2018 7:17:36 PM	3612158256	1013.00	27.07	18.73	110.4	28.12	18.73	100.0	28.38	18.73	97.7	28.08	18.73	100.4
18/06/2018 7:17:37 PM	3612158257	1013.00	27.13	18.73	109.8	28.10	18.73	100.2	28.40	18.73	97.5	28.08	18.73	100.4
18/06/2018 7:17:38 PM	3612158258	1013.00	27.18	18.73	109.3	28.11	18.73	100.1	28.37	18.73	97.8	28.08	18.73	100.4
18/06/2018 7:17:39 PM	3612158259	1013.00	27.16	18.73	109.5	28.12	18.73	100.0	28.40	18.73	97.5	28.08	18.73	100.4
18/06/2018 7:17:40 PM	3612158260	1013.00	27.15	18.73	109.6	28.12	18.73	100.0	28.42	18.73	97.3	28.08	18.73	100.4
18/06/2018 7:17:41 PM	3612158261	1013.00	27.13	18.73	109.8	28.11	18.73	100.1	28.41	18.73	97.4	28.09	18.73	100.3
18/06/2018 7:17:42 PM	3612158262	1013.00	27.06	18.73	110.5	28.10	18.73	100.2	28.42	18.73	97.3	28.07	18.73	100.5
18/06/2018 7:17:43 PM	3612158263	1013.00	27.21	18.72	109.0	28.12	18.72	100.1	28.44	18.72	97.1	28.09	18.72	100.3
18/06/2018 7:17:44 PM	3612158264	1013.00	27.19	18.73	109.2	28.15	18.73	99.8	28.45	18.73	97.0	28.11	18.73	100.1
18/06/2018 7:17:45 PM	3612158265	1013.00	27.19	18.72	109.2	28.12	18.72	100.1	28.43	18.72	97.2	28.11	18.72	100.2
18/06/2018 7:17:46 PM	3612158266	1013.00	27.10	18.72	110.1	28.13	18.72	100.0	28.45	18.72	97.0	28.12	18.72	100.1
18/06/2018 7:17:47 PM	3612158267	1013.00	27.26	18.73	108.4	28.10	18.73	100.2	28.49	18.73	96.7	28.10	18.73	100.2
18/06/2018 7:17:48 PM	3612158268	1013.00	27.15	18.73	109.6	28.12	18.73	100.0	28.47	18.73	96.9	28.10	18.73	100.2
18/06/2018 7:17:49 PM	3612158269	1013.00	27.18	18.73	109.3	28.16	18.73	99.7	28.48	18.73	96.8	28.10	18.73	100.2
18/06/2018 7:17:50 PM	3612158270	1013.00	27.16	18.73	109.5	28.12	18.73	100.0	28.52	18.73	96.4	28.11	18.73	100.1
18/06/2018 7:17:51 PM	3612158271	1013.00	27.13	18.73	109.8	28.11	18.73	100.1	28.51	18.73	96.5	28.11	18.73	100.1
18/06/2018 7:17:52 PM	3612158272	1013.00	27.08	18.73	110.3	28.10	18.73	100.2	28.52	18.73	96.4	28.10	18.73	100.2
18/06/2018 7:17:53 PM	3612158273	1013.00	27.16	18.73	109.5	28.13	18.73	99.9	28.52	18.73	96.4	28.10	18.73	100.2
18/06/2018 7:17:54 PM	3612158274	1013.00	27.15	18.73	109.6	28.10	18.73	100.2	28.53	18.73	96.3	28.12	18.73	100.0
18/06/2018 7:17:55 PM	3612158275	1013.00	27.10	18.73	110.1	28.14	18.73	99.9	28.54	18.73	96.2	28.10	18.73	100.2
18/06/2018 7:17:56 PM	3612158276	1013.00	27.09	18.73	110.2	28.14	18.73	99.9	28.55	18.73	96.1	28.12	18.73	100.0
18/06/2018 7:17:57 PM	3612158277	1013.00	27.06	18.73	110.5	28.11	18.73	100.1	28.54	18.73	96.2	28.11	18.73	100.1
18/06/2018 7:17:58 PM	3612158278	1013.00	27.16	18.73	109.5	28.13	18.73	99.9	28.57	18.73	96.0	28.13	18.73	99.9
18/06/2018 7:17:59 PM	3612158279	1013.00	27.20	18.73	109.1	28.15	18.73	99.8	28.57	18.73	96.0	28.13	18.73	99.9
18/06/2018 7:18:00 PM	3612158280	1013.00	27.07	18.73	110.4	28.14	18.73	99.9	28.59	18.73	95.8	28.13	18.73	99.9
18/06/2018 7:18:01 PM	3612158281	1013.00	27.19	18.73	109.2	28.11	18.73	100.1	28.57	18.73	96.0	28.11	18.73	100.1
18/06/2018 7:18:02 PM	3612158282	1013.00	27.11	18.73	110.0	28.15	18.73	99.8	28.59	18.73	95.8	28.12	18.73	100.0
18/06/2018 7:18:03 PM	3612158283	1013.00	27.09	18.73	110.2	28.14	18.73	99.9	28.62	18.73	95.5	28.13	18.73	99.9
18/06/2018 7:18:04 PM	3612158284	1013.00	27.25	18.73	108.5	28.15	18.73	99.8	28.60	18.73	95.7	28.13	18.73	99.9
18/06/2018 7:18:05 PM	3612158285	1013.00	27.18	18.73	109.3	28.14	18.73	99.9	28.63	18.73	95.4	28.13	18.73	99.9
18/06/2018 7:18:06 PM	3612158286	1013.00	27.16	18.73	109.5	28.13	18.73	99.9	28.60	18.73	95.7	28.12	18.73	100.0
18/06/2018 7:18:07 PM	3612158287	1013.00	27.18	18.73	109.3	28.14	18.73	99.9	28.63	18.73	95.4	28.12	18.73	100.0
18/06/2018 7:18:08 PM	3612158288	1013.00	27.17	18.73	109.4	28.13	18.73	99.9	28.64	18.73	95.3	28.14	18.73	99.9
18/06/2018 7:18:09 PM	3612158289	1013.00	27.21	18.73	109.0	28.15	18.73	99.8	28.62	18.73	95.5	28.12	18.73	100.0
18/06/2018 7:18:10 PM	3612158290	1013.00	27.25	18.73	108.5	28.15	18.73	99.8	28.64	18.73	95.3	28.14	18.73	99.9
18/06/2018 7:18:11 PM	3612158291	1013.00	27.16	18.72	109.5	28.13	18.72	100.0	28.65	18.72	95.3	28.14	18.72	99.9
18/06/2018 7:18:12 PM	3612158292	1013.00	27.24	18.72	108.7	28.17	18.72	99.6	28.64	18.72	95.4	28.14	18.72	99.9
18/06/2018 7:18:13 PM	3612158293	1013.00	27.14	18.72	109.7	28.16	18.72	99.7	28.66	18.72	95.2	28.15	18.72	99.8
18/06/2018 7:18:14 PM	3612158294	1013.00	27.21	18.73	109.0	28.14	18.73	99.9	28.65	18.73	95.3	28.13	18.73	99.9
18/06/2018 7:18:15 PM	3612158295	1013.00	27.27	18.73	108.3	28.14	18.73	99.9	28.65	18.73	95.3	28.14	18.73	99.9
18/06/2018 7:18:16 PM	3612158296	1013.00	27.13	18.73	109.8	28.14	18.73	99.9	28.66	18.73	95.2	28.13	18.73	99.9
18/06/2018 7:18:17 PM	3612158297	1013.00	27.19	18.73	109.2	28.16	18.73	99.7	28.67	18.73	95.1	28.13	18.73	99.9
18/06/2018 7:18:18 PM	3612158298	1013.00	27.08	18.73	110.3	28.13	18.73	99.9	28.66	18.73	95.2	28.14	18.73	99.9
18/06/2018 7:18:19 PM	3612158299	1013.00	27.11	18.72	110.0	28.14	18.72	99.9	28.71	18.72	94.8	28.13	18.72	100.0
18/06/2018 7:18:20 PM	3612158300	1013.00	27.27	18.73	108.3	28.17	18.73	99.6	28.68	18.73	95.0	28.16	18.73	99.7
18/06/2018 7:18:21 PM	3612158301	1013.00	27.11	18.73	110.0	28.18	18.73	99.5	28.68	18.73	95.0	28.14	18.73	99.9
18/06/2018 7:18:22 PM	3612158302	1013.00	27.09	18.73	110.2	28.12	18.73	100.0	28.71	18.73	94.7	28.13	18.73	99.9
18/06/2018 7:18:23 PM	3612158303	1013.00	27.07	18.73	110.4	28.15	18.73	99.8	28.69	18.73	94.9	28.16	18.73	99.7
18/06/2018 7:18:24 PM	3612158304	1013.00	27.08	18.73	110.3	28.15	18.73	99.8	28.70	18.73	94.8	28.17	18.73	99.6
18/06/2018 7:18:25 PM	3612158305	1013.00	27.16	18.72	109.5	28.18	18.72	99.5	28.71	18.72	94.8	28.17	18.72	99.6
18/06/2018 7:18:26 PM	3612158306	1013.00	27.10	18.72	110.1	28.20	18.72	99.3	28.74	18.72	94.5	28.15	18.72	99.8
18/06/2018 7:18:27 PM	3612158307	1013.00	27.22	18.72	108.9	28.17	18.72	99.6	28.71	18.72	94.8	28.15	18.72	99.8
18/06/2018 7:18:28 PM	3612158308	1013.00	27.14	18.72	109.7	28.16	18.72	99.7	28.72	18.72	94.7	28.17	18.72	99.6
18/06/2018 7:18:29 PM	3612158309	1013.00	27.20	18.73	109.1	28.17	18.73	99.6	28.73	18.73	94.6	28.17	18.73	99.6
18/06/2018 7:18:30 PM	3612158310	1013.00	27.21	18.73	109.0	28.20	18.73	99.3	28.72	18.73	94.7	28.16	18.73	99.7
18/06/2018 7:18:31 PM	3612158311	1013.00	27.10	18.73	110.1	28.19	18.73	99.4	28.72	18.73	94.7	28.14	18.73	99.9
18/06/2018 7:18:32 PM	3612158312	1013.00	27.24	18.73	108.6	28.19	18.73	99.4	28.74	18.73	94.5	28.14	18.73	99.9
18/06/2018 7:18:33 PM	3612158313	1013.00	27.18	18.72	109.3	28.19	18.72	99.4	28.74	18.72	94.5	28.17	18.72	99.6
18/06/2018 7:18:34 PM	3612158314	1013.00	27.12	18.72	109.9	28.18	18.72	99.5	28.75	18.72	94.4	28.15	18.72	99.8
18/06/2018 7:18:35 PM	3612158315	1013.00	27.06	18.72	110.5	28.19	18.72	99.4	28.75	18.72	94.4	28.15	18.72	99.8
18/06/2018 7:18:36 PM	3612158316	1013.00	27.14	18.72	109.7	28.17	18.72	99.6	28.76	18.72	94.3	28.19	18.72	99.4
18/06/2018 7:18:37 PM	3612158317	1013.00	27.21	18.72	109.0	28.21	18.72	99.2	28.76	18.72	94.3	28.16	18.72	99.7
18/06/2018 7:18:38 PM	3612158318	1013.00	27.29	18.73	108.1	28.21	18.73	99.2	28.77	18.73	94.2	28.18	18.73	99.5
18/06/2018 7:18:39 PM	3612158319	1013.00	27.32	18.73	107.8	28.18	18.73	99.5	28.77	18.73	94.2	28.17	18.73	99.6
18/06/2018 7:18:40 PM	3612158320	1013.00	27.13	18.73	109.8	28.19	18.73	99.4	28.76	18.73	94.3	28.16	18.73	99.7
18/06/2018 7:18:41 PM	3612158321	1013.00	27.06	18.73	110.5	28.20	18.73	99.3	28.75	18.73	94.4	28.18	18.73	99.5
18/06/2018 7:18:42 PM	3612158322	1013.00	27.18	18.73	109.3	28.19	18.73	99.4	28.76	18.73	94.3	28.17	18.73	99.6
18/06/2018 7:18:43 PM	3612158323	1013.00	27.13	18.73	109.8	28.17	18.73	99.6	28.78	18.73	94.1	28.18	18.73	99.5
18/06/2018 7:18:44 PM	3612158324	1013.00	27.08	18.73	110.3	28.19	18.73	99.4	28.76	18.73	94.3	28.18	18.73	99.5
18/06/2018 7:18:45 PM	3612158325	1013.00	27.16	18.73	109.5	28.18	18.73	99.5	28.81	18.73	93.9	28.18	18.73	99.5
18/06/2018 7:18:46 PM	3612158326	1013.00	27.14	18.73	109.7	28.19	18.73	99.4	28.79	18.73	94.0	28.18	18.73	99.5
18/06/2018 7:18:47 PM	3612158327	1013.00	27.12	18.73	109.9	28.22	18.73	99.1	28.81	18.73	93.9	28.20	18.73	99.3
18/06/2018 7:18:48 PM	3612158328	1013.00	27.17	18.73	109.4	28.21	18.73	99.2	28.82	18.73	93.8	28.18	18.73	99.5
18/06/2018 7:18:49 PM	3612158329	1013.00	27.23	18.73	108.8	28.22	18.73	99.1	28.83	18.73	93.7	28.20	18.73	99.3
18/06/2018 7:18:50 PM	3612158330	1013.00	27.16	18.73	109.5	28.18	18.73	99.5	28.79	18.73	94.0	28.20	18.73	99.3
18/06/2018 7:18:51 PM	3612158331	1013.00	27.23	18.73	108.8	28.20	18.73	99.3	28.82	18.73	93.8	28.19	18.73	99.4
18/06/2018 7:18:52 PM	3612158332	1013.00	27.17	18.73	109.4	28.24	18.73	98.9	28.84	18.73	93.6	28.19	18.73	99.4
18/06/2018 7:18:53 PM	3612158333	1013.00	27.12	18.73	109.9	28.22	18.73	99.1	28.84	18.73	93.6	28.17	18.73	99.6
18/06/2018 7:18:54 PM	3612158334	1013.00	27.08	18.72	110.3	28.20	18.72	99.3	28.84	18.72	93.6	28.21	18.72	99.2
18/06/2018 7:18:55 PM	3612158335	1013.00	27.21	18.72	109.0	28.22	18.72	99.1	28.85	18.72	93.5	28.19	18.72	99.4
18/06/2018 7:18:56 PM	3612158336	1013.00	27.18	18.73	109.3	28.23	18.73	99.0	28.85	18.73	93.5	28.21	18.73	99.2
18/06/2018 7:18:57 PM	3612158337	1013.00	27.10	18.72	110.1	28.22	18.72	99.1	28.85	18.72	93.5	28.21	18.72	99.2
18/06/2018 7:18:58 PM	3612158338	1013.00	27.05	18.72	110.6	28.25	18.72	98.9	28.86	18.72	93.5	28.20	18.72	99.3
18/06/2018 7:18:59 PM	3612158339	1013.00	27.19	18.73	109.2	28.26	18.73	98.8	28.87	18.73	93.4	28.22	18.73	99.1
18/06/2018 7:19:00 PM	3612158340	1013.00	27.32	18.73	107.8	28.24	18.73	98.9	28.86	18.73	93.4	28.20	18.73	99.3
18/06/2018 7:19:01 PM	3612158341	1013.00	27.24	18.73	108.6	28.21	18.73	99.2	28.89	18.73	93.2	28.21	18.73	99.2
18/06/2018 7:19:02 PM	3612158342	1013.00	27.15	18.73	109.6	28.25	18.73	98.8	28.86	18.73	93.4	28.22	18.73	99.1
18/06/2018 7:19:03 PM	3612158343	1013.00	27.12	18.73	109.9	28.22	18.73	99.1	28.89	18.73	93.2	28.21	18.73	99.2
18/06/2018 7:19:04 PM	3612158344	1013.00	27.18	18.73	109.3	28.25	18.73	98.8	28.92	18.73	92.9	28.21	18.73	99.2
18/06/2018 7:19:05 PM	3612158345	1013.00	27.26	18.73	108.4	28.26	18.73	98.8	28.89	18.73	93.2	28.21	18.73	99.2
18/06/2018 7:19:06 PM	3612158346	1013.00	27.18	18.73	109.3	28.29	18.73	98.5	28.93	18.73	92.8	28.22	18.73	99.1
18/06/2018 7:19:07 PM	3612158347	1013.00	27.10	18.73	110.1	28.28	18.73	98.6	28.92	18.73	92.9	28.22	18.73	99.1
18/06/2018 7:19:08 PM	3612158348	1013.00	27.03	18.73	110.8	28.29	18.73	98.5	28.91	18.73	93.0	28.22	18.73	99.1
18/06/2018 7:19:09 PM	3612158349	1013.00	27.11	18.73	110.0	28.28	18.73	98.6	28.93	18.73	92.8	28.22	18.73	99.1
18/06/2018 7:19:10 PM	3612158350	1013.00	27.22	18.73	108.9	28.26	18.73	98.8	28.96	18.73	92.6	28.23	18.73	99.0
18/06/2018 7:19:11 PM	3612158351	1013.00	27.05	18.73	110.6	28.29	18.73	98.5	28.97	18.73	92.5	28.22	18.73	99.1
18/06/2018 7:19:12 PM	3612158352	1013.00	27.11	18.73	110.0	28.27	18.73	98.7	28.96	18.73	92.6	28.23	18.73	99.0
18/06/2018 7:19:13 PM	3612158353	1013.00	27.17	18.73	109.4	28.30	18.73	98.4	28.97	18.73	92.5	28.20	18.73	99.3
18/06/2018 7:19:14 PM	3612158354	1013.00	27.22	18.73	108.9	28.29	18.73	98.5	28.97	18.73	92.5	28.21	18.73	99.2
18/06/2018 7:19:15 PM	3612158355	1013.00	27.14	18.73	109.7	28.30	18.73	98.4	29.00	18.73	92.3	28.23	18.73	99.0
18/06/2018 7:19:16 PM	3612158356	1013.00	27.17	18.73	109.4	28.27	18.73	98.7	28.99	18.73	92.3	28.23	18.73	99.0
18/06/2018 7:19:17 PM	3612158357	1013.00	27.13	18.72	109.8	28.30	18.72	98.4	29.00	18.72	92.3	28.24	18.72	99.0
18/06/2018 7:19:18 PM	3612158358	1013.00	27.06	18.72	110.5	28.30	18.72	98.4	29.02	18.72	92.1	28.25	18.72	98.9
18/06/2018 7:19:19 PM	3612158359	1013.00	27.12	18.72	109.9	28.30	18.72	98.4	29.00	18.72	92.3	28.25	18.72	98.9
18/06/2018 7:19:20 PM	3612158360	1013.00	27.10	18.72	110.1	28.33	18.72	98.1	29.02	18.72	92.1	28.23	18.72	99.0
18/06/2018 7:19:21 PM	3612158361	1013.00	27.12	18.72	109.9	28.28	18.72	98.6	29.01	18.72	92.2	28.27	18.72	98.7
18/06/2018 7:19:22 PM	3612158362	1013.00	27.19	18.73	109.2	28.32	18.73	98.2	29.04	18.73	91.9	28.23	18.73	99.0
18/06/2018 7:19:23 PM	3612158363	1013.00	27.09	18.73	110.2	28.27	18.73	98.7	29.04	18.73	91.9	28.24	18.73	98.9
18/06/2018 7:19:24 PM	3612158364	1013.00	27.14	18.72	109.7	28.34	18.72	98.0	29.05	18.72	91.9	28.26	18.72	98.8
18/06/2018 7:19:25 PM	3612158365	1013.00	27.13	18.72	109.8	28.32	18.72	98.2	29.05	18.72	91.9	28.24	18.72	99.0
18/06/2018 7:19:26 PM	3612158366	1013.00	27.25	18.72	108.6	28.32	18.72	98.2	29.06	18.72	91.8	28.25	18.72	98.9
18/06/2018 7:19:27 PM	3612158367	1013.00	27.14	18.72	109.7	28.30	18.72	98.4	29.08	18.72	91.6	28.25	18.72	98.9
18/06/2018 7:19:28 PM	3612158368	1013.00	27.20	18.72	109.1	28.32	18.72	98.2	29.11	18.72	91.4	28.26	18.72	98.8
18/06/2018 7:19:29 PM	3612158369	1013.00	27.13	18.72	109.8	28.36	18.72	97.9	29.07	18.72	91.7	28.27	18.72	98.7
18/06/2018 7:19:30 PM	3612158370	1013.00	27.03	18.72	110.9	28.31	18.72	98.3	29.10	18.72	91.4	28.25	18.72	98.9
18/06/2018 7:19:31 PM	3612158371	1013.00	27.17	18.72	109.4	28.34	18.72	98.0	29.12	18.72	91.3	28.26	18.72	98.8
18/06/2018 7:19:32 PM	3612158372	1013.00	27.12	18.72	109.9	28.34	18.72	98.0	29.13	18.72	91.2	28.27	18.72	98.7
18/06/2018 7:19:33 PM	3612158373	1013.00	27.17	18.72	109.4	28.34	18.72	98.0	29.12	18.72	91.3	28.28	18.72	98.6
18/06/2018 7:19:34 PM	3612158374	1013.00	27.08	18.72	110.3	28.34	18.72	98.0	29.13	18.72	91.2	28.26	18.72	98.8
18/06/2018 7:19:35 PM	3612158375	1013.00	27.24	18.72	108.7	28.36	18.72	97.9	29.15	18.72	91.0	28.27	18.72	98.7
18/06/2018 7:19:36 PM	3612158376	1013.00	27.16	18.72	109.5	28.36	18.72	97.9	29.16	18.72	90.9	28.26	18.72	98.8
18/06/2018 7:19:37 PM	3612158377	1013.00	27.20	18.72	109.1	28.36	18.72	97.9	29.15	18.72	91.0	28.27	18.72	98.7
18/06/2018 7:19:38 PM	3612158378	1013.00	27.18	18.72	109.3	28.33	18.72	98.1	29.16	18.72	90.9	28.27	18.72	98.7
18/06/2018 7:19:39 PM	3612158379	1013.00	27.14	18.72	109.7	28.35	18.72	98.0	29.17	18.72	90.9	28.24	18.72	99.0
18/06/2018 7:19:40 PM	3612158380	1013.00	27.17	18.72	109.4	28.34	18.72	98.0	29.20	18.72	90.6	28.28	18.72	98.6
18/06/2018 7:19:41 PM	3612158381	1013.00	27.15	18.72	109.6	28.35	18.72	98.0	29.17	18.72	90.9	28.28	18.72	98.6
18/06/2018 7:19:42 PM	3612158382	1013.00	27.13	18.72	109.8	28.38	18.72	97.7	29.20	18.72	90.6	28.27	18.72	98.7
18/06/2018 7:19:43 PM	3612158383	1013.00	27.04	18.72	110.7	28.37	18.72	97.8	29.21	18.72	90.5	28.27	18.72	98.7
18/06/2018 7:19:44 PM	3612158384	1013.00	27.12	18.72	109.9	28.37	18.72	97.8	29.23	18.72	90.4	28.28	18.72	98.6
18/06/2018 7:19:45 PM	3612158385	1013.00	27.13	18.72	109.8	28.39	18.72	97.6	29.21	18.72	90.5	28.29	18.72	98.5
18/06/2018 7:19:46 PM	3612158386	1013.00	27.12	18.72	109.9	28.40	18.72	97.5	29.25	18.72	90.2	28.28	18.72	98.6
18/06/2018 7:19:47 PM	3612158387	1013.00	27.18	18.72	109.3	28.38	18.72	97.7	29.24	18.72	90.3	28.25	18.72	98.9
18/06/2018 7:19:48 PM	3612158388	1013.00	27.16	18.72	109.5	28.38	18.72	97.7	29.25	18.72	90.2	28.28	18.72	98.6
18/06/2018 7:19:49 PM	3612158389	1013.00	27.16	18.72	109.5	28.37	18.72	97.8	29.26	18.72	90.1	28.28	18.72	98.6
18/06/2018 7:19:50 PM	3612158390	1013.00	27.02	18.72	111.0	28.38	18.72	97.7	29.29	18.72	89.9	28.28	18.72	98.6
18/06/2018 7:19:51 PM	3612158391	1013.00	27.14	18.72	109.7	28.38	18.72	97.7	29.29	18.72	89.9	28.31	18.72	98.3
18/06/2018 7:19:52 PM	3612158392	1013.00	27.15	18.72	109.6	28.37	18.72	97.8	29.29	18.72	89.9	28.29	18.72	98.5
18/06/2018 7:19:53 PM	3612158393	1013.00	27.17	18.72	109.4	28.37	18.72	97.8	29.29	18.72	89.9	28.30	18.72	98.4
18/06/2018 7:19:54 PM	3612158394	1013.00	27.22	18.72	108.9	28.37	18.72	97.8	29.30	18.72	89.8	28.29	18.72	98.5
18/06/2018 7:19:55 PM	3612158395	1013.00	27.17	18.72	109.4	28.40	18.72	97.5	29.30	18.72	89.8	28.29	18.72	98.5
18/06/2018 7:19:56 PM	3612158396	1013.00	27.22	18.72	108.9	28.40	18.72	97.5	29.30	18.72	89.8	28.28	18.72	98.6
18/06/2018 7:19:57 PM	3612158397	1013.00	27.15	18.72	109.6	28.41	18.72	97.4	29.33	18.72	89.5	28.31	18.72	98.3
18/06/2018 7:19:58 PM	3612158398	1013.00	27.12	18.72	109.9	28.39	18.72	97.6	29.34	18.72	89.5	28.29	18.72	98.5
18/06/2018 7:19:59 PM	3612158399	1013.00	27.24	18.72	108.7	28.41	18.72	97.4	29.34	18.72	89.5	28.31	18.72	98.3
18/06/2018 7:20:00 PM	3612158400	1013.00	27.08	18.72	110.3	28.37	18.72	97.8	29.36	18.72	89.3	28.29	18.72	98.5
18/06/2018 7:20:01 PM	3612158401	1013.00	27.19	18.72	109.2	28.42	18.72	97.3	29.36	18.72	89.3	28.31	18.72	98.3
18/06/2018 7:20:02 PM	3612158402	1013.00	27.07	18.72	110.4	28.40	18.72	97.5	29.38	18.72	89.1	28.28	18.72	98.6
18/06/2018 7:20:03 PM	3612158403	1013.00	27.18	18.71	109.3	28.41	18.71	97.4	29.37	18.71	89.2	28.31	18.71	98.3
18/06/2018 7:20:04 PM	3612158404	1013.00	27.14	18.72	109.7	28.44	18.72	97.1	29.38	18.72	89.1	28.31	18.72	98.3
18/06/2018 7:20:05 PM	3612158405	1013.00	27.21	18.72	109.0	28.41	18.72	97.4	29.41	18.72	88.9	28.31	18.72	98.3
18/06/2018 7:20:06 PM	3612158406	1013.00	27.13	18.72	109.8	28.42	18.72	97.3	29.43	18.72	88.7	28.33	18.72	98.1
18/06/2018 7:20:07 PM	3612158407	1013.00	27.19	18.72	109.2	28.43	18.72	97.2	29.41	18.72	88.9	28.31	18.72	98.3
18/06/2018 7:20:08 PM	3612158408	1013.00	27.10	18.72	110.1	28.43	18.72	97.2	29.40	18.72	89.0	28.31	18.72	98.3
18/06/2018 7:20:09 PM	3612158409	1013.00	27.04	18.72	110.7	28.40	18.72	97.5	29.44	18.72	88.7	28.31	18.72	98.3
18/06/2018 7:20:10 PM	3612158410	1013.00	27.16	18.72	109.5	28.42	18.72	97.3	29.44	18.72	88.7	28.32	18.72	98.2
18/06/2018 7:20:11 PM	3612158411	1013.00	27.18	18.72	109.3	28.44	18.72	97.1	29.45	18.72	88.6	28.32	18.72	98.2
18/06/2018 7:20:12 PM	3612158412	1013.00	27.19	18.72	109.2	28.45	18.72	97.0	29.46	18.72	88.5	28.30	18.72	98.4
18/06/2018 7:20:13 PM	3612158413	1013.00	27.17	18.72	109.4	28.42	18.72	97.3	29.45	18.72	88.6	28.31	18.72	98.3
18/06/2018 7:20:14 PM	3612158414	1013.00	27.18	18.72	109.3	28.44	18.72	97.1	29.48	18.72	88.3	28.31	18.72	98.3
18/06/2018 7:20:15 PM	3612158415	1013.00	27.15	18.72	109.6	28.46	18.72	97.0	29.50	18.72	88.2	28.34	18.72	98.0
18/06/2018 7:20:16 PM	3612158416	1013.00	27.17	18.72	109.4	28.45	18.72	97.0	29.50	18.72	88.2	28.32	18.72	98.2
18/06/2018 7:20:17 PM	3612158417	1013.00	27.13	18.72	109.8	28.46	18.72	97.0	29.53	18.72	87.9	28.32	18.72	98.2
18/06/2018 7:20:18 PM	3612158418	1013.00	27.13	18.72	109.8	28.49	18.72	96.7	29.52	18.72	88.0	28.33	18.72	98.1
18/06/2018 7:20:19 PM	3612158419	1013.00	27.30	18.72	108.1	28.47	18.72	96.9	29.52	18.72	88.0	28.32	18.72	98.2
18/06/2018 7:20:20 PM	3612158420	1013.00	27.17	18.72	109.4	28.47	18.72	96.9	29.54	18.72	87.9	28.34	18.72	98.0
18/06/2018 7:20:21 PM	3612158421	1013.00	27.19	18.72	109.2	28.46	18.72	97.0	29.56	18.72	87.7	28.33	18.72	98.1
18/06/2018 7:20:22 PM	3612158422	1013.00	27.20	18.72	109.1	28.46	18.72	97.0	29.56	18.72	87.7	28.32	18.72	98.2
18/06/2018 7:20:23 PM	3612158423	1013.00	27.34	18.72	107.6	28.45	18.72	97.0	29.58	18.72	87.5	28.34	18.72	98.0
18/06/2018 7:20:24 PM	3612158424	1013.00	27.13	18.72	109.8	28.49	18.72	96.7	29.59	18.72	87.5	28.33	18.72	98.1
18/06/2018 7:20:25 PM	3612158425	1013.00	27.18	18.72	109.3	28.49	18.72	96.7	29.59	18.72	87.5	28.32	18.72	98.2
18/06/2018 7:20:26 PM	3612158426	1013.00	27.18	18.71	109.3	28.47	18.71	96.9	29.61	18.71	87.3	28.31	18.71	98.3
18/06/2018 7:20:27 PM	3612158427	1013.00	27.16	18.72	109.5	28.46	18.72	97.0	29.62	18.72	87.2	28.35	18.72	98.0
18/06/2018 7:20:28 PM	3612158428	1013.00	27.17	18.72	109.4	28.46	18.72	97.0	29.63	18.72	87.1	28.32	18.72	98.2
18/06/2018 7:20:29 PM	3612158429	1013.00	27.21	18.72	109.0	28.50	18.72	96.6	29.63	18.72	87.1	28.35	18.72	98.0
18/06/2018 7:20:30 PM	3612158430	1013.00	27.15	18.72	109.6	28.47	18.72	96.9	29.64	18.72	87.1	28.33	18.72	98.1
18/06/2018 7:20:31 PM	3612158431	1013.00	27.18	18.72	109.3	28.49	18.72	96.7	29.66	18.72	86.9	28.34	18.72	98.0
18/06/2018 7:20:32 PM	3612158432	1013.00	27.09	18.72	110.2	28.48	18.72	96.8	29.65	18.72	87.0	28.34	18.72	98.0
18/06/2018 7:20:33 PM	3612158433	1013.00	27.16	18.72	109.5	28.49	18.72	96.7	29.69	18.72	86.7	28.36	18.72	97.9
18/06/2018 7:20:34 PM	3612158434	1013.00	27.16	18.72	109.5	28.49	18.72	96.7	29.69	18.72	86.7	28.34	18.72	98.0
