Date & time of file creation	16/06/2018 7:19 PM													
Data file path	C:\Users\ameli\Desktop\Luke Strasiotto\160618\New_12.txt													
														
														
CALIBRATION DATA														
Parameter/Channel	N moving average	LO phase [r.U.]	HI phase [r.U.]	LO oxygen [%air saturation]	HI oxygen [%air saturation]	LO temperature [°C]	HI temperature [°C]	Salinity [‰]						
SDWD0003000199      , CH 1	1	59.32	26.89	0.00	100.00	27.84	27.90	0.000						
SDWD0003000199      , CH 2	1	59.32	26.89	0.00	100.00	27.84	27.90	0.000						
SDWD0003000199      , CH 3	1	59.34	26.89	0.00	100.00	27.84	27.90	0.000						
SDWD0003000199      , CH 4	1	59.32	26.89	0.00	100.00	27.84	27.90	0.000						
														
														
Date &Time [DD-MM-YYYY HH:MM:SS]	Time stamp code	Barometric pressure [hPa]	SDWD0003000199      , CH 1 phase [r.U.]	SDWD0003000199      , CH 1 temp [°C]	SDWD0003000199      , CH 1 O2 [% air saturation]	SDWD0003000199      , CH 2 phase [r.U.]	SDWD0003000199      , CH 2 temp [°C]	SDWD0003000199      , CH 2 O2 [% air saturation]	SDWD0003000199      , CH 3 phase [r.U.]	SDWD0003000199      , CH 3 temp [°C]	SDWD0003000199      , CH 3 O2 [% air saturation]	SDWD0003000199      , CH 4 phase [r.U.]	SDWD0003000199      , CH 4 temp [°C]	SDWD0003000199      , CH 4 O2 [% air saturation]
16/06/2018 7:20:48 PM	3611985648	1013.00	26.59	27.77	103.1	26.54	27.77	103.6	26.66	27.77	102.5	26.52	27.77	103.8
16/06/2018 7:20:49 PM	3611985649	1013.00	26.56	27.77	103.4	26.56	27.77	103.4	26.65	27.77	102.5	26.52	27.77	103.8
16/06/2018 7:20:50 PM	3611985650	1013.00	26.62	27.78	102.8	26.57	27.78	103.3	26.62	27.78	102.8	26.50	27.78	104.0
16/06/2018 7:20:51 PM	3611985651	1013.00	26.63	27.78	102.7	26.51	27.78	103.9	26.66	27.78	102.4	26.48	27.78	104.2
16/06/2018 7:20:52 PM	3611985652	1013.00	26.60	27.78	103.0	26.53	27.78	103.7	26.65	27.78	102.5	26.54	27.78	103.6
16/06/2018 7:20:53 PM	3611985653	1013.00	26.58	27.78	103.2	26.53	27.78	103.7	26.66	27.78	102.4	26.51	27.78	103.9
16/06/2018 7:20:54 PM	3611985654	1013.00	26.59	27.78	103.1	26.54	27.78	103.6	26.64	27.78	102.6	26.49	27.78	104.1
16/06/2018 7:20:55 PM	3611985655	1013.00	26.60	27.80	103.0	26.54	27.80	103.6	26.66	27.80	102.4	26.48	27.80	104.2
16/06/2018 7:20:56 PM	3611985656	1013.00	26.60	27.80	103.0	26.54	27.80	103.6	26.68	27.80	102.2	26.49	27.80	104.1
16/06/2018 7:20:57 PM	3611985657	1013.00	26.62	27.80	102.8	26.52	27.80	103.8	26.64	27.80	102.6	26.50	27.80	104.0
16/06/2018 7:20:58 PM	3611985658	1013.00	26.61	27.81	102.9	26.52	27.81	103.8	26.64	27.81	102.6	26.50	27.81	104.0
16/06/2018 7:20:59 PM	3611985659	1013.00	26.62	27.80	102.8	26.54	27.80	103.6	26.65	27.80	102.5	26.51	27.80	103.9
16/06/2018 7:21:00 PM	3611985660	1013.00	26.58	27.79	103.2	26.54	27.79	103.6	26.64	27.79	102.6	26.52	27.79	103.8
16/06/2018 7:21:01 PM	3611985661	1013.00	26.58	27.79	103.2	26.53	27.79	103.7	26.63	27.79	102.7	26.48	27.79	104.2
16/06/2018 7:21:02 PM	3611985662	1013.00	26.60	27.79	103.0	26.53	27.79	103.7	26.63	27.79	102.7	26.51	27.79	103.9
16/06/2018 7:21:03 PM	3611985663	1013.00	26.61	27.78	102.9	26.52	27.78	103.8	26.62	27.78	102.8	26.50	27.78	104.0
16/06/2018 7:21:04 PM	3611985664	1013.00	26.59	27.79	103.1	26.53	27.79	103.7	26.63	27.79	102.7	26.51	27.79	103.9
16/06/2018 7:21:05 PM	3611985665	1013.00	26.60	27.79	103.0	26.56	27.79	103.4	26.67	27.79	102.3	26.48	27.79	104.2
16/06/2018 7:21:06 PM	3611985666	1013.00	26.60	27.79	103.0	26.53	27.79	103.7	26.62	27.79	102.8	26.51	27.79	103.9
16/06/2018 7:21:07 PM	3611985667	1013.00	26.59	27.78	103.1	26.51	27.78	103.9	26.65	27.78	102.5	26.49	27.78	104.1
16/06/2018 7:21:08 PM	3611985668	1013.00	26.57	27.79	103.3	26.55	27.79	103.5	26.65	27.79	102.5	26.53	27.79	103.7
16/06/2018 7:21:09 PM	3611985669	1013.00	26.61	27.78	102.9	26.52	27.78	103.8	26.64	27.78	102.6	26.50	27.78	104.0
16/06/2018 7:21:10 PM	3611985670	1013.00	26.58	27.78	103.2	26.55	27.78	103.5	26.63	27.78	102.7	26.51	27.78	103.9
16/06/2018 7:21:11 PM	3611985671	1013.00	26.60	27.78	103.0	26.51	27.78	103.9	26.64	27.78	102.6	26.48	27.78	104.2
16/06/2018 7:21:12 PM	3611985672	1013.00	26.60	27.78	103.0	26.52	27.78	103.8	26.65	27.78	102.5	26.51	27.78	103.9
16/06/2018 7:21:13 PM	3611985673	1013.00	26.58	27.78	103.2	26.56	27.78	103.4	26.63	27.78	102.7	26.49	27.78	104.1
16/06/2018 7:21:14 PM	3611985674	1013.00	26.60	27.79	103.0	26.49	27.79	104.1	26.64	27.79	102.6	26.51	27.79	103.9
16/06/2018 7:21:15 PM	3611985675	1013.00	26.60	27.78	103.0	26.56	27.78	103.4	26.64	27.78	102.6	26.50	27.78	104.0
16/06/2018 7:21:16 PM	3611985676	1013.00	26.61	27.78	102.9	26.51	27.78	103.9	26.63	27.78	102.7	26.50	27.78	104.0
16/06/2018 7:21:17 PM	3611985677	1013.00	26.61	27.79	102.9	26.54	27.79	103.6	26.66	27.79	102.4	26.54	27.79	103.6
16/06/2018 7:21:18 PM	3611985678	1013.00	26.63	27.79	102.7	26.52	27.79	103.8	26.62	27.79	102.8	26.49	27.79	104.1
16/06/2018 7:21:19 PM	3611985679	1013.00	26.58	27.78	103.2	26.56	27.78	103.4	26.64	27.78	102.6	26.52	27.78	103.8
16/06/2018 7:21:20 PM	3611985680	1013.00	26.64	27.78	102.6	26.54	27.78	103.6	26.62	27.78	102.8	26.50	27.78	104.0
16/06/2018 7:21:21 PM	3611985681	1013.00	26.57	27.78	103.3	26.55	27.78	103.5	26.63	27.78	102.7	26.50	27.78	104.0
16/06/2018 7:21:22 PM	3611985682	1013.00	26.61	27.78	102.9	26.55	27.78	103.5	26.62	27.78	102.8	26.47	27.78	104.3
16/06/2018 7:21:23 PM	3611985683	1013.00	26.60	27.78	103.0	26.54	27.78	103.6	26.62	27.78	102.8	26.50	27.78	104.0
16/06/2018 7:21:24 PM	3611985684	1013.00	26.57	27.78	103.3	26.57	27.78	103.3	26.63	27.78	102.7	26.51	27.78	103.9
16/06/2018 7:21:25 PM	3611985685	1013.00	26.59	27.78	103.1	26.59	27.78	103.1	26.63	27.78	102.7	26.53	27.78	103.7
16/06/2018 7:21:26 PM	3611985686	1013.00	26.56	27.78	103.4	26.50	27.78	104.0	26.65	27.78	102.5	26.52	27.78	103.8
16/06/2018 7:21:27 PM	3611985687	1013.00	26.58	27.78	103.2	26.58	27.78	103.2	26.65	27.78	102.5	26.52	27.78	103.8
16/06/2018 7:21:28 PM	3611985688	1013.00	26.58	27.78	103.2	26.60	27.78	103.0	26.65	27.78	102.5	26.49	27.78	104.1
16/06/2018 7:21:29 PM	3611985689	1013.00	26.59	27.78	103.1	26.53	27.78	103.7	26.65	27.78	102.5	26.51	27.78	103.9
16/06/2018 7:21:30 PM	3611985690	1013.00	26.60	27.78	103.0	26.59	27.78	103.1	26.64	27.78	102.6	26.50	27.78	104.0
16/06/2018 7:21:31 PM	3611985691	1013.00	26.57	27.79	103.3	26.57	27.79	103.3	26.66	27.79	102.4	26.53	27.79	103.7
16/06/2018 7:21:32 PM	3611985692	1013.00	26.58	27.79	103.2	26.60	27.79	103.0	26.66	27.79	102.4	26.52	27.79	103.8
16/06/2018 7:21:33 PM	3611985693	1013.00	26.58	27.79	103.2	26.56	27.79	103.4	26.64	27.79	102.6	26.48	27.79	104.2
16/06/2018 7:21:34 PM	3611985694	1013.00	26.59	27.79	103.1	26.55	27.79	103.5	26.65	27.79	102.5	26.51	27.79	103.9
16/06/2018 7:21:35 PM	3611985695	1013.00	26.61	27.79	102.9	26.59	27.79	103.1	26.63	27.79	102.7	26.48	27.79	104.2
16/06/2018 7:21:36 PM	3611985696	1013.00	26.62	27.78	102.8	26.54	27.78	103.6	26.64	27.78	102.6	26.48	27.78	104.2
16/06/2018 7:21:37 PM	3611985697	1013.00	26.59	27.78	103.1	26.57	27.78	103.3	26.63	27.78	102.7	26.52	27.78	103.8
16/06/2018 7:21:38 PM	3611985698	1013.00	26.62	27.78	102.8	26.59	27.78	103.1	26.65	27.78	102.5	26.52	27.78	103.8
16/06/2018 7:21:39 PM	3611985699	1013.00	26.58	27.77	103.2	26.55	27.77	103.5	26.65	27.77	102.5	26.55	27.77	103.5
16/06/2018 7:21:40 PM	3611985700	1013.00	26.58	27.77	103.2	26.60	27.77	103.0	26.67	27.77	102.4	26.53	27.77	103.7
16/06/2018 7:21:41 PM	3611985701	1013.00	26.59	27.77	103.1	26.56	27.77	103.4	26.66	27.77	102.5	26.49	27.77	104.1
16/06/2018 7:21:42 PM	3611985702	1013.00	26.59	27.77	103.1	26.56	27.77	103.4	26.66	27.77	102.5	26.53	27.77	103.7
16/06/2018 7:21:43 PM	3611985703	1013.00	26.61	27.77	102.9	26.60	27.77	103.0	26.66	27.77	102.5	26.53	27.77	103.7
16/06/2018 7:21:44 PM	3611985704	1013.00	26.63	27.78	102.7	26.65	27.78	102.5	26.68	27.78	102.2	26.51	27.78	103.9
16/06/2018 7:21:45 PM	3611985705	1013.00	26.63	27.78	102.7	26.59	27.78	103.1	26.66	27.78	102.4	26.52	27.78	103.8
16/06/2018 7:21:46 PM	3611985706	1013.00	26.63	27.78	102.7	26.60	27.78	103.0	26.69	27.78	102.1	26.54	27.78	103.6
16/06/2018 7:21:47 PM	3611985707	1013.00	26.60	27.78	103.0	26.59	27.78	103.1	26.67	27.78	102.3	26.55	27.78	103.5
16/06/2018 7:21:48 PM	3611985708	1013.00	26.62	27.78	102.8	26.62	27.78	102.8	26.68	27.78	102.2	26.51	27.78	103.9
16/06/2018 7:21:49 PM	3611985709	1013.00	26.62	27.78	102.8	26.60	27.78	103.0	26.72	27.78	101.8	26.54	27.78	103.6
16/06/2018 7:21:50 PM	3611985710	1013.00	26.60	27.78	103.0	26.66	27.78	102.4	26.67	27.78	102.3	26.52	27.78	103.8
16/06/2018 7:21:51 PM	3611985711	1013.00	26.61	27.79	102.9	26.57	27.79	103.3	26.68	27.79	102.2	26.53	27.79	103.7
16/06/2018 7:21:52 PM	3611985712	1013.00	26.63	27.79	102.7	26.62	27.79	102.8	26.68	27.79	102.2	26.51	27.79	103.9
16/06/2018 7:21:53 PM	3611985713	1013.00	26.64	27.78	102.6	26.63	27.78	102.7	26.69	27.78	102.1	26.53	27.78	103.7
16/06/2018 7:21:54 PM	3611985714	1013.00	26.60	27.78	103.0	26.62	27.78	102.8	26.70	27.78	102.0	26.54	27.78	103.6
16/06/2018 7:21:55 PM	3611985715	1013.00	26.62	27.78	102.8	26.61	27.78	102.9	26.72	27.78	101.8	26.55	27.78	103.5
16/06/2018 7:21:56 PM	3611985716	1013.00	26.58	27.77	103.2	26.60	27.77	103.0	26.73	27.77	101.8	26.56	27.77	103.4
16/06/2018 7:21:57 PM	3611985717	1013.00	26.62	27.77	102.8	26.62	27.77	102.8	26.71	27.77	102.0	26.53	27.77	103.7
16/06/2018 7:21:58 PM	3611985718	1013.00	26.59	27.77	103.1	26.62	27.77	102.8	26.72	27.77	101.9	26.54	27.77	103.6
16/06/2018 7:21:59 PM	3611985719	1013.00	26.62	27.77	102.8	26.64	27.77	102.6	26.70	27.77	102.1	26.54	27.77	103.6
16/06/2018 7:22:00 PM	3611985720	1013.00	26.61	27.78	102.9	26.62	27.78	102.8	26.69	27.78	102.1	26.55	27.78	103.5
16/06/2018 7:22:01 PM	3611985721	1013.00	26.62	27.78	102.8	26.64	27.78	102.6	26.70	27.78	102.0	26.57	27.78	103.3
16/06/2018 7:22:02 PM	3611985722	1013.00	26.59	27.78	103.1	26.62	27.78	102.8	26.72	27.78	101.8	26.53	27.78	103.7
16/06/2018 7:22:03 PM	3611985723	1013.00	26.61	27.78	102.9	26.67	27.78	102.3	26.70	27.78	102.0	26.57	27.78	103.3
16/06/2018 7:22:04 PM	3611985724	1013.00	26.65	27.78	102.5	26.62	27.78	102.8	26.75	27.78	101.6	26.54	27.78	103.6
16/06/2018 7:22:05 PM	3611985725	1013.00	26.60	27.78	103.0	26.64	27.78	102.6	26.69	27.78	102.1	26.58	27.78	103.2
16/06/2018 7:22:06 PM	3611985726	1013.00	26.59	27.78	103.1	26.59	27.78	103.1	26.73	27.78	101.7	26.56	27.78	103.4
16/06/2018 7:22:07 PM	3611985727	1013.00	26.56	27.77	103.4	26.65	27.77	102.6	26.71	27.77	102.0	26.55	27.77	103.5
16/06/2018 7:22:08 PM	3611985728	1013.00	26.59	27.78	103.1	26.68	27.78	102.2	26.75	27.78	101.6	26.55	27.78	103.5
16/06/2018 7:22:09 PM	3611985729	1013.00	26.63	27.77	102.7	26.71	27.77	102.0	26.71	27.77	102.0	26.56	27.77	103.4
16/06/2018 7:22:10 PM	3611985730	1013.00	26.59	27.78	103.1	26.71	27.78	101.9	26.73	27.78	101.7	26.55	27.78	103.5
16/06/2018 7:22:11 PM	3611985731	1013.00	26.61	27.78	102.9	26.70	27.78	102.0	26.74	27.78	101.7	26.55	27.78	103.5
16/06/2018 7:22:12 PM	3611985732	1013.00	26.60	27.78	103.0	26.66	27.78	102.4	26.72	27.78	101.8	26.55	27.78	103.5
16/06/2018 7:22:13 PM	3611985733	1013.00	26.63	27.78	102.7	26.67	27.78	102.3	26.72	27.78	101.8	26.54	27.78	103.6
16/06/2018 7:22:14 PM	3611985734	1013.00	26.59	27.79	103.1	26.66	27.79	102.4	26.76	27.79	101.4	26.55	27.79	103.5
16/06/2018 7:22:15 PM	3611985735	1013.00	26.61	27.78	102.9	26.71	27.78	101.9	26.70	27.78	102.0	26.58	27.78	103.2
16/06/2018 7:22:16 PM	3611985736	1013.00	26.59	27.78	103.1	26.69	27.78	102.1	26.73	27.78	101.7	26.55	27.78	103.5
16/06/2018 7:22:17 PM	3611985737	1013.00	26.58	27.78	103.2	26.74	27.78	101.7	26.72	27.78	101.8	26.57	27.78	103.3
16/06/2018 7:22:18 PM	3611985738	1013.00	26.59	27.78	103.1	26.67	27.78	102.3	26.75	27.78	101.6	26.58	27.78	103.2
16/06/2018 7:22:19 PM	3611985739	1013.00	26.60	27.78	103.0	26.71	27.78	101.9	26.76	27.78	101.5	26.56	27.78	103.4
16/06/2018 7:22:20 PM	3611985740	1013.00	26.62	27.78	102.8	26.74	27.78	101.7	26.74	27.78	101.7	26.59	27.78	103.1
16/06/2018 7:22:21 PM	3611985741	1013.00	26.62	27.78	102.8	26.72	27.78	101.8	26.78	27.78	101.3	26.57	27.78	103.3
16/06/2018 7:22:22 PM	3611985742	1013.00	26.61	27.78	102.9	26.76	27.78	101.5	26.77	27.78	101.4	26.58	27.78	103.2
16/06/2018 7:22:23 PM	3611985743	1013.00	26.61	27.78	102.9	26.73	27.78	101.7	26.78	27.78	101.3	26.57	27.78	103.3
16/06/2018 7:22:24 PM	3611985744	1013.00	26.61	27.77	102.9	26.81	27.77	101.0	26.77	27.77	101.4	26.56	27.77	103.4
16/06/2018 7:22:25 PM	3611985745	1013.00	26.60	27.77	103.0	26.75	27.77	101.6	26.79	27.77	101.2	26.60	27.77	103.0
16/06/2018 7:22:26 PM	3611985746	1013.00	26.61	27.77	102.9	26.77	27.77	101.4	26.81	27.77	101.0	26.61	27.77	102.9
16/06/2018 7:22:27 PM	3611985747	1013.00	26.62	27.77	102.8	26.77	27.77	101.4	26.80	27.77	101.1	26.58	27.77	103.2
16/06/2018 7:22:28 PM	3611985748	1013.00	26.61	27.77	102.9	26.76	27.77	101.5	26.79	27.77	101.2	26.60	27.77	103.0
16/06/2018 7:22:29 PM	3611985749	1013.00	26.59	27.77	103.1	26.77	27.77	101.4	26.78	27.77	101.3	26.59	27.77	103.1
16/06/2018 7:22:30 PM	3611985750	1013.00	26.62	27.77	102.8	26.80	27.77	101.1	26.79	27.77	101.2	26.60	27.77	103.0
16/06/2018 7:22:31 PM	3611985751	1013.00	26.63	27.76	102.8	26.82	27.76	100.9	26.81	27.76	101.0	26.59	27.76	103.2
16/06/2018 7:22:32 PM	3611985752	1013.00	26.60	27.76	103.1	26.84	27.76	100.7	26.82	27.76	100.9	26.61	27.76	103.0
16/06/2018 7:22:33 PM	3611985753	1013.00	26.61	27.76	103.0	26.82	27.76	100.9	26.83	27.76	100.8	26.62	27.76	102.9
16/06/2018 7:22:34 PM	3611985754	1013.00	26.61	27.76	103.0	26.79	27.76	101.2	26.82	27.76	100.9	26.65	27.76	102.6
16/06/2018 7:22:35 PM	3611985755	1013.00	26.63	27.77	102.7	26.85	27.77	100.6	26.80	27.77	101.1	26.62	27.77	102.8
16/06/2018 7:22:36 PM	3611985756	1013.00	26.61	27.77	102.9	26.87	27.77	100.4	26.84	27.77	100.7	26.62	27.77	102.8
16/06/2018 7:22:37 PM	3611985757	1013.00	26.60	27.77	103.0	26.84	27.77	100.7	26.82	27.77	100.9	26.63	27.77	102.7
16/06/2018 7:22:38 PM	3611985758	1013.00	26.63	27.77	102.7	26.79	27.77	101.2	26.82	27.77	100.9	26.61	27.77	102.9
16/06/2018 7:22:39 PM	3611985759	1013.00	26.59	27.77	103.1	26.85	27.77	100.6	26.83	27.77	100.8	26.64	27.77	102.6
16/06/2018 7:22:40 PM	3611985760	1013.00	26.60	27.77	103.0	26.83	27.77	100.8	26.85	27.77	100.6	26.66	27.77	102.5
16/06/2018 7:22:41 PM	3611985761	1013.00	26.59	27.77	103.1	26.84	27.77	100.7	26.86	27.77	100.5	26.63	27.77	102.7
16/06/2018 7:22:42 PM	3611985762	1013.00	26.60	27.77	103.0	26.86	27.77	100.5	26.86	27.77	100.5	26.64	27.77	102.6
16/06/2018 7:22:43 PM	3611985763	1013.00	26.60	27.78	103.0	26.87	27.78	100.4	26.86	27.78	100.5	26.65	27.78	102.5
16/06/2018 7:22:44 PM	3611985764	1013.00	26.63	27.78	102.7	26.86	27.78	100.5	26.86	27.78	100.5	26.66	27.78	102.4
16/06/2018 7:22:45 PM	3611985765	1013.00	26.61	27.78	102.9	26.91	27.78	100.0	26.87	27.78	100.4	26.66	27.78	102.4
16/06/2018 7:22:46 PM	3611985766	1013.00	26.61	27.78	102.9	26.87	27.78	100.4	26.85	27.78	100.6	26.67	27.78	102.3
16/06/2018 7:22:47 PM	3611985767	1013.00	26.57	27.78	103.3	26.87	27.78	100.4	26.88	27.78	100.3	26.66	27.78	102.4
16/06/2018 7:22:48 PM	3611985768	1013.00	26.58	27.77	103.2	26.92	27.77	99.9	26.88	27.77	100.3	26.68	27.77	102.3
16/06/2018 7:22:49 PM	3611985769	1013.00	26.62	27.77	102.8	26.91	27.77	100.0	26.89	27.77	100.2	26.63	27.77	102.7
16/06/2018 7:22:50 PM	3611985770	1013.00	26.60	27.77	103.0	26.90	27.77	100.1	26.90	27.77	100.1	26.66	27.77	102.5
16/06/2018 7:22:51 PM	3611985771	1013.00	26.63	27.77	102.7	26.91	27.77	100.0	26.88	27.77	100.3	26.65	27.77	102.6
16/06/2018 7:22:52 PM	3611985772	1013.00	26.63	27.77	102.7	26.90	27.77	100.1	26.90	27.77	100.1	26.67	27.77	102.4
16/06/2018 7:22:53 PM	3611985773	1013.00	26.64	27.77	102.6	26.89	27.77	100.2	26.87	27.77	100.4	26.67	27.77	102.4
16/06/2018 7:22:54 PM	3611985774	1013.00	26.58	27.77	103.2	26.93	27.77	99.8	26.93	27.77	99.8	26.71	27.77	102.0
16/06/2018 7:22:55 PM	3611985775	1013.00	26.61	27.77	102.9	26.87	27.77	100.4	26.89	27.77	100.2	26.69	27.77	102.2
16/06/2018 7:22:56 PM	3611985776	1013.00	26.59	27.77	103.1	26.90	27.77	100.1	26.94	27.77	99.7	26.68	27.77	102.3
16/06/2018 7:22:57 PM	3611985777	1013.00	26.60	27.77	103.0	26.92	27.77	99.9	26.93	27.77	99.8	26.70	27.77	102.1
16/06/2018 7:22:58 PM	3611985778	1013.00	26.60	27.77	103.0	26.95	27.77	99.7	26.92	27.77	99.9	26.73	27.77	101.8
16/06/2018 7:22:59 PM	3611985779	1013.00	26.61	27.77	102.9	26.91	27.77	100.0	26.94	27.77	99.7	26.71	27.77	102.0
16/06/2018 7:23:00 PM	3611985780	1013.00	26.60	27.76	103.1	26.94	27.76	99.8	26.92	27.76	100.0	26.70	27.76	102.1
16/06/2018 7:23:01 PM	3611985781	1013.00	26.60	27.77	103.0	26.92	27.77	99.9	26.93	27.77	99.8	26.72	27.77	101.9
16/06/2018 7:23:02 PM	3611985782	1013.00	26.60	27.76	103.1	26.91	27.76	100.1	26.96	27.76	99.6	26.71	27.76	102.0
16/06/2018 7:23:03 PM	3611985783	1013.00	26.61	27.76	103.0	26.96	27.76	99.6	26.94	27.76	99.8	26.68	27.76	102.3
16/06/2018 7:23:04 PM	3611985784	1013.00	26.62	27.76	102.9	26.94	27.76	99.8	26.95	27.76	99.7	26.70	27.76	102.1
16/06/2018 7:23:05 PM	3611985785	1013.00	26.61	27.76	103.0	26.95	27.76	99.7	26.95	27.76	99.7	26.71	27.76	102.0
16/06/2018 7:23:06 PM	3611985786	1013.00	26.63	27.76	102.8	26.94	27.76	99.8	26.98	27.76	99.4	26.75	27.76	101.6
16/06/2018 7:23:07 PM	3611985787	1013.00	26.61	27.76	103.0	26.93	27.76	99.9	26.96	27.76	99.6	26.71	27.76	102.0
16/06/2018 7:23:08 PM	3611985788	1013.00	26.62	27.76	102.9	26.98	27.76	99.4	26.94	27.76	99.8	26.72	27.76	101.9
16/06/2018 7:23:09 PM	3611985789	1013.00	26.62	27.76	102.9	26.97	27.76	99.5	26.99	27.76	99.3	26.72	27.76	101.9
16/06/2018 7:23:10 PM	3611985790	1013.00	26.59	27.76	103.2	26.94	27.76	99.8	26.98	27.76	99.4	26.74	27.76	101.7
16/06/2018 7:23:11 PM	3611985791	1013.00	26.62	27.76	102.9	26.98	27.76	99.4	26.97	27.76	99.5	26.72	27.76	101.9
16/06/2018 7:23:12 PM	3611985792	1013.00	26.61	27.76	103.0	27.03	27.76	98.9	27.00	27.76	99.2	26.71	27.76	102.0
16/06/2018 7:23:13 PM	3611985793	1013.00	26.60	27.76	103.1	26.98	27.76	99.4	26.98	27.76	99.4	26.70	27.76	102.1
16/06/2018 7:23:14 PM	3611985794	1013.00	26.58	27.76	103.3	27.02	27.76	99.0	27.02	27.76	99.0	26.71	27.76	102.0
16/06/2018 7:23:15 PM	3611985795	1013.00	26.61	27.76	103.0	27.00	27.76	99.2	27.00	27.76	99.2	26.74	27.76	101.7
16/06/2018 7:23:16 PM	3611985796	1013.00	26.60	27.76	103.1	27.03	27.76	98.9	27.01	27.76	99.1	26.72	27.76	101.9
16/06/2018 7:23:17 PM	3611985797	1013.00	26.63	27.76	102.8	26.98	27.76	99.4	27.01	27.76	99.1	26.71	27.76	102.0
16/06/2018 7:23:18 PM	3611985798	1013.00	26.60	27.76	103.1	27.04	27.76	98.8	27.01	27.76	99.1	26.72	27.76	101.9
16/06/2018 7:23:19 PM	3611985799	1013.00	26.59	27.76	103.2	27.06	27.76	98.6	27.01	27.76	99.1	26.75	27.76	101.6
16/06/2018 7:23:20 PM	3611985800	1013.00	26.56	27.76	103.5	27.04	27.76	98.8	27.02	27.76	99.0	26.73	27.76	101.8
16/06/2018 7:23:21 PM	3611985801	1013.00	26.62	27.76	102.9	27.03	27.76	98.9	27.04	27.76	98.8	26.75	27.76	101.6
16/06/2018 7:23:22 PM	3611985802	1013.00	26.61	27.76	103.0	27.05	27.76	98.7	27.02	27.76	99.0	26.74	27.76	101.7
16/06/2018 7:23:23 PM	3611985803	1013.00	26.62	27.77	102.8	27.07	27.77	98.5	27.07	27.77	98.5	26.75	27.77	101.6
16/06/2018 7:23:24 PM	3611985804	1013.00	26.62	27.76	102.9	27.07	27.76	98.5	27.05	27.76	98.7	26.77	27.76	101.4
16/06/2018 7:23:25 PM	3611985805	1013.00	26.59	27.76	103.2	27.11	27.76	98.2	27.06	27.76	98.6	26.75	27.76	101.6
16/06/2018 7:23:26 PM	3611985806	1013.00	26.60	27.76	103.1	27.04	27.76	98.8	27.06	27.76	98.6	26.79	27.76	101.2
16/06/2018 7:23:27 PM	3611985807	1013.00	26.62	27.76	102.9	27.07	27.76	98.5	27.08	27.76	98.4	26.74	27.76	101.7
16/06/2018 7:23:28 PM	3611985808	1013.00	26.62	27.76	102.9	27.10	27.76	98.3	27.05	27.76	98.7	26.75	27.76	101.6
16/06/2018 7:23:29 PM	3611985809	1013.00	26.57	27.77	103.3	27.11	27.77	98.1	27.09	27.77	98.3	26.76	27.77	101.5
16/06/2018 7:23:30 PM	3611985810	1013.00	26.60	27.77	103.0	27.14	27.77	97.9	27.05	27.77	98.7	26.77	27.77	101.4
16/06/2018 7:23:31 PM	3611985811	1013.00	26.62	27.77	102.8	27.10	27.77	98.2	27.08	27.77	98.4	26.74	27.77	101.7
16/06/2018 7:23:32 PM	3611985812	1013.00	26.62	27.77	102.8	27.11	27.77	98.1	27.06	27.77	98.6	26.78	27.77	101.3
16/06/2018 7:23:33 PM	3611985813	1013.00	26.64	27.77	102.6	27.07	27.77	98.5	27.07	27.77	98.5	26.78	27.77	101.3
16/06/2018 7:23:34 PM	3611985814	1013.00	26.63	27.76	102.8	27.18	27.76	97.5	27.12	27.76	98.1	26.77	27.76	101.4
16/06/2018 7:23:35 PM	3611985815	1013.00	26.61	27.76	103.0	27.12	27.76	98.1	27.11	27.76	98.2	26.81	27.76	101.0
16/06/2018 7:23:36 PM	3611985816	1013.00	26.62	27.76	102.9	27.14	27.76	97.9	27.10	27.76	98.3	26.80	27.76	101.1
16/06/2018 7:23:37 PM	3611985817	1013.00	26.64	27.76	102.7	27.17	27.76	97.6	27.09	27.76	98.4	26.78	27.76	101.3
16/06/2018 7:23:38 PM	3611985818	1013.00	26.63	27.77	102.7	27.16	27.77	97.7	27.09	27.77	98.3	26.79	27.77	101.2
16/06/2018 7:23:39 PM	3611985819	1013.00	26.62	27.77	102.8	27.14	27.77	97.9	27.10	27.77	98.2	26.78	27.77	101.3
16/06/2018 7:23:40 PM	3611985820	1013.00	26.64	27.77	102.6	27.17	27.77	97.6	27.11	27.77	98.1	26.78	27.77	101.3
16/06/2018 7:23:41 PM	3611985821	1013.00	26.61	27.77	102.9	27.13	27.77	98.0	27.12	27.77	98.1	26.80	27.77	101.1
16/06/2018 7:23:42 PM	3611985822	1013.00	26.59	27.76	103.2	27.17	27.76	97.6	27.11	27.76	98.2	26.81	27.76	101.0
16/06/2018 7:23:43 PM	3611985823	1013.00	26.61	27.77	102.9	27.16	27.77	97.7	27.13	27.77	98.0	26.81	27.77	101.0
16/06/2018 7:23:44 PM	3611985824	1013.00	26.56	27.76	103.5	27.15	27.76	97.8	27.14	27.76	97.9	26.80	27.76	101.1
16/06/2018 7:23:45 PM	3611985825	1013.00	26.65	27.76	102.6	27.16	27.76	97.7	27.12	27.76	98.1	26.80	27.76	101.1
16/06/2018 7:23:46 PM	3611985826	1013.00	26.60	27.76	103.1	27.18	27.76	97.5	27.13	27.76	98.0	26.84	27.76	100.7
16/06/2018 7:23:47 PM	3611985827	1013.00	26.62	27.76	102.9	27.12	27.76	98.1	27.15	27.76	97.8	26.83	27.76	100.8
16/06/2018 7:23:48 PM	3611985828	1013.00	26.61	27.76	103.0	27.22	27.76	97.1	27.13	27.76	98.0	26.81	27.76	101.0
16/06/2018 7:23:49 PM	3611985829	1013.00	26.64	27.76	102.7	27.20	27.76	97.3	27.19	27.76	97.4	26.82	27.76	100.9
16/06/2018 7:23:50 PM	3611985830	1013.00	26.64	27.77	102.6	27.16	27.77	97.7	27.16	27.77	97.7	26.84	27.77	100.7
16/06/2018 7:23:51 PM	3611985831	1013.00	26.64	27.77	102.6	27.21	27.77	97.2	27.13	27.77	98.0	26.83	27.77	100.8
16/06/2018 7:23:52 PM	3611985832	1013.00	26.60	27.77	103.0	27.21	27.77	97.2	27.17	27.77	97.6	26.82	27.77	100.9
16/06/2018 7:23:53 PM	3611985833	1013.00	26.62	27.77	102.8	27.24	27.77	96.9	27.17	27.77	97.6	26.82	27.77	100.9
16/06/2018 7:23:54 PM	3611985834	1013.00	26.61	27.77	102.9	27.26	27.77	96.8	27.21	27.77	97.2	26.85	27.77	100.6
16/06/2018 7:23:55 PM	3611985835	1013.00	26.60	27.77	103.0	27.29	27.77	96.5	27.19	27.77	97.4	26.84	27.77	100.7
16/06/2018 7:23:56 PM	3611985836	1013.00	26.64	27.76	102.7	27.22	27.76	97.1	27.20	27.76	97.3	26.84	27.76	100.7
16/06/2018 7:23:57 PM	3611985837	1013.00	26.59	27.77	103.1	27.25	27.77	96.9	27.20	27.77	97.3	26.85	27.77	100.6
16/06/2018 7:23:58 PM	3611985838	1013.00	26.63	27.77	102.7	27.27	27.77	96.7	27.21	27.77	97.2	26.88	27.77	100.3
16/06/2018 7:23:59 PM	3611985839	1013.00	26.62	27.77	102.8	27.27	27.77	96.7	27.19	27.77	97.4	26.87	27.77	100.4
16/06/2018 7:24:00 PM	3611985840	1013.00	26.62	27.76	102.9	27.29	27.76	96.5	27.22	27.76	97.1	26.87	27.76	100.4
16/06/2018 7:24:01 PM	3611985841	1013.00	26.62	27.76	102.9	27.32	27.76	96.2	27.21	27.76	97.2	26.89	27.76	100.2
16/06/2018 7:24:02 PM	3611985842	1013.00	26.63	27.76	102.8	27.29	27.76	96.5	27.22	27.76	97.1	26.87	27.76	100.4
16/06/2018 7:24:03 PM	3611985843	1013.00	26.63	27.76	102.8	27.30	27.76	96.4	27.24	27.76	97.0	26.90	27.76	100.1
16/06/2018 7:24:04 PM	3611985844	1013.00	26.63	27.75	102.8	27.30	27.75	96.4	27.25	27.75	96.9	26.91	27.75	100.1
16/06/2018 7:24:05 PM	3611985845	1013.00	26.60	27.76	103.1	27.31	27.76	96.3	27.26	27.76	96.8	26.87	27.76	100.4
16/06/2018 7:24:06 PM	3611985846	1013.00	26.61	27.76	103.0	27.27	27.76	96.7	27.26	27.76	96.8	26.91	27.76	100.1
16/06/2018 7:24:07 PM	3611985847	1013.00	26.61	27.76	103.0	27.30	27.76	96.4	27.28	27.76	96.6	26.91	27.76	100.1
16/06/2018 7:24:08 PM	3611985848	1013.00	26.62	27.76	102.9	27.29	27.76	96.5	27.25	27.76	96.9	26.91	27.76	100.1
16/06/2018 7:24:09 PM	3611985849	1013.00	26.61	27.76	103.0	27.34	27.76	96.1	27.26	27.76	96.8	26.90	27.76	100.1
16/06/2018 7:24:10 PM	3611985850	1013.00	26.66	27.77	102.5	27.28	27.77	96.6	27.27	27.77	96.7	26.90	27.77	100.1
16/06/2018 7:24:11 PM	3611985851	1013.00	26.62	27.77	102.8	27.32	27.77	96.2	27.30	27.77	96.4	26.89	27.77	100.2
16/06/2018 7:24:12 PM	3611985852	1013.00	26.59	27.77	103.1	27.35	27.77	95.9	27.29	27.77	96.5	26.91	27.77	100.0
16/06/2018 7:24:13 PM	3611985853	1013.00	26.61	27.77	102.9	27.34	27.77	96.0	27.31	27.77	96.3	26.90	27.77	100.1
16/06/2018 7:24:14 PM	3611985854	1013.00	26.60	27.77	103.0	27.38	27.77	95.7	27.26	27.77	96.8	26.90	27.77	100.1
16/06/2018 7:24:15 PM	3611985855	1013.00	26.60	27.76	103.1	27.33	27.76	96.1	27.29	27.76	96.5	26.91	27.76	100.1
16/06/2018 7:24:16 PM	3611985856	1013.00	26.62	27.76	102.9	27.39	27.76	95.6	27.28	27.76	96.6	26.93	27.76	99.9
16/06/2018 7:24:17 PM	3611985857	1013.00	26.60	27.76	103.1	27.38	27.76	95.7	27.33	27.76	96.1	26.89	27.76	100.2
16/06/2018 7:24:18 PM	3611985858	1013.00	26.58	27.76	103.3	27.38	27.76	95.7	27.29	27.76	96.5	26.91	27.76	100.1
16/06/2018 7:24:19 PM	3611985859	1013.00	26.62	27.76	102.9	27.38	27.76	95.7	27.29	27.76	96.5	26.91	27.76	100.1
16/06/2018 7:24:20 PM	3611985860	1013.00	26.63	27.76	102.8	27.39	27.76	95.6	27.33	27.76	96.1	26.92	27.76	100.0
16/06/2018 7:24:21 PM	3611985861	1013.00	26.59	27.76	103.2	27.40	27.76	95.5	27.34	27.76	96.1	26.93	27.76	99.9
16/06/2018 7:24:22 PM	3611985862	1013.00	26.61	27.76	103.0	27.41	27.76	95.4	27.33	27.76	96.1	26.93	27.76	99.9
16/06/2018 7:24:23 PM	3611985863	1013.00	26.64	27.76	102.7	27.45	27.76	95.1	27.33	27.76	96.1	26.92	27.76	100.0
16/06/2018 7:24:24 PM	3611985864	1013.00	26.62	27.76	102.9	27.39	27.76	95.6	27.32	27.76	96.2	26.92	27.76	100.0
16/06/2018 7:24:25 PM	3611985865	1013.00	26.59	27.76	103.2	27.43	27.76	95.2	27.33	27.76	96.1	26.94	27.76	99.8
16/06/2018 7:24:26 PM	3611985866	1013.00	26.62	27.76	102.9	27.38	27.76	95.7	27.36	27.76	95.9	26.94	27.76	99.8
16/06/2018 7:24:27 PM	3611985867	1013.00	26.61	27.76	103.0	27.43	27.76	95.2	27.36	27.76	95.9	26.97	27.76	99.5
16/06/2018 7:24:28 PM	3611985868	1013.00	26.62	27.76	102.9	27.47	27.76	94.9	27.36	27.76	95.9	26.99	27.76	99.3
16/06/2018 7:24:29 PM	3611985869	1013.00	26.60	27.76	103.1	27.42	27.76	95.3	27.37	27.76	95.8	26.98	27.76	99.4
16/06/2018 7:24:30 PM	3611985870	1013.00	26.62	27.76	102.9	27.47	27.76	94.9	27.39	27.76	95.6	26.95	27.76	99.7
16/06/2018 7:24:31 PM	3611985871	1013.00	26.62	27.77	102.8	27.45	27.77	95.0	27.42	27.77	95.3	26.99	27.77	99.3
16/06/2018 7:24:32 PM	3611985872	1013.00	26.62	27.77	102.8	27.50	27.77	94.6	27.39	27.77	95.6	26.97	27.77	99.5
16/06/2018 7:24:33 PM	3611985873	1013.00	26.64	27.77	102.6	27.45	27.77	95.0	27.38	27.77	95.7	26.99	27.77	99.3
16/06/2018 7:24:34 PM	3611985874	1013.00	26.60	27.77	103.0	27.50	27.77	94.6	27.41	27.77	95.4	26.99	27.77	99.3
16/06/2018 7:24:35 PM	3611985875	1013.00	26.58	27.76	103.3	27.47	27.76	94.9	27.42	27.76	95.3	26.98	27.76	99.4
16/06/2018 7:24:36 PM	3611985876	1013.00	26.61	27.76	103.0	27.46	27.76	95.0	27.42	27.76	95.3	26.97	27.76	99.5
16/06/2018 7:24:37 PM	3611985877	1013.00	26.61	27.76	103.0	27.48	27.76	94.8	27.41	27.76	95.4	27.02	27.76	99.0
16/06/2018 7:24:38 PM	3611985878	1013.00	26.62	27.76	102.9	27.51	27.76	94.5	27.42	27.76	95.3	27.03	27.76	98.9
16/06/2018 7:24:39 PM	3611985879	1013.00	26.64	27.76	102.7	27.56	27.76	94.1	27.46	27.76	95.0	27.02	27.76	99.0
16/06/2018 7:24:40 PM	3611985880	1013.00	26.61	27.76	103.0	27.53	27.76	94.3	27.49	27.76	94.7	27.02	27.76	99.0
16/06/2018 7:24:41 PM	3611985881	1013.00	26.64	27.76	102.7	27.51	27.76	94.5	27.49	27.76	94.7	27.03	27.76	98.9
16/06/2018 7:24:42 PM	3611985882	1013.00	26.64	27.77	102.6	27.49	27.77	94.7	27.48	27.77	94.8	27.02	27.77	99.0
16/06/2018 7:24:43 PM	3611985883	1013.00	26.63	27.76	102.8	27.52	27.76	94.4	27.55	27.76	94.2	27.04	27.76	98.8
16/06/2018 7:24:44 PM	3611985884	1013.00	26.62	27.76	102.9	27.54	27.76	94.3	27.53	27.76	94.3	27.06	27.76	98.6
16/06/2018 7:24:45 PM	3611985885	1013.00	26.62	27.77	102.8	27.54	27.77	94.2	27.51	27.77	94.5	27.07	27.77	98.5
16/06/2018 7:24:46 PM	3611985886	1013.00	26.62	27.77	102.8	27.57	27.77	94.0	27.53	27.77	94.3	27.04	27.77	98.8
16/06/2018 7:24:47 PM	3611985887	1013.00	26.62	27.77	102.8	27.53	27.77	94.3	27.56	27.77	94.1	27.07	27.77	98.5
16/06/2018 7:24:48 PM	3611985888	1013.00	26.64	27.77	102.6	27.53	27.77	94.3	27.57	27.77	94.0	27.06	27.77	98.6
16/06/2018 7:24:49 PM	3611985889	1013.00	26.60	27.77	103.0	27.57	27.77	94.0	27.54	27.77	94.2	27.06	27.77	98.6
16/06/2018 7:24:50 PM	3611985890	1013.00	26.61	27.77	102.9	27.55	27.77	94.2	27.54	27.77	94.2	27.05	27.77	98.7
16/06/2018 7:24:51 PM	3611985891	1013.00	26.65	27.77	102.6	27.57	27.77	94.0	27.56	27.77	94.1	27.08	27.77	98.4
16/06/2018 7:24:52 PM	3611985892	1013.00	26.60	27.76	103.1	27.58	27.76	93.9	27.55	27.76	94.2	27.07	27.76	98.5
16/06/2018 7:24:53 PM	3611985893	1013.00	26.63	27.76	102.8	27.61	27.76	93.6	27.57	27.76	94.0	27.08	27.76	98.4
16/06/2018 7:24:54 PM	3611985894	1013.00	26.59	27.76	103.2	27.59	27.76	93.8	27.55	27.76	94.2	27.09	27.76	98.4
16/06/2018 7:24:55 PM	3611985895	1013.00	26.62	27.76	102.9	27.61	27.76	93.6	27.59	27.76	93.8	27.09	27.76	98.4
16/06/2018 7:24:56 PM	3611985896	1013.00	26.60	27.77	103.0	27.61	27.77	93.6	27.55	27.77	94.2	27.12	27.77	98.1
16/06/2018 7:24:57 PM	3611985897	1013.00	26.63	27.77	102.7	27.61	27.77	93.6	27.58	27.77	93.9	27.11	27.77	98.1
16/06/2018 7:24:58 PM	3611985898	1013.00	26.63	27.77	102.7	27.61	27.77	93.6	27.58	27.77	93.9	27.11	27.77	98.1
16/06/2018 7:24:59 PM	3611985899	1013.00	26.64	27.77	102.6	27.62	27.77	93.5	27.63	27.77	93.5	27.11	27.77	98.1
16/06/2018 7:25:00 PM	3611985900	1013.00	26.62	27.77	102.8	27.63	27.77	93.5	27.60	27.77	93.7	27.10	27.77	98.2
16/06/2018 7:25:01 PM	3611985901	1013.00	26.62	27.77	102.8	27.63	27.77	93.5	27.65	27.77	93.3	27.12	27.77	98.1
16/06/2018 7:25:02 PM	3611985902	1013.00	26.61	27.77	102.9	27.64	27.77	93.4	27.64	27.77	93.4	27.11	27.77	98.1
16/06/2018 7:25:03 PM	3611985903	1013.00	26.61	27.77	102.9	27.65	27.77	93.3	27.68	27.77	93.0	27.14	27.77	97.9
16/06/2018 7:25:04 PM	3611985904	1013.00	26.61	27.77	102.9	27.66	27.77	93.2	27.67	27.77	93.1	27.11	27.77	98.1
16/06/2018 7:25:05 PM	3611985905	1013.00	26.64	27.77	102.6	27.68	27.77	93.0	27.69	27.77	92.9	27.11	27.77	98.1
16/06/2018 7:25:06 PM	3611985906	1013.00	26.64	27.77	102.6	27.70	27.77	92.8	27.70	27.77	92.8	27.12	27.77	98.1
16/06/2018 7:25:07 PM	3611985907	1013.00	26.60	27.77	103.0	27.66	27.77	93.2	27.70	27.77	92.8	27.12	27.77	98.1
16/06/2018 7:25:08 PM	3611985908	1013.00	26.62	27.77	102.8	27.69	27.77	92.9	27.69	27.77	92.9	27.13	27.77	98.0
16/06/2018 7:25:09 PM	3611985909	1013.00	26.62	27.77	102.8	27.68	27.77	93.0	27.71	27.77	92.8	27.14	27.77	97.9
16/06/2018 7:25:10 PM	3611985910	1013.00	26.61	27.77	102.9	27.73	27.77	92.6	27.75	27.77	92.4	27.14	27.77	97.9
16/06/2018 7:25:11 PM	3611985911	1013.00	26.63	27.77	102.7	27.73	27.77	92.6	27.73	27.77	92.6	27.12	27.77	98.1
16/06/2018 7:25:12 PM	3611985912	1013.00	26.65	27.77	102.6	27.71	27.77	92.8	27.75	27.77	92.4	27.18	27.77	97.5
16/06/2018 7:25:13 PM	3611985913	1013.00	26.63	27.77	102.7	27.75	27.77	92.4	27.79	27.77	92.1	27.15	27.77	97.8
16/06/2018 7:25:14 PM	3611985914	1013.00	26.62	27.77	102.8	27.73	27.77	92.6	27.79	27.77	92.1	27.16	27.77	97.7
16/06/2018 7:25:15 PM	3611985915	1013.00	26.60	27.77	103.0	27.72	27.77	92.7	27.80	27.77	92.0	27.18	27.77	97.5
16/06/2018 7:25:16 PM	3611985916	1013.00	26.61	27.77	102.9	27.71	27.77	92.8	27.80	27.77	92.0	27.15	27.77	97.8
16/06/2018 7:25:17 PM	3611985917	1013.00	26.58	27.78	103.2	27.74	27.78	92.5	27.78	27.78	92.1	27.18	27.78	97.5
16/06/2018 7:25:18 PM	3611985918	1013.00	26.62	27.78	102.8	27.71	27.78	92.7	27.82	27.78	91.8	27.16	27.78	97.7
16/06/2018 7:25:19 PM	3611985919	1013.00	26.62	27.78	102.8	27.75	27.78	92.4	27.83	27.78	91.7	27.18	27.78	97.5
16/06/2018 7:25:20 PM	3611985920	1013.00	26.63	27.77	102.7	27.76	27.77	92.3	27.82	27.77	91.8	27.18	27.77	97.5
16/06/2018 7:25:21 PM	3611985921	1013.00	26.62	27.77	102.8	27.78	27.77	92.1	27.85	27.77	91.5	27.18	27.77	97.5
16/06/2018 7:25:22 PM	3611985922	1013.00	26.64	27.78	102.6	27.71	27.78	92.7	27.82	27.78	91.8	27.17	27.78	97.6
16/06/2018 7:25:23 PM	3611985923	1013.00	26.59	27.78	103.1	27.78	27.78	92.1	27.86	27.78	91.4	27.20	27.78	97.3
16/06/2018 7:25:24 PM	3611985924	1013.00	26.61	27.78	102.9	27.78	27.78	92.1	27.83	27.78	91.7	27.20	27.78	97.3
16/06/2018 7:25:25 PM	3611985925	1013.00	26.60	27.78	103.0	27.78	27.78	92.1	27.84	27.78	91.6	27.21	27.78	97.2
16/06/2018 7:25:26 PM	3611985926	1013.00	26.62	27.79	102.8	27.80	27.79	91.9	27.87	27.79	91.3	27.17	27.79	97.6
16/06/2018 7:25:27 PM	3611985927	1013.00	26.61	27.78	102.9	27.82	27.78	91.8	27.86	27.78	91.4	27.19	27.78	97.4
16/06/2018 7:25:28 PM	3611985928	1013.00	26.65	27.78	102.5	27.82	27.78	91.8	27.88	27.78	91.3	27.19	27.78	97.4
16/06/2018 7:25:29 PM	3611985929	1013.00	26.63	27.78	102.7	27.80	27.78	92.0	27.87	27.78	91.4	27.19	27.78	97.4
16/06/2018 7:25:30 PM	3611985930	1013.00	26.64	27.78	102.6	27.80	27.78	92.0	27.89	27.78	91.2	27.22	27.78	97.1
16/06/2018 7:25:31 PM	3611985931	1013.00	26.60	27.77	103.0	27.80	27.77	92.0	27.91	27.77	91.0	27.23	27.77	97.0
16/06/2018 7:25:32 PM	3611985932	1013.00	26.67	27.77	102.4	27.84	27.77	91.6	27.91	27.77	91.0	27.25	27.77	96.9
16/06/2018 7:25:33 PM	3611985933	1013.00	26.63	27.77	102.7	27.86	27.77	91.5	27.92	27.77	91.0	27.25	27.77	96.9
16/06/2018 7:25:34 PM	3611985934	1013.00	26.63	27.77	102.7	27.85	27.77	91.5	27.94	27.77	90.8	27.24	27.77	96.9
16/06/2018 7:25:35 PM	3611985935	1013.00	26.63	27.77	102.7	27.85	27.77	91.5	27.93	27.77	90.9	27.23	27.77	97.0
16/06/2018 7:25:36 PM	3611985936	1013.00	26.66	27.78	102.4	27.84	27.78	91.6	27.96	27.78	90.6	27.22	27.78	97.1
16/06/2018 7:25:37 PM	3611985937	1013.00	26.62	27.78	102.8	27.86	27.78	91.4	27.94	27.78	90.8	27.22	27.78	97.1
16/06/2018 7:25:38 PM	3611985938	1013.00	26.61	27.78	102.9	27.87	27.78	91.4	27.93	27.78	90.9	27.24	27.78	96.9
16/06/2018 7:25:39 PM	3611985939	1013.00	26.62	27.78	102.8	27.86	27.78	91.4	27.97	27.78	90.5	27.24	27.78	96.9
16/06/2018 7:25:40 PM	3611985940	1013.00	26.67	27.77	102.4	27.90	27.77	91.1	27.96	27.77	90.6	27.25	27.77	96.9
16/06/2018 7:25:41 PM	3611985941	1013.00	26.61	27.78	102.9	27.90	27.78	91.1	27.96	27.78	90.6	27.25	27.78	96.8
16/06/2018 7:25:42 PM	3611985942	1013.00	26.64	27.78	102.6	27.86	27.78	91.4	27.98	27.78	90.4	27.30	27.78	96.4
16/06/2018 7:25:43 PM	3611985943	1013.00	26.57	27.78	103.3	27.86	27.78	91.4	27.95	27.78	90.7	27.25	27.78	96.8
16/06/2018 7:25:44 PM	3611985944	1013.00	26.59	27.78	103.1	27.89	27.78	91.2	27.99	27.78	90.3	27.26	27.78	96.7
16/06/2018 7:25:45 PM	3611985945	1013.00	26.63	27.78	102.7	27.93	27.78	90.9	28.01	27.78	90.2	27.28	27.78	96.6
16/06/2018 7:25:46 PM	3611985946	1013.00	26.64	27.78	102.6	27.88	27.78	91.3	28.02	27.78	90.1	27.28	27.78	96.6
16/06/2018 7:25:47 PM	3611985947	1013.00	26.59	27.78	103.1	27.94	27.78	90.8	28.03	27.78	90.0	27.30	27.78	96.4
16/06/2018 7:25:48 PM	3611985948	1013.00	26.60	27.78	103.0	27.90	27.78	91.1	28.04	27.78	89.9	27.28	27.78	96.6
16/06/2018 7:25:49 PM	3611985949	1013.00	26.62	27.78	102.8	27.93	27.78	90.9	28.04	27.78	89.9	27.27	27.78	96.7
16/06/2018 7:25:50 PM	3611985950	1013.00	26.62	27.78	102.8	27.93	27.78	90.9	28.07	27.78	89.7	27.29	27.78	96.5
16/06/2018 7:25:51 PM	3611985951	1013.00	26.58	27.78	103.2	27.90	27.78	91.1	28.07	27.78	89.7	27.27	27.78	96.7
16/06/2018 7:25:52 PM	3611985952	1013.00	26.62	27.78	102.8	27.94	27.78	90.8	28.05	27.78	89.8	27.32	27.78	96.2
16/06/2018 7:25:53 PM	3611985953	1013.00	26.60	27.78	103.0	27.94	27.78	90.8	28.07	27.78	89.7	27.32	27.78	96.2
16/06/2018 7:25:54 PM	3611985954	1013.00	26.65	27.78	102.5	27.95	27.78	90.7	28.08	27.78	89.6	27.32	27.78	96.2
16/06/2018 7:25:55 PM	3611985955	1013.00	26.64	27.78	102.6	27.96	27.78	90.6	28.11	27.78	89.3	27.38	27.78	95.7
16/06/2018 7:25:56 PM	3611985956	1013.00	26.57	27.78	103.3	27.91	27.78	91.0	28.11	27.78	89.3	27.34	27.78	96.0
16/06/2018 7:25:57 PM	3611985957	1013.00	26.61	27.78	102.9	27.96	27.78	90.6	28.16	27.78	88.9	27.33	27.78	96.1
16/06/2018 7:25:58 PM	3611985958	1013.00	26.60	27.78	103.0	27.96	27.78	90.6	28.16	27.78	88.9	27.34	27.78	96.0
16/06/2018 7:25:59 PM	3611985959	1013.00	26.62	27.79	102.8	27.97	27.79	90.5	28.18	27.79	88.8	27.36	27.79	95.8
16/06/2018 7:26:00 PM	3611985960	1013.00	26.62	27.78	102.8	28.00	27.78	90.3	28.17	27.78	88.8	27.37	27.78	95.7
16/06/2018 7:26:01 PM	3611985961	1013.00	26.63	27.78	102.7	28.00	27.78	90.3	28.18	27.78	88.8	27.37	27.78	95.7
16/06/2018 7:26:02 PM	3611985962	1013.00	26.63	27.78	102.7	28.02	27.78	90.1	28.15	27.78	89.0	27.35	27.78	95.9
16/06/2018 7:26:03 PM	3611985963	1013.00	26.65	27.78	102.5	28.03	27.78	90.0	28.19	27.78	88.7	27.39	27.78	95.6
16/06/2018 7:26:04 PM	3611985964	1013.00	26.63	27.78	102.7	28.05	27.78	89.8	28.21	27.78	88.5	27.37	27.78	95.7
16/06/2018 7:26:05 PM	3611985965	1013.00	26.60	27.78	103.0	28.00	27.78	90.3	28.18	27.78	88.8	27.40	27.78	95.5
16/06/2018 7:26:06 PM	3611985966	1013.00	26.62	27.78	102.8	28.05	27.78	89.8	28.25	27.78	88.2	27.42	27.78	95.3
16/06/2018 7:26:07 PM	3611985967	1013.00	26.62	27.78	102.8	28.03	27.78	90.0	28.25	27.78	88.2	27.42	27.78	95.3
16/06/2018 7:26:08 PM	3611985968	1013.00	26.62	27.78	102.8	28.04	27.78	89.9	28.27	27.78	88.0	27.43	27.78	95.2
16/06/2018 7:26:09 PM	3611985969	1013.00	26.66	27.78	102.4	28.04	27.78	89.9	28.26	27.78	88.1	27.43	27.78	95.2
16/06/2018 7:26:10 PM	3611985970	1013.00	26.65	27.78	102.5	28.06	27.78	89.8	28.29	27.78	87.9	27.42	27.78	95.3
16/06/2018 7:26:11 PM	3611985971	1013.00	26.62	27.78	102.8	28.07	27.78	89.7	28.30	27.78	87.8	27.43	27.78	95.2
16/06/2018 7:26:12 PM	3611985972	1013.00	26.64	27.79	102.6	28.06	27.79	89.7	28.31	27.79	87.7	27.44	27.79	95.1
16/06/2018 7:26:13 PM	3611985973	1013.00	26.58	27.79	103.2	28.10	27.79	89.4	28.33	27.79	87.5	27.46	27.79	94.9
16/06/2018 7:26:14 PM	3611985974	1013.00	26.58	27.79	103.2	28.07	27.79	89.7	28.33	27.79	87.5	27.45	27.79	95.0
16/06/2018 7:26:15 PM	3611985975	1013.00	26.63	27.79	102.7	28.10	27.79	89.4	28.36	27.79	87.3	27.47	27.79	94.8
16/06/2018 7:26:16 PM	3611985976	1013.00	26.62	27.79	102.8	28.13	27.79	89.2	28.34	27.79	87.4	27.47	27.79	94.8
16/06/2018 7:26:17 PM	3611985977	1013.00	26.61	27.79	102.9	28.16	27.79	88.9	28.36	27.79	87.3	27.49	27.79	94.7
16/06/2018 7:26:18 PM	3611985978	1013.00	26.62	27.79	102.8	28.15	27.79	89.0	28.40	27.79	87.0	27.47	27.79	94.8
16/06/2018 7:26:19 PM	3611985979	1013.00	26.68	27.79	102.2	28.15	27.79	89.0	28.37	27.79	87.2	27.49	27.79	94.7
16/06/2018 7:26:20 PM	3611985980	1013.00	26.63	27.79	102.7	28.15	27.79	89.0	28.40	27.79	87.0	27.54	27.79	94.2
16/06/2018 7:26:21 PM	3611985981	1013.00	26.62	27.79	102.8	28.17	27.79	88.8	28.42	27.79	86.8	27.52	27.79	94.4
16/06/2018 7:26:22 PM	3611985982	1013.00	26.62	27.79	102.8	28.15	27.79	89.0	28.43	27.79	86.7	27.49	27.79	94.7
16/06/2018 7:26:23 PM	3611985983	1013.00	26.60	27.78	103.0	28.15	27.78	89.0	28.46	27.78	86.5	27.50	27.78	94.6
16/06/2018 7:26:24 PM	3611985984	1013.00	26.65	27.78	102.5	28.14	27.78	89.1	28.48	27.78	86.3	27.53	27.78	94.3
16/06/2018 7:26:25 PM	3611985985	1013.00	26.64	27.78	102.6	28.12	27.78	89.3	28.52	27.78	86.0	27.52	27.78	94.4
16/06/2018 7:26:26 PM	3611985986	1013.00	26.63	27.78	102.7	28.23	27.78	88.4	28.54	27.78	85.9	27.53	27.78	94.3
16/06/2018 7:26:27 PM	3611985987	1013.00	26.59	27.78	103.1	28.24	27.78	88.3	28.54	27.78	85.9	27.52	27.78	94.4
16/06/2018 7:26:28 PM	3611985988	1013.00	26.64	27.78	102.6	28.23	27.78	88.4	28.56	27.78	85.7	27.56	27.78	94.1
16/06/2018 7:26:29 PM	3611985989	1013.00	26.65	27.78	102.5	28.25	27.78	88.2	28.57	27.78	85.6	27.54	27.78	94.2
16/06/2018 7:26:30 PM	3611985990	1013.00	26.63	27.78	102.7	28.27	27.78	88.0	28.58	27.78	85.5	27.54	27.78	94.2
16/06/2018 7:26:31 PM	3611985991	1013.00	26.62	27.78	102.8	28.26	27.78	88.1	28.61	27.78	85.3	27.59	27.78	93.8
16/06/2018 7:26:32 PM	3611985992	1013.00	26.65	27.78	102.5	28.26	27.78	88.1	28.60	27.78	85.4	27.56	27.78	94.1
16/06/2018 7:26:33 PM	3611985993	1013.00	26.65	27.79	102.5	28.25	27.79	88.2	28.63	27.79	85.1	27.56	27.79	94.0
16/06/2018 7:26:34 PM	3611985994	1013.00	26.61	27.78	102.9	28.27	27.78	88.0	28.64	27.78	85.1	27.59	27.78	93.8
16/06/2018 7:26:35 PM	3611985995	1013.00	26.62	27.78	102.8	28.26	27.78	88.1	28.64	27.78	85.1	27.56	27.78	94.1
16/06/2018 7:26:36 PM	3611985996	1013.00	26.61	27.78	102.9	28.27	27.78	88.0	28.66	27.78	84.9	27.60	27.78	93.7
16/06/2018 7:26:37 PM	3611985997	1013.00	26.62	27.78	102.8	28.29	27.78	87.9	28.64	27.78	85.1	27.60	27.78	93.7
16/06/2018 7:26:38 PM	3611985998	1013.00	26.63	27.78	102.7	28.31	27.78	87.7	28.70	27.78	84.6	27.59	27.78	93.8
16/06/2018 7:26:39 PM	3611985999	1013.00	26.63	27.78	102.7	28.33	27.78	87.5	28.69	27.78	84.7	27.59	27.78	93.8
16/06/2018 7:26:40 PM	3611986000	1013.00	26.64	27.78	102.6	28.29	27.78	87.9	28.71	27.78	84.5	27.61	27.78	93.6
16/06/2018 7:26:41 PM	3611986001	1013.00	26.64	27.78	102.6	28.35	27.78	87.4	28.72	27.78	84.5	27.62	27.78	93.5
16/06/2018 7:26:42 PM	3611986002	1013.00	26.62	27.79	102.8	28.29	27.79	87.9	28.71	27.79	84.5	27.66	27.79	93.2
16/06/2018 7:26:43 PM	3611986003	1013.00	26.65	27.78	102.5	28.36	27.78	87.3	28.74	27.78	84.3	27.63	27.78	93.4
16/06/2018 7:26:44 PM	3611986004	1013.00	26.62	27.78	102.8	28.32	27.78	87.6	28.76	27.78	84.1	27.64	27.78	93.3
16/06/2018 7:26:45 PM	3611986005	1013.00	26.60	27.78	103.0	28.36	27.78	87.3	28.80	27.78	83.8	27.63	27.78	93.4
16/06/2018 7:26:46 PM	3611986006	1013.00	26.65	27.79	102.5	28.38	27.79	87.1	28.81	27.79	83.7	27.66	27.79	93.2
16/06/2018 7:26:47 PM	3611986007	1013.00	26.63	27.78	102.7	28.38	27.78	87.1	28.83	27.78	83.6	27.65	27.78	93.3
16/06/2018 7:26:48 PM	3611986008	1013.00	26.64	27.78	102.6	28.39	27.78	87.1	28.85	27.78	83.5	27.64	27.78	93.3
16/06/2018 7:26:49 PM	3611986009	1013.00	26.63	27.79	102.7	28.40	27.79	87.0	28.86	27.79	83.4	27.64	27.79	93.3
16/06/2018 7:26:50 PM	3611986010	1013.00	26.63	27.79	102.7	28.44	27.79	86.6	28.91	27.79	83.0	27.66	27.79	93.2
16/06/2018 7:26:51 PM	3611986011	1013.00	26.63	27.78	102.7	28.39	27.78	87.1	28.90	27.78	83.1	27.65	27.78	93.3
16/06/2018 7:26:52 PM	3611986012	1013.00	26.63	27.79	102.7	28.43	27.79	86.7	28.93	27.79	82.8	27.67	27.79	93.1
16/06/2018 7:26:53 PM	3611986013	1013.00	26.59	27.78	103.1	28.44	27.78	86.7	28.96	27.78	82.6	27.70	27.78	92.8
16/06/2018 7:26:54 PM	3611986014	1013.00	26.62	27.78	102.8	28.42	27.78	86.8	28.98	27.78	82.5	27.67	27.78	93.1
16/06/2018 7:26:55 PM	3611986015	1013.00	26.60	27.78	103.0	28.41	27.78	86.9	29.00	27.78	82.3	27.71	27.78	92.7
16/06/2018 7:26:56 PM	3611986016	1013.00	26.63	27.78	102.7	28.45	27.78	86.6	29.02	27.78	82.2	27.70	27.78	92.8
16/06/2018 7:26:57 PM	3611986017	1013.00	26.63	27.78	102.7	28.45	27.78	86.6	29.05	27.78	81.9	27.71	27.78	92.7
16/06/2018 7:26:58 PM	3611986018	1013.00	26.64	27.78	102.6	28.47	27.78	86.4	29.03	27.78	82.1	27.72	27.78	92.7
16/06/2018 7:26:59 PM	3611986019	1013.00	26.64	27.78	102.6	28.48	27.78	86.3	29.06	27.78	81.9	27.68	27.78	93.0
16/06/2018 7:27:00 PM	3611986020	1013.00	26.63	27.79	102.7	28.47	27.79	86.4	29.05	27.79	81.9	27.71	27.79	92.7
16/06/2018 7:27:01 PM	3611986021	1013.00	26.64	27.78	102.6	28.53	27.78	85.9	29.11	27.78	81.5	27.72	27.78	92.7
16/06/2018 7:27:02 PM	3611986022	1013.00	26.64	27.78	102.6	28.52	27.78	86.0	29.09	27.78	81.6	27.70	27.78	92.8
16/06/2018 7:27:03 PM	3611986023	1013.00	26.63	27.79	102.7	28.56	27.79	85.7	29.10	27.79	81.6	27.72	27.79	92.6
16/06/2018 7:27:04 PM	3611986024	1013.00	26.63	27.79	102.7	28.52	27.79	86.0	29.10	27.79	81.6	27.70	27.79	92.8
16/06/2018 7:27:05 PM	3611986025	1013.00	26.59	27.79	103.1	28.49	27.79	86.2	29.10	27.79	81.6	27.73	27.79	92.5
16/06/2018 7:27:06 PM	3611986026	1013.00	26.63	27.78	102.7	28.56	27.78	85.7	29.15	27.78	81.2	27.73	27.78	92.6
16/06/2018 7:27:07 PM	3611986027	1013.00	26.65	27.78	102.5	28.54	27.78	85.9	29.14	27.78	81.3	27.73	27.78	92.6
16/06/2018 7:27:08 PM	3611986028	1013.00	26.62	27.78	102.8	28.56	27.78	85.7	29.17	27.78	81.1	27.75	27.78	92.4
16/06/2018 7:27:09 PM	3611986029	1013.00	26.60	27.78	103.0	28.56	27.78	85.7	29.20	27.78	80.8	27.75	27.78	92.4
16/06/2018 7:27:10 PM	3611986030	1013.00	26.61	27.78	102.9	28.58	27.78	85.5	29.25	27.78	80.5	27.73	27.78	92.6
16/06/2018 7:27:11 PM	3611986031	1013.00	26.63	27.78	102.7	28.56	27.78	85.7	29.29	27.78	80.2	27.74	27.78	92.5
16/06/2018 7:27:12 PM	3611986032	1013.00	26.64	27.78	102.6	28.61	27.78	85.3	29.29	27.78	80.2	27.76	27.78	92.3
16/06/2018 7:27:13 PM	3611986033	1013.00	26.60	27.78	103.0	28.59	27.78	85.5	29.24	27.78	80.5	27.76	27.78	92.3
16/06/2018 7:27:14 PM	3611986034	1013.00	26.63	27.78	102.7	28.60	27.78	85.4	29.27	27.78	80.3	27.78	27.78	92.1
16/06/2018 7:27:15 PM	3611986035	1013.00	26.60	27.79	103.0	28.60	27.79	85.4	29.29	27.79	80.2	27.79	27.79	92.0
16/06/2018 7:27:16 PM	3611986036	1013.00	26.60	27.78	103.0	28.61	27.78	85.3	29.32	27.78	80.0	27.78	27.78	92.1
16/06/2018 7:27:17 PM	3611986037	1013.00	26.62	27.79	102.8	28.61	27.79	85.3	29.31	27.79	80.0	27.80	27.79	91.9
16/06/2018 7:27:18 PM	3611986038	1013.00	26.60	27.78	103.0	28.60	27.78	85.4	29.33	27.78	79.9	27.82	27.78	91.8
16/06/2018 7:27:19 PM	3611986039	1013.00	26.62	27.78	102.8	28.60	27.78	85.4	29.34	27.78	79.8	27.83	27.78	91.7
16/06/2018 7:27:20 PM	3611986040	1013.00	26.63	27.78	102.7	28.61	27.78	85.3	29.32	27.78	80.0	27.84	27.78	91.6
16/06/2018 7:27:21 PM	3611986041	1013.00	26.64	27.78	102.6	28.59	27.78	85.5	29.36	27.78	79.7	27.84	27.78	91.6
16/06/2018 7:27:22 PM	3611986042	1013.00	26.63	27.78	102.7	28.65	27.78	85.0	29.36	27.78	79.7	27.86	27.78	91.4
16/06/2018 7:27:23 PM	3611986043	1013.00	26.64	27.78	102.6	28.64	27.78	85.1	29.35	27.78	79.7	27.88	27.78	91.3
16/06/2018 7:27:24 PM	3611986044	1013.00	26.66	27.78	102.4	28.64	27.78	85.1	29.34	27.78	79.8	27.86	27.78	91.4
16/06/2018 7:27:25 PM	3611986045	1013.00	26.61	27.79	102.9	28.69	27.79	84.7	29.37	27.79	79.6	27.85	27.79	91.5
16/06/2018 7:27:26 PM	3611986046	1013.00	26.62	27.78	102.8	28.65	27.78	85.0	29.37	27.78	79.6	27.88	27.78	91.3
16/06/2018 7:27:27 PM	3611986047	1013.00	26.62	27.78	102.8	28.66	27.78	84.9	29.37	27.78	79.6	27.90	27.78	91.1
16/06/2018 7:27:28 PM	3611986048	1013.00	26.61	27.78	102.9	28.67	27.78	84.8	29.40	27.78	79.4	27.89	27.78	91.2
16/06/2018 7:27:29 PM	3611986049	1013.00	26.63	27.78	102.7	28.70	27.78	84.6	29.42	27.78	79.2	27.89	27.78	91.2
16/06/2018 7:27:30 PM	3611986050	1013.00	26.63	27.78	102.7	28.69	27.78	84.7	29.44	27.78	79.1	27.91	27.78	91.0
16/06/2018 7:27:31 PM	3611986051	1013.00	26.60	27.78	103.0	28.69	27.78	84.7	29.45	27.78	79.0	27.92	27.78	90.9
16/06/2018 7:27:32 PM	3611986052	1013.00	26.59	27.78	103.1	28.72	27.78	84.5	29.49	27.78	78.7	27.92	27.78	90.9
16/06/2018 7:27:33 PM	3611986053	1013.00	26.65	27.78	102.5	28.68	27.78	84.8	29.48	27.78	78.8	27.91	27.78	91.0
16/06/2018 7:27:34 PM	3611986054	1013.00	26.63	27.78	102.7	28.65	27.78	85.0	29.54	27.78	78.4	27.94	27.78	90.8
16/06/2018 7:27:35 PM	3611986055	1013.00	26.62	27.78	102.8	28.69	27.78	84.7	29.52	27.78	78.5	27.93	27.78	90.9
16/06/2018 7:27:36 PM	3611986056	1013.00	26.61	27.79	102.9	28.75	27.79	84.2	29.56	27.79	78.2	27.93	27.79	90.8
16/06/2018 7:27:37 PM	3611986057	1013.00	26.63	27.78	102.7	28.71	27.78	84.5	29.55	27.78	78.3	27.96	27.78	90.6
16/06/2018 7:27:38 PM	3611986058	1013.00	26.62	27.79	102.8	28.73	27.79	84.4	29.62	27.79	77.8	27.96	27.79	90.6
16/06/2018 7:27:39 PM	3611986059	1013.00	26.64	27.79	102.6	28.75	27.79	84.2	29.61	27.79	77.9	27.94	27.79	90.8
16/06/2018 7:27:40 PM	3611986060	1013.00	26.65	27.79	102.5	28.71	27.79	84.5	29.63	27.79	77.7	27.96	27.79	90.6
16/06/2018 7:27:41 PM	3611986061	1013.00	26.62	27.78	102.8	28.76	27.78	84.1	29.65	27.78	77.6	27.94	27.78	90.8
16/06/2018 7:27:42 PM	3611986062	1013.00	26.59	27.78	103.1	28.76	27.78	84.1	29.67	27.78	77.5	27.96	27.78	90.6
16/06/2018 7:27:43 PM	3611986063	1013.00	26.63	27.78	102.7	28.77	27.78	84.1	29.71	27.78	77.2	28.00	27.78	90.3
16/06/2018 7:27:44 PM	3611986064	1013.00	26.63	27.78	102.7	28.75	27.78	84.2	29.72	27.78	77.1	27.99	27.78	90.3
16/06/2018 7:27:45 PM	3611986065	1013.00	26.64	27.79	102.6	28.79	27.79	83.9	29.73	27.79	77.0	28.01	27.79	90.2
16/06/2018 7:27:46 PM	3611986066	1013.00	26.63	27.79	102.7	28.78	27.79	84.0	29.75	27.79	76.9	27.99	27.79	90.3
16/06/2018 7:27:47 PM	3611986067	1013.00	26.64	27.79	102.6	28.79	27.79	83.9	29.75	27.79	76.9	28.00	27.79	90.2
16/06/2018 7:27:48 PM	3611986068	1013.00	26.63	27.79	102.7	28.76	27.79	84.1	29.74	27.79	77.0	28.03	27.79	90.0
16/06/2018 7:27:49 PM	3611986069	1013.00	26.62	27.79	102.8	28.80	27.79	83.8	29.77	27.79	76.8	28.04	27.79	89.9
16/06/2018 7:27:50 PM	3611986070	1013.00	26.62	27.78	102.8	28.81	27.78	83.8	29.77	27.78	76.8	28.04	27.78	89.9
16/06/2018 7:27:51 PM	3611986071	1013.00	26.64	27.78	102.6	28.80	27.78	83.8	29.82	27.78	76.4	28.05	27.78	89.8
16/06/2018 7:27:52 PM	3611986072	1013.00	26.66	27.78	102.4	28.78	27.78	84.0	29.82	27.78	76.4	28.03	27.78	90.0
16/06/2018 7:27:53 PM	3611986073	1013.00	26.62	27.79	102.8	28.80	27.79	83.8	29.84	27.79	76.3	28.06	27.79	89.7
16/06/2018 7:27:54 PM	3611986074	1013.00	26.62	27.78	102.8	28.82	27.78	83.7	29.84	27.78	76.3	28.05	27.78	89.8
16/06/2018 7:27:55 PM	3611986075	1013.00	26.64	27.79	102.6	28.85	27.79	83.4	29.87	27.79	76.1	28.07	27.79	89.7
16/06/2018 7:27:56 PM	3611986076	1013.00	26.63	27.79	102.7	28.83	27.79	83.6	29.90	27.79	75.9	28.05	27.79	89.8
16/06/2018 7:27:57 PM	3611986077	1013.00	26.62	27.79	102.8	28.76	27.79	84.1	29.91	27.79	75.8	28.09	27.79	89.5
16/06/2018 7:27:58 PM	3611986078	1013.00	26.64	27.79	102.6	28.80	27.79	83.8	29.92	27.79	75.7	28.05	27.79	89.8
16/06/2018 7:27:59 PM	3611986079	1013.00	26.63	27.79	102.7	28.84	27.79	83.5	29.93	27.79	75.7	28.09	27.79	89.5
16/06/2018 7:28:00 PM	3611986080	1013.00	26.63	27.79	102.7	28.85	27.79	83.4	29.97	27.79	75.4	28.11	27.79	89.3
16/06/2018 7:28:01 PM	3611986081	1013.00	26.63	27.79	102.7	28.82	27.79	83.7	29.99	27.79	75.3	28.10	27.79	89.4
16/06/2018 7:28:02 PM	3611986082	1013.00	26.63	27.79	102.7	28.87	27.79	83.3	30.06	27.79	74.8	28.11	27.79	89.3
16/06/2018 7:28:03 PM	3611986083	1013.00	26.61	27.79	102.9	28.84	27.79	83.5	30.09	27.79	74.6	28.13	27.79	89.2
16/06/2018 7:28:04 PM	3611986084	1013.00	26.61	27.79	102.9	28.84	27.79	83.5	30.12	27.79	74.4	28.13	27.79	89.2
16/06/2018 7:28:05 PM	3611986085	1013.00	26.65	27.79	102.5	28.84	27.79	83.5	30.13	27.79	74.3	28.14	27.79	89.1
16/06/2018 7:28:06 PM	3611986086	1013.00	26.65	27.79	102.5	28.84	27.79	83.5	30.13	27.79	74.3	28.14	27.79	89.1
16/06/2018 7:28:07 PM	3611986087	1013.00	26.61	27.79	102.9	28.92	27.79	82.9	30.16	27.79	74.1	28.13	27.79	89.2
16/06/2018 7:28:08 PM	3611986088	1013.00	26.65	27.79	102.5	28.90	27.79	83.1	30.18	27.79	74.0	28.12	27.79	89.2
16/06/2018 7:28:09 PM	3611986089	1013.00	26.62	27.79	102.8	28.86	27.79	83.4	30.17	27.79	74.1	28.17	27.79	88.8
16/06/2018 7:28:10 PM	3611986090	1013.00	26.60	27.79	103.0	28.89	27.79	83.1	30.18	27.79	74.0	28.15	27.79	89.0
16/06/2018 7:28:11 PM	3611986091	1013.00	26.62	27.78	102.8	28.95	27.78	82.7	30.22	27.78	73.7	28.15	27.78	89.0
16/06/2018 7:28:12 PM	3611986092	1013.00	26.62	27.79	102.8	28.93	27.79	82.8	30.20	27.79	73.9	28.16	27.79	88.9
16/06/2018 7:28:13 PM	3611986093	1013.00	26.63	27.79	102.7	28.89	27.79	83.1	30.22	27.79	73.7	28.17	27.79	88.8
16/06/2018 7:28:14 PM	3611986094	1013.00	26.63	27.79	102.7	28.90	27.79	83.1	30.22	27.79	73.7	28.15	27.79	89.0
16/06/2018 7:28:15 PM	3611986095	1013.00	26.65	27.79	102.5	28.90	27.79	83.1	30.25	27.79	73.5	28.17	27.79	88.8
16/06/2018 7:28:16 PM	3611986096	1013.00	26.62	27.79	102.8	28.91	27.79	83.0	30.26	27.79	73.5	28.19	27.79	88.7
16/06/2018 7:28:17 PM	3611986097	1013.00	26.64	27.79	102.6	28.92	27.79	82.9	30.26	27.79	73.5	28.22	27.79	88.4
16/06/2018 7:28:18 PM	3611986098	1013.00	26.66	27.79	102.4	28.90	27.79	83.1	30.30	27.79	73.2	28.24	27.79	88.3
16/06/2018 7:28:19 PM	3611986099	1013.00	26.62	27.79	102.8	28.93	27.79	82.8	30.28	27.79	73.3	28.23	27.79	88.3
16/06/2018 7:28:20 PM	3611986100	1013.00	26.63	27.79	102.7	28.98	27.79	82.5	30.32	27.79	73.1	28.24	27.79	88.3
16/06/2018 7:28:21 PM	3611986101	1013.00	26.65	27.80	102.5	28.97	27.80	82.5	30.33	27.80	73.0	28.26	27.80	88.1
16/06/2018 7:28:22 PM	3611986102	1013.00	26.63	27.79	102.7	28.98	27.79	82.5	30.34	27.79	72.9	28.24	27.79	88.3
16/06/2018 7:28:23 PM	3611986103	1013.00	26.61	27.79	102.9	28.95	27.79	82.7	30.39	27.79	72.6	28.27	27.79	88.0
16/06/2018 7:28:24 PM	3611986104	1013.00	26.60	27.79	103.0	29.00	27.79	82.3	30.42	27.79	72.4	28.24	27.79	88.3
16/06/2018 7:28:25 PM	3611986105	1013.00	26.59	27.79	103.1	29.02	27.79	82.2	30.43	27.79	72.4	28.27	27.79	88.0
16/06/2018 7:28:26 PM	3611986106	1013.00	26.61	27.79	102.9	29.00	27.79	82.3	30.46	27.79	72.2	28.28	27.79	87.9
16/06/2018 7:28:27 PM	3611986107	1013.00	26.64	27.79	102.6	29.03	27.79	82.1	30.51	27.79	71.8	28.29	27.79	87.9
16/06/2018 7:28:28 PM	3611986108	1013.00	26.62	27.79	102.8	29.05	27.79	81.9	30.52	27.79	71.8	28.31	27.79	87.7
16/06/2018 7:28:29 PM	3611986109	1013.00	26.66	27.79	102.4	29.04	27.79	82.0	30.54	27.79	71.7	28.31	27.79	87.7
16/06/2018 7:28:30 PM	3611986110	1013.00	26.61	27.79	102.9	29.02	27.79	82.2	30.54	27.79	71.7	28.30	27.79	87.8
16/06/2018 7:28:31 PM	3611986111	1013.00	26.65	27.79	102.5	29.06	27.79	81.9	30.60	27.79	71.3	28.32	27.79	87.6
16/06/2018 7:28:32 PM	3611986112	1013.00	26.66	27.79	102.4	29.04	27.79	82.0	30.61	27.79	71.2	28.32	27.79	87.6
16/06/2018 7:28:33 PM	3611986113	1013.00	26.64	27.79	102.6	29.08	27.79	81.7	30.63	27.79	71.1	28.32	27.79	87.6
16/06/2018 7:28:34 PM	3611986114	1013.00	26.63	27.79	102.7	29.08	27.79	81.7	30.66	27.79	70.9	28.35	27.79	87.4
16/06/2018 7:28:35 PM	3611986115	1013.00	26.65	27.79	102.5	29.06	27.79	81.9	30.69	27.79	70.7	28.37	27.79	87.2
16/06/2018 7:28:36 PM	3611986116	1013.00	26.59	27.79	103.1	29.08	27.79	81.7	30.73	27.79	70.5	28.37	27.79	87.2
16/06/2018 7:28:37 PM	3611986117	1013.00	26.64	27.79	102.6	29.10	27.79	81.6	30.77	27.79	70.2	28.38	27.79	87.1
16/06/2018 7:28:38 PM	3611986118	1013.00	26.61	27.79	102.9	29.10	27.79	81.6	30.82	27.79	69.9	28.37	27.79	87.2
16/06/2018 7:28:39 PM	3611986119	1013.00	26.60	27.79	103.0	29.12	27.79	81.4	30.86	27.79	69.7	28.37	27.79	87.2
16/06/2018 7:28:40 PM	3611986120	1013.00	26.61	27.79	102.9	29.09	27.79	81.6	30.90	27.79	69.4	28.40	27.79	87.0
16/06/2018 7:28:41 PM	3611986121	1013.00	26.62	27.79	102.8	29.08	27.79	81.7	30.91	27.79	69.3	28.40	27.79	87.0
16/06/2018 7:28:42 PM	3611986122	1013.00	26.65	27.80	102.5	29.11	27.80	81.5	30.94	27.80	69.2	28.42	27.80	86.8
16/06/2018 7:28:43 PM	3611986123	1013.00	26.62	27.80	102.8	29.12	27.80	81.4	31.00	27.80	68.8	28.42	27.80	86.8
16/06/2018 7:28:44 PM	3611986124	1013.00	26.64	27.80	102.6	29.09	27.80	81.6	30.98	27.80	68.9	28.40	27.80	86.9
16/06/2018 7:28:45 PM	3611986125	1013.00	26.64	27.80	102.6	29.12	27.80	81.4	31.02	27.80	68.7	28.40	27.80	86.9
16/06/2018 7:28:46 PM	3611986126	1013.00	26.65	27.80	102.5	29.14	27.80	81.2	31.03	27.80	68.6	28.46	27.80	86.5
16/06/2018 7:28:47 PM	3611986127	1013.00	26.64	27.79	102.6	29.13	27.79	81.3	31.04	27.79	68.6	28.47	27.79	86.4
16/06/2018 7:28:48 PM	3611986128	1013.00	26.63	27.79	102.7	29.17	27.79	81.0	31.06	27.79	68.4	28.44	27.79	86.6
16/06/2018 7:28:49 PM	3611986129	1013.00	26.63	27.79	102.7	29.17	27.79	81.0	31.06	27.79	68.4	28.45	27.79	86.6
16/06/2018 7:28:50 PM	3611986130	1013.00	26.63	27.79	102.7	29.18	27.79	81.0	31.11	27.79	68.1	28.47	27.79	86.4
16/06/2018 7:28:51 PM	3611986131	1013.00	26.66	27.79	102.4	29.18	27.79	81.0	31.11	27.79	68.1	28.46	27.79	86.5
