Date & time of file creation	18/06/2018 9:12 PM													
Data file path	C:\Users\ameli\Desktop\Luke Strasiotto\18062018\New_20.txt													
														
														
CALIBRATION DATA														
Parameter/Channel	N moving average	LO phase [r.U.]	HI phase [r.U.]	LO oxygen [%air saturation]	HI oxygen [%air saturation]	LO temperature [°C]	HI temperature [°C]	Salinity [‰]						
SDWD0003000199      , CH 1	1	59.32	26.63	0.00	100.00	28.00	28.00	0.000						
SDWD0003000199      , CH 2	1	59.32	26.63	0.00	100.00	28.00	28.00	0.000						
SDWD0003000199      , CH 3	1	59.32	26.63	0.00	100.00	28.00	28.00	0.000						
SDWD0003000199      , CH 4	1	59.32	26.63	0.00	100.00	28.00	28.00	0.000						
														
														
Date &Time [DD-MM-YYYY HH:MM:SS]	Time stamp code	Barometric pressure [hPa]	SDWD0003000199      , CH 1 phase [r.U.]	SDWD0003000199      , CH 1 temp [°C]	SDWD0003000199      , CH 1 O2 [% air saturation]	SDWD0003000199      , CH 2 phase [r.U.]	SDWD0003000199      , CH 2 temp [°C]	SDWD0003000199      , CH 2 O2 [% air saturation]	SDWD0003000199      , CH 3 phase [r.U.]	SDWD0003000199      , CH 3 temp [°C]	SDWD0003000199      , CH 3 O2 [% air saturation]	SDWD0003000199      , CH 4 phase [r.U.]	SDWD0003000199      , CH 4 temp [°C]	SDWD0003000199      , CH 4 O2 [% air saturation]
18/06/2018 9:12:24 PM	3612165144	1013.00	25.86	27.88	108.0	26.52	27.88	101.3	26.66	27.88	99.9	26.76	27.88	99.0
18/06/2018 9:12:25 PM	3612165145	1013.00	25.66	27.88	110.1	26.55	27.88	101.0	26.65	27.88	100.0	26.81	27.88	98.5
18/06/2018 9:12:26 PM	3612165146	1013.00	26.07	27.88	105.8	26.51	27.88	101.4	26.67	27.88	99.8	26.75	27.88	99.1
18/06/2018 9:12:27 PM	3612165147	1013.00	25.93	27.88	107.2	26.50	27.88	101.5	26.68	27.88	99.7	26.81	27.88	98.5
18/06/2018 9:12:28 PM	3612165148	1013.00	25.86	27.89	107.9	26.53	27.89	101.2	26.67	27.89	99.8	26.77	27.89	98.9
18/06/2018 9:12:29 PM	3612165149	1013.00	25.92	27.88	107.3	26.55	27.88	101.0	26.66	27.88	99.9	26.75	27.88	99.1
18/06/2018 9:12:30 PM	3612165150	1013.00	26.00	27.89	106.5	26.51	27.89	101.3	26.64	27.89	100.1	26.78	27.89	98.8
18/06/2018 9:12:31 PM	3612165151	1013.00	25.91	27.88	107.4	26.53	27.88	101.2	26.63	27.88	100.2	26.76	27.88	99.0
18/06/2018 9:12:32 PM	3612165152	1013.00	25.82	27.88	108.4	26.52	27.88	101.3	26.65	27.88	100.0	26.81	27.88	98.5
18/06/2018 9:12:33 PM	3612165153	1013.00	25.89	27.88	107.6	26.54	27.88	101.1	26.63	27.88	100.2	26.78	27.88	98.8
18/06/2018 9:12:34 PM	3612165154	1013.00	25.91	27.88	107.4	26.52	27.88	101.3	26.64	27.88	100.1	26.79	27.88	98.7
18/06/2018 9:12:35 PM	3612165155	1013.00	25.86	27.88	108.0	26.52	27.88	101.3	26.65	27.88	100.0	26.77	27.88	98.9
18/06/2018 9:12:36 PM	3612165156	1013.00	25.85	27.88	108.1	26.56	27.88	100.9	26.64	27.88	100.1	26.81	27.88	98.5
18/06/2018 9:12:37 PM	3612165157	1013.00	25.65	27.88	110.2	26.53	27.88	101.2	26.66	27.88	99.9	26.78	27.88	98.8
18/06/2018 9:12:38 PM	3612165158	1013.00	25.95	27.88	107.0	26.55	27.88	101.0	26.69	27.88	99.6	26.79	27.88	98.7
18/06/2018 9:12:39 PM	3612165159	1013.00	25.88	27.85	107.8	26.53	27.85	101.2	26.69	27.85	99.7	26.77	27.85	98.9
18/06/2018 9:12:40 PM	3612165160	1013.00	25.93	27.82	107.3	26.53	27.82	101.3	26.63	27.82	100.3	26.77	27.82	99.0
18/06/2018 9:12:41 PM	3612165161	1013.00	25.92	27.76	107.5	26.54	27.76	101.3	26.65	27.76	100.2	26.77	27.76	99.1
18/06/2018 9:12:42 PM	3612165162	1013.00	25.87	27.67	108.2	26.50	27.67	101.8	26.64	27.67	100.5	26.77	27.67	99.2
18/06/2018 9:12:43 PM	3612165163	1013.00	25.80	27.57	109.2	26.52	27.57	101.8	26.63	27.57	100.7	26.75	27.57	99.6
18/06/2018 9:12:44 PM	3612165164	1013.00	25.76	27.47	109.8	26.55	27.47	101.7	26.65	27.47	100.7	26.79	27.47	99.4
18/06/2018 9:12:45 PM	3612165165	1013.00	25.90	27.38	108.5	26.52	27.38	102.1	26.65	27.38	100.9	26.76	27.38	99.8
18/06/2018 9:12:46 PM	3612165166	1013.00	25.95	27.32	108.0	26.54	27.32	102.0	26.62	27.32	101.3	26.76	27.32	99.9
18/06/2018 9:12:47 PM	3612165167	1013.00	25.79	27.29	109.8	26.53	27.29	102.2	26.65	27.29	101.0	26.78	27.29	99.8
18/06/2018 9:12:48 PM	3612165168	1013.00	25.84	27.27	109.3	26.53	27.27	102.2	26.66	27.27	101.0	26.76	27.27	100.0
18/06/2018 9:12:49 PM	3612165169	1013.00	25.84	27.28	109.3	26.51	27.28	102.4	26.67	27.28	100.8	26.76	27.28	100.0
18/06/2018 9:12:50 PM	3612165170	1013.00	25.92	27.29	108.4	26.51	27.29	102.4	26.66	27.29	100.9	26.79	27.29	99.7
18/06/2018 9:12:51 PM	3612165171	1013.00	25.75	27.31	110.2	26.54	27.31	102.1	26.67	27.31	100.8	26.78	27.31	99.7
18/06/2018 9:12:52 PM	3612165172	1013.00	25.76	27.34	110.0	26.51	27.34	102.3	26.65	27.34	100.9	26.77	27.34	99.8
18/06/2018 9:12:53 PM	3612165173	1013.00	25.85	27.37	109.0	26.54	27.37	102.0	26.67	27.37	100.7	26.80	27.37	99.4
18/06/2018 9:12:54 PM	3612165174	1013.00	26.01	27.40	107.3	26.54	27.40	101.9	26.67	27.40	100.6	26.78	27.40	99.6
18/06/2018 9:12:55 PM	3612165175	1013.00	26.00	27.43	107.3	26.56	27.43	101.7	26.66	27.43	100.7	26.75	27.43	99.8
18/06/2018 9:12:56 PM	3612165176	1013.00	25.87	27.46	108.6	26.58	27.46	101.4	26.67	27.46	100.5	26.77	27.46	99.6
18/06/2018 9:12:57 PM	3612165177	1013.00	25.96	27.48	107.6	26.53	27.48	101.9	26.65	27.48	100.7	26.79	27.48	99.4
18/06/2018 9:12:58 PM	3612165178	1013.00	25.91	27.51	108.1	26.54	27.51	101.7	26.65	27.51	100.6	26.75	27.51	99.7
18/06/2018 9:12:59 PM	3612165179	1013.00	25.86	27.54	108.6	26.53	27.54	101.8	26.68	27.54	100.3	26.77	27.54	99.4
18/06/2018 9:13:00 PM	3612165180	1013.00	25.93	27.56	107.8	26.55	27.56	101.5	26.68	27.56	100.3	26.77	27.56	99.4
18/06/2018 9:13:01 PM	3612165181	1013.00	25.76	27.58	109.6	26.56	27.58	101.4	26.67	27.58	100.3	26.76	27.58	99.5
18/06/2018 9:13:02 PM	3612165182	1013.00	25.88	27.60	108.3	26.54	27.60	101.6	26.69	27.60	100.1	26.77	27.60	99.3
18/06/2018 9:13:03 PM	3612165183	1013.00	25.92	27.62	107.8	26.55	27.62	101.4	26.67	27.62	100.3	26.78	27.62	99.2
18/06/2018 9:13:04 PM	3612165184	1013.00	25.82	27.64	108.8	26.56	27.64	101.3	26.67	27.64	100.2	26.77	27.64	99.3
18/06/2018 9:13:05 PM	3612165185	1013.00	25.90	27.65	108.0	26.52	27.65	101.7	26.66	27.65	100.3	26.78	27.65	99.2
18/06/2018 9:13:06 PM	3612165186	1013.00	25.75	27.67	109.5	26.57	27.67	101.1	26.67	27.67	100.2	26.80	27.67	98.9
18/06/2018 9:13:07 PM	3612165187	1013.00	25.89	27.69	108.0	26.54	27.69	101.4	26.66	27.69	100.2	26.79	27.69	99.0
18/06/2018 9:13:08 PM	3612165188	1013.00	25.96	27.69	107.3	26.56	27.69	101.2	26.68	27.69	100.0	26.77	27.69	99.2
18/06/2018 9:13:09 PM	3612165189	1013.00	25.91	27.70	107.8	26.56	27.70	101.2	26.71	27.70	99.7	26.76	27.70	99.3
18/06/2018 9:13:10 PM	3612165190	1013.00	25.79	27.72	109.0	26.53	27.72	101.4	26.69	27.72	99.9	26.75	27.72	99.3
18/06/2018 9:13:11 PM	3612165191	1013.00	25.93	27.72	107.5	26.53	27.72	101.4	26.67	27.72	100.1	26.79	27.72	98.9
18/06/2018 9:13:12 PM	3612165192	1013.00	25.87	27.73	108.1	26.55	27.73	101.2	26.68	27.73	100.0	26.77	27.73	99.1
18/06/2018 9:13:13 PM	3612165193	1013.00	25.98	27.74	107.0	26.54	27.74	101.3	26.72	27.74	99.6	26.77	27.74	99.1
18/06/2018 9:13:14 PM	3612165194	1013.00	25.84	27.75	108.4	26.51	27.75	101.6	26.73	27.75	99.5	26.79	27.75	98.9
18/06/2018 9:13:15 PM	3612165195	1013.00	25.83	27.76	108.5	26.50	27.76	101.7	26.72	27.76	99.5	26.78	27.76	99.0
18/06/2018 9:13:16 PM	3612165196	1013.00	25.85	27.76	108.3	26.55	27.76	101.2	26.74	27.76	99.4	26.78	27.76	99.0
18/06/2018 9:13:17 PM	3612165197	1013.00	25.87	27.77	108.1	26.50	27.77	101.7	26.73	27.77	99.4	26.80	27.77	98.8
18/06/2018 9:13:18 PM	3612165198	1013.00	25.84	27.77	108.4	26.52	27.77	101.5	26.77	27.77	99.1	26.78	27.77	99.0
18/06/2018 9:13:19 PM	3612165199	1013.00	25.83	27.77	108.5	26.56	27.77	101.1	26.78	27.77	99.0	26.79	27.77	98.9
18/06/2018 9:13:20 PM	3612165200	1013.00	25.87	27.78	108.0	26.56	27.78	101.1	26.79	27.78	98.8	26.77	27.78	99.0
18/06/2018 9:13:21 PM	3612165201	1013.00	25.89	27.78	107.8	26.54	27.78	101.2	26.81	27.78	98.7	26.77	27.78	99.0
18/06/2018 9:13:22 PM	3612165202	1013.00	25.93	27.78	107.4	26.53	27.78	101.3	26.82	27.78	98.6	26.75	27.78	99.2
18/06/2018 9:13:23 PM	3612165203	1013.00	25.86	27.79	108.1	26.56	27.79	101.0	26.83	27.79	98.5	26.80	27.79	98.7
18/06/2018 9:13:24 PM	3612165204	1013.00	25.88	27.79	107.9	26.55	27.79	101.1	26.82	27.79	98.5	26.76	27.79	99.1
18/06/2018 9:13:25 PM	3612165205	1013.00	25.86	27.79	108.1	26.57	27.79	100.9	26.85	27.79	98.3	26.79	27.79	98.8
18/06/2018 9:13:26 PM	3612165206	1013.00	25.83	27.79	108.4	26.58	27.79	100.8	26.85	27.79	98.3	26.77	27.79	99.0
18/06/2018 9:13:27 PM	3612165207	1013.00	25.91	27.80	107.6	26.57	27.80	100.9	26.85	27.80	98.3	26.78	27.80	98.9
18/06/2018 9:13:28 PM	3612165208	1013.00	25.84	27.80	108.3	26.60	27.80	100.6	26.80	27.80	98.7	26.77	27.80	99.0
18/06/2018 9:13:29 PM	3612165209	1013.00	25.89	27.80	107.8	26.57	27.80	100.9	26.88	27.80	98.0	26.78	27.80	98.9
18/06/2018 9:13:30 PM	3612165210	1013.00	25.70	27.80	109.8	26.57	27.80	100.9	26.87	27.80	98.1	26.76	27.80	99.1
18/06/2018 9:13:31 PM	3612165211	1013.00	25.90	27.81	107.7	26.58	27.81	100.8	26.86	27.81	98.1	26.78	27.81	98.9
18/06/2018 9:13:32 PM	3612165212	1013.00	26.02	27.81	106.4	26.59	27.81	100.7	26.92	27.81	97.6	26.79	27.81	98.8
18/06/2018 9:13:33 PM	3612165213	1013.00	25.86	27.81	108.1	26.59	27.81	100.7	26.91	27.81	97.7	26.78	27.81	98.9
18/06/2018 9:13:34 PM	3612165214	1013.00	25.81	27.81	108.6	26.60	27.81	100.6	26.88	27.81	98.0	26.81	27.81	98.6
18/06/2018 9:13:35 PM	3612165215	1013.00	25.98	27.81	106.8	26.63	27.81	100.3	26.94	27.81	97.4	26.80	27.81	98.7
18/06/2018 9:13:36 PM	3612165216	1013.00	25.94	27.81	107.2	26.62	27.81	100.4	26.94	27.81	97.4	26.80	27.81	98.7
18/06/2018 9:13:37 PM	3612165217	1013.00	25.84	27.81	108.3	26.63	27.81	100.3	26.93	27.81	97.5	26.82	27.81	98.5
18/06/2018 9:13:38 PM	3612165218	1013.00	25.88	27.81	107.9	26.63	27.81	100.3	26.96	27.81	97.2	26.83	27.81	98.4
18/06/2018 9:13:39 PM	3612165219	1013.00	25.91	27.81	107.6	26.65	27.81	100.1	26.98	27.81	97.0	26.83	27.81	98.4
18/06/2018 9:13:40 PM	3612165220	1013.00	25.85	27.81	108.2	26.64	27.81	100.2	27.00	27.81	96.8	26.86	27.81	98.1
18/06/2018 9:13:41 PM	3612165221	1013.00	25.89	27.81	107.8	26.64	27.81	100.2	27.01	27.81	96.7	26.83	27.81	98.4
18/06/2018 9:13:42 PM	3612165222	1013.00	26.01	27.81	106.5	26.60	27.81	100.6	27.02	27.81	96.7	26.89	27.81	97.9
18/06/2018 9:13:43 PM	3612165223	1013.00	25.75	27.81	109.3	26.66	27.81	100.0	27.03	27.81	96.6	26.86	27.81	98.1
18/06/2018 9:13:44 PM	3612165224	1013.00	25.83	27.81	108.4	26.68	27.81	99.8	27.09	27.81	96.0	26.90	27.81	97.8
18/06/2018 9:13:45 PM	3612165225	1013.00	25.98	27.81	106.8	26.65	27.81	100.1	27.08	27.81	96.1	26.90	27.81	97.8
18/06/2018 9:13:46 PM	3612165226	1013.00	25.83	27.81	108.4	26.66	27.81	100.0	27.09	27.81	96.0	26.90	27.81	97.8
18/06/2018 9:13:47 PM	3612165227	1013.00	25.91	27.81	107.6	26.66	27.81	100.0	27.11	27.81	95.8	26.92	27.81	97.6
18/06/2018 9:13:48 PM	3612165228	1013.00	25.91	27.81	107.6	26.66	27.81	100.0	27.13	27.81	95.7	26.91	27.81	97.7
18/06/2018 9:13:49 PM	3612165229	1013.00	25.72	27.82	109.6	26.67	27.82	99.9	27.19	27.82	95.1	26.96	27.82	97.2
18/06/2018 9:13:50 PM	3612165230	1013.00	25.97	27.82	106.9	26.65	27.82	100.1	27.18	27.82	95.2	26.91	27.82	97.7
18/06/2018 9:13:51 PM	3612165231	1013.00	25.86	27.82	108.1	26.68	27.82	99.8	27.19	27.82	95.1	26.93	27.82	97.5
18/06/2018 9:13:52 PM	3612165232	1013.00	25.74	27.82	109.3	26.69	27.82	99.7	27.22	27.82	94.8	26.95	27.82	97.3
18/06/2018 9:13:53 PM	3612165233	1013.00	25.67	27.82	110.1	26.71	27.82	99.5	27.24	27.82	94.6	26.98	27.82	97.0
18/06/2018 9:13:54 PM	3612165234	1013.00	25.89	27.81	107.8	26.67	27.81	99.9	27.25	27.81	94.6	26.98	27.81	97.0
18/06/2018 9:13:55 PM	3612165235	1013.00	25.97	27.81	106.9	26.68	27.81	99.8	27.27	27.81	94.4	26.96	27.81	97.2
18/06/2018 9:13:56 PM	3612165236	1013.00	25.83	27.81	108.4	26.66	27.81	100.0	27.25	27.81	94.6	26.99	27.81	96.9
18/06/2018 9:13:57 PM	3612165237	1013.00	25.85	27.81	108.2	26.67	27.81	99.9	27.26	27.81	94.5	27.01	27.81	96.7
18/06/2018 9:13:58 PM	3612165238	1013.00	25.86	27.81	108.1	26.70	27.81	99.7	27.31	27.81	94.0	27.00	27.81	96.8
18/06/2018 9:13:59 PM	3612165239	1013.00	25.91	27.82	107.5	26.68	27.82	99.8	27.33	27.82	93.8	27.03	27.82	96.5
18/06/2018 9:14:00 PM	3612165240	1013.00	25.90	27.82	107.6	26.70	27.82	99.6	27.36	27.82	93.6	27.02	27.82	96.6
18/06/2018 9:14:01 PM	3612165241	1013.00	25.89	27.82	107.8	26.69	27.82	99.7	27.36	27.82	93.6	27.04	27.82	96.5
18/06/2018 9:14:02 PM	3612165242	1013.00	25.84	27.82	108.3	26.68	27.82	99.8	27.38	27.82	93.4	27.02	27.82	96.6
18/06/2018 9:14:03 PM	3612165243	1013.00	26.00	27.82	106.6	26.71	27.82	99.5	27.40	27.82	93.2	27.04	27.82	96.5
18/06/2018 9:14:04 PM	3612165244	1013.00	25.87	27.82	108.0	26.72	27.82	99.4	27.41	27.82	93.1	27.07	27.82	96.2
18/06/2018 9:14:05 PM	3612165245	1013.00	25.79	27.83	108.8	26.71	27.83	99.5	27.44	27.83	92.9	27.04	27.83	96.4
18/06/2018 9:14:06 PM	3612165246	1013.00	25.83	27.83	108.4	26.69	27.83	99.7	27.45	27.83	92.8	27.07	27.83	96.2
18/06/2018 9:14:07 PM	3612165247	1013.00	25.88	27.83	107.8	26.69	27.83	99.7	27.48	27.83	92.5	27.07	27.83	96.2
18/06/2018 9:14:08 PM	3612165248	1013.00	25.86	27.83	108.0	26.72	27.83	99.4	27.49	27.83	92.4	27.08	27.83	96.1
18/06/2018 9:14:09 PM	3612165249	1013.00	25.90	27.83	107.6	26.75	27.83	99.1	27.49	27.83	92.4	27.08	27.83	96.1
18/06/2018 9:14:10 PM	3612165250	1013.00	25.93	27.83	107.3	26.73	27.83	99.3	27.52	27.83	92.2	27.09	27.83	96.0
18/06/2018 9:14:11 PM	3612165251	1013.00	25.94	27.83	107.2	26.77	27.83	99.0	27.53	27.83	92.1	27.11	27.83	95.8
18/06/2018 9:14:12 PM	3612165252	1013.00	25.86	27.83	108.0	26.75	27.83	99.1	27.56	27.83	91.8	27.11	27.83	95.8
18/06/2018 9:14:13 PM	3612165253	1013.00	25.94	27.83	107.2	26.78	27.83	98.9	27.59	27.83	91.6	27.14	27.83	95.5
18/06/2018 9:14:14 PM	3612165254	1013.00	25.84	27.83	108.3	26.74	27.83	99.2	27.59	27.83	91.6	27.12	27.83	95.7
18/06/2018 9:14:15 PM	3612165255	1013.00	25.87	27.82	108.0	26.73	27.82	99.3	27.62	27.82	91.3	27.14	27.82	95.5
18/06/2018 9:14:16 PM	3612165256	1013.00	25.78	27.82	108.9	26.75	27.82	99.2	27.63	27.82	91.2	27.17	27.82	95.3
18/06/2018 9:14:17 PM	3612165257	1013.00	25.87	27.83	107.9	26.77	27.83	99.0	27.63	27.83	91.2	27.16	27.83	95.3
18/06/2018 9:14:18 PM	3612165258	1013.00	25.86	27.82	108.1	26.74	27.82	99.3	27.65	27.82	91.1	27.16	27.82	95.4
18/06/2018 9:14:19 PM	3612165259	1013.00	25.77	27.82	109.0	26.75	27.82	99.2	27.65	27.82	91.1	27.17	27.82	95.3
18/06/2018 9:14:20 PM	3612165260	1013.00	25.94	27.82	107.2	26.76	27.82	99.1	27.70	27.82	90.6	27.16	27.82	95.4
18/06/2018 9:14:21 PM	3612165261	1013.00	25.92	27.83	107.4	26.77	27.83	99.0	27.66	27.83	91.0	27.17	27.83	95.3
18/06/2018 9:14:22 PM	3612165262	1013.00	26.00	27.83	106.6	26.76	27.83	99.0	27.68	27.83	90.8	27.17	27.83	95.3
18/06/2018 9:14:23 PM	3612165263	1013.00	25.98	27.83	106.8	26.77	27.83	99.0	27.69	27.83	90.7	27.18	27.83	95.2
18/06/2018 9:14:24 PM	3612165264	1013.00	25.86	27.83	108.0	26.78	27.83	98.9	27.72	27.83	90.5	27.21	27.83	94.9
18/06/2018 9:14:25 PM	3612165265	1013.00	25.72	27.83	109.5	26.75	27.83	99.1	27.72	27.83	90.5	27.21	27.83	94.9
18/06/2018 9:14:26 PM	3612165266	1013.00	25.97	27.83	106.9	26.79	27.83	98.8	27.75	27.83	90.2	27.19	27.83	95.1
18/06/2018 9:14:27 PM	3612165267	1013.00	25.88	27.82	107.9	26.78	27.82	98.9	27.76	27.82	90.1	27.22	27.82	94.8
18/06/2018 9:14:28 PM	3612165268	1013.00	25.85	27.82	108.2	26.79	27.82	98.8	27.75	27.82	90.2	27.23	27.82	94.7
18/06/2018 9:14:29 PM	3612165269	1013.00	25.94	27.82	107.2	26.77	27.82	99.0	27.80	27.82	89.8	27.25	27.82	94.6
18/06/2018 9:14:30 PM	3612165270	1013.00	25.78	27.82	108.9	26.77	27.82	99.0	27.83	27.82	89.5	27.24	27.82	94.6
18/06/2018 9:14:31 PM	3612165271	1013.00	25.80	27.82	108.7	26.78	27.82	98.9	27.82	27.82	89.6	27.25	27.82	94.6
18/06/2018 9:14:32 PM	3612165272	1013.00	25.82	27.82	108.5	26.78	27.82	98.9	27.82	27.82	89.6	27.26	27.82	94.5
18/06/2018 9:14:33 PM	3612165273	1013.00	25.81	27.82	108.6	26.80	27.82	98.7	27.86	27.82	89.3	27.28	27.82	94.3
18/06/2018 9:14:34 PM	3612165274	1013.00	25.90	27.82	107.6	26.81	27.82	98.6	27.86	27.82	89.3	27.28	27.82	94.3
18/06/2018 9:14:35 PM	3612165275	1013.00	25.86	27.82	108.1	26.78	27.82	98.9	27.89	27.82	89.0	27.26	27.82	94.5
18/06/2018 9:14:36 PM	3612165276	1013.00	25.85	27.83	108.2	26.78	27.83	98.9	27.89	27.83	89.0	27.28	27.83	94.3
18/06/2018 9:14:37 PM	3612165277	1013.00	25.79	27.83	108.8	26.81	27.83	98.6	27.92	27.83	88.8	27.29	27.83	94.2
18/06/2018 9:14:38 PM	3612165278	1013.00	25.87	27.83	107.9	26.82	27.83	98.5	27.94	27.83	88.6	27.30	27.83	94.1
18/06/2018 9:14:39 PM	3612165279	1013.00	26.03	27.83	106.3	26.81	27.83	98.6	27.97	27.83	88.4	27.29	27.83	94.2
18/06/2018 9:14:40 PM	3612165280	1013.00	25.95	27.83	107.1	26.79	27.83	98.8	27.97	27.83	88.4	27.33	27.83	93.8
18/06/2018 9:14:41 PM	3612165281	1013.00	25.79	27.83	108.8	26.78	27.83	98.9	27.98	27.83	88.3	27.32	27.83	93.9
18/06/2018 9:14:42 PM	3612165282	1013.00	25.75	27.83	109.2	26.83	27.83	98.4	28.02	27.83	88.0	27.33	27.83	93.8
18/06/2018 9:14:43 PM	3612165283	1013.00	25.92	27.83	107.4	26.82	27.83	98.5	28.04	27.83	87.8	27.31	27.83	94.0
18/06/2018 9:14:44 PM	3612165284	1013.00	25.92	27.83	107.4	26.83	27.83	98.4	28.03	27.83	87.9	27.33	27.83	93.8
18/06/2018 9:14:45 PM	3612165285	1013.00	25.88	27.83	107.8	26.77	27.83	99.0	28.06	27.83	87.6	27.32	27.83	93.9
18/06/2018 9:14:46 PM	3612165286	1013.00	25.79	27.83	108.8	26.82	27.83	98.5	28.10	27.83	87.3	27.35	27.83	93.7
18/06/2018 9:14:47 PM	3612165287	1013.00	25.87	27.83	107.9	26.79	27.83	98.8	28.11	27.83	87.2	27.36	27.83	93.6
18/06/2018 9:14:48 PM	3612165288	1013.00	25.83	27.82	108.4	26.82	27.82	98.5	28.14	27.82	87.0	27.35	27.82	93.7
18/06/2018 9:14:49 PM	3612165289	1013.00	25.93	27.83	107.3	26.81	27.83	98.6	28.13	27.83	87.1	27.38	27.83	93.4
18/06/2018 9:14:50 PM	3612165290	1013.00	25.90	27.83	107.6	26.81	27.83	98.6	28.17	27.83	86.7	27.36	27.83	93.6
18/06/2018 9:14:51 PM	3612165291	1013.00	25.88	27.83	107.8	26.83	27.83	98.4	28.20	27.83	86.5	27.40	27.83	93.2
18/06/2018 9:14:52 PM	3612165292	1013.00	25.84	27.83	108.3	26.81	27.83	98.6	28.20	27.83	86.5	27.39	27.83	93.3
18/06/2018 9:14:53 PM	3612165293	1013.00	25.88	27.83	107.8	26.82	27.83	98.5	28.23	27.83	86.3	27.38	27.83	93.4
18/06/2018 9:14:54 PM	3612165294	1013.00	25.87	27.83	107.9	26.80	27.83	98.7	28.25	27.83	86.1	27.41	27.83	93.1
18/06/2018 9:14:55 PM	3612165295	1013.00	25.81	27.83	108.6	26.83	27.83	98.4	28.29	27.83	85.8	27.40	27.83	93.2
18/06/2018 9:14:56 PM	3612165296	1013.00	25.87	27.83	107.9	26.80	27.83	98.7	28.29	27.83	85.8	27.43	27.83	92.9
18/06/2018 9:14:57 PM	3612165297	1013.00	25.90	27.83	107.6	26.85	27.83	98.2	28.28	27.83	85.9	27.44	27.83	92.9
18/06/2018 9:14:58 PM	3612165298	1013.00	25.83	27.83	108.4	26.85	27.83	98.2	28.33	27.83	85.5	27.44	27.83	92.9
18/06/2018 9:14:59 PM	3612165299	1013.00	25.92	27.83	107.4	26.82	27.83	98.5	28.34	27.83	85.4	27.45	27.83	92.8
18/06/2018 9:15:00 PM	3612165300	1013.00	25.88	27.83	107.8	26.86	27.83	98.1	28.34	27.83	85.4	27.45	27.83	92.8
18/06/2018 9:15:01 PM	3612165301	1013.00	25.91	27.83	107.5	26.85	27.83	98.2	28.38	27.83	85.1	27.47	27.83	92.6
18/06/2018 9:15:02 PM	3612165302	1013.00	26.01	27.83	106.5	26.85	27.83	98.2	28.36	27.83	85.2	27.45	27.83	92.8
18/06/2018 9:15:03 PM	3612165303	1013.00	25.84	27.83	108.3	26.81	27.83	98.6	28.42	27.83	84.8	27.48	27.83	92.5
18/06/2018 9:15:04 PM	3612165304	1013.00	25.93	27.83	107.3	26.81	27.83	98.6	28.42	27.83	84.8	27.46	27.83	92.7
18/06/2018 9:15:05 PM	3612165305	1013.00	25.68	27.83	110.0	26.82	27.83	98.5	28.45	27.83	84.5	27.48	27.83	92.5
18/06/2018 9:15:06 PM	3612165306	1013.00	25.94	27.83	107.2	26.85	27.83	98.2	28.47	27.83	84.4	27.47	27.83	92.6
18/06/2018 9:15:07 PM	3612165307	1013.00	25.98	27.83	106.8	26.83	27.83	98.4	28.49	27.83	84.2	27.50	27.83	92.3
18/06/2018 9:15:08 PM	3612165308	1013.00	25.89	27.83	107.7	26.82	27.83	98.5	28.50	27.83	84.1	27.49	27.83	92.4
18/06/2018 9:15:09 PM	3612165309	1013.00	25.77	27.83	109.0	26.86	27.83	98.1	28.50	27.83	84.1	27.51	27.83	92.2
18/06/2018 9:15:10 PM	3612165310	1013.00	25.81	27.83	108.6	26.85	27.83	98.2	28.54	27.83	83.8	27.52	27.83	92.2
18/06/2018 9:15:11 PM	3612165311	1013.00	25.75	27.83	109.2	26.83	27.83	98.4	28.55	27.83	83.7	27.54	27.83	92.0
18/06/2018 9:15:12 PM	3612165312	1013.00	25.91	27.83	107.5	26.82	27.83	98.5	28.55	27.83	83.7	27.52	27.83	92.2
18/06/2018 9:15:13 PM	3612165313	1013.00	25.90	27.83	107.6	26.81	27.83	98.6	28.58	27.83	83.5	27.54	27.83	92.0
18/06/2018 9:15:14 PM	3612165314	1013.00	25.86	27.83	108.0	26.83	27.83	98.4	28.56	27.83	83.7	27.53	27.83	92.1
18/06/2018 9:15:15 PM	3612165315	1013.00	25.98	27.83	106.8	26.87	27.83	98.0	28.61	27.83	83.3	27.57	27.83	91.7
18/06/2018 9:15:16 PM	3612165316	1013.00	25.84	27.83	108.3	26.84	27.83	98.3	28.61	27.83	83.3	27.58	27.83	91.6
18/06/2018 9:15:17 PM	3612165317	1013.00	25.93	27.83	107.3	26.85	27.83	98.2	28.62	27.83	83.2	27.58	27.83	91.6
18/06/2018 9:15:18 PM	3612165318	1013.00	25.74	27.83	109.3	26.81	27.83	98.6	28.63	27.83	83.1	27.62	27.83	91.3
18/06/2018 9:15:19 PM	3612165319	1013.00	26.05	27.83	106.1	26.84	27.83	98.3	28.66	27.83	82.9	27.59	27.83	91.6
18/06/2018 9:15:20 PM	3612165320	1013.00	25.87	27.83	107.9	26.83	27.83	98.4	28.65	27.83	83.0	27.56	27.83	91.8
18/06/2018 9:15:21 PM	3612165321	1013.00	25.89	27.83	107.7	26.83	27.83	98.4	28.71	27.83	82.5	27.61	27.83	91.4
18/06/2018 9:15:22 PM	3612165322	1013.00	25.88	27.83	107.8	26.86	27.83	98.1	28.70	27.83	82.6	27.60	27.83	91.5
18/06/2018 9:15:23 PM	3612165323	1013.00	25.86	27.83	108.0	26.86	27.83	98.1	28.73	27.83	82.4	27.62	27.83	91.3
18/06/2018 9:15:24 PM	3612165324	1013.00	25.86	27.83	108.0	26.84	27.83	98.3	28.75	27.83	82.2	27.61	27.83	91.4
18/06/2018 9:15:25 PM	3612165325	1013.00	25.84	27.83	108.3	26.84	27.83	98.3	28.74	27.83	82.3	27.62	27.83	91.3
18/06/2018 9:15:26 PM	3612165326	1013.00	25.80	27.83	108.7	26.84	27.83	98.3	28.76	27.83	82.1	27.65	27.83	91.0
18/06/2018 9:15:27 PM	3612165327	1013.00	25.85	27.84	108.1	26.87	27.84	98.0	28.76	27.84	82.1	27.65	27.84	91.0
18/06/2018 9:15:28 PM	3612165328	1013.00	25.85	27.83	108.2	26.87	27.83	98.0	28.79	27.83	81.9	27.65	27.83	91.0
18/06/2018 9:15:29 PM	3612165329	1013.00	25.93	27.83	107.3	26.86	27.83	98.1	28.79	27.83	81.9	27.67	27.83	90.9
18/06/2018 9:15:30 PM	3612165330	1013.00	25.91	27.84	107.5	26.87	27.84	98.0	28.81	27.84	81.8	27.67	27.84	90.9
18/06/2018 9:15:31 PM	3612165331	1013.00	25.86	27.84	108.0	26.88	27.84	97.9	28.83	27.84	81.6	27.69	27.84	90.7
18/06/2018 9:15:32 PM	3612165332	1013.00	25.92	27.83	107.4	26.86	27.83	98.1	28.82	27.83	81.7	27.68	27.83	90.8
18/06/2018 9:15:33 PM	3612165333	1013.00	25.97	27.83	106.9	26.86	27.83	98.1	28.85	27.83	81.5	27.67	27.83	90.9
18/06/2018 9:15:34 PM	3612165334	1013.00	25.82	27.83	108.5	26.86	27.83	98.1	28.88	27.83	81.2	27.70	27.83	90.6
18/06/2018 9:15:35 PM	3612165335	1013.00	26.04	27.83	106.2	26.82	27.83	98.5	28.89	27.83	81.2	27.68	27.83	90.8
18/06/2018 9:15:36 PM	3612165336	1013.00	25.82	27.83	108.5	26.89	27.83	97.8	28.91	27.83	81.0	27.70	27.83	90.6
18/06/2018 9:15:37 PM	3612165337	1013.00	25.88	27.82	107.9	26.84	27.82	98.3	28.90	27.82	81.1	27.70	27.82	90.6
18/06/2018 9:15:38 PM	3612165338	1013.00	25.95	27.83	107.1	26.89	27.83	97.8	28.92	27.83	81.0	27.70	27.83	90.6
18/06/2018 9:15:39 PM	3612165339	1013.00	25.95	27.83	107.1	26.84	27.83	98.3	28.91	27.83	81.0	27.72	27.83	90.5
18/06/2018 9:15:40 PM	3612165340	1013.00	25.82	27.83	108.5	26.85	27.83	98.2	28.92	27.83	81.0	27.72	27.83	90.5
18/06/2018 9:15:41 PM	3612165341	1013.00	25.93	27.83	107.3	26.88	27.83	97.9	28.89	27.83	81.2	27.75	27.83	90.2
18/06/2018 9:15:42 PM	3612165342	1013.00	25.79	27.84	108.8	26.86	27.84	98.1	28.90	27.84	81.1	27.76	27.84	90.1
18/06/2018 9:15:43 PM	3612165343	1013.00	25.88	27.84	107.8	26.83	27.84	98.4	28.89	27.84	81.2	27.76	27.84	90.1
18/06/2018 9:15:44 PM	3612165344	1013.00	25.91	27.84	107.5	26.86	27.84	98.1	28.88	27.84	81.2	27.75	27.84	90.2
18/06/2018 9:15:45 PM	3612165345	1013.00	25.90	27.84	107.6	26.84	27.84	98.3	28.88	27.84	81.2	27.77	27.84	90.0
18/06/2018 9:15:46 PM	3612165346	1013.00	25.88	27.84	107.8	26.86	27.84	98.1	28.88	27.84	81.2	27.80	27.84	89.8
18/06/2018 9:15:47 PM	3612165347	1013.00	25.93	27.84	107.3	26.85	27.84	98.2	28.87	27.84	81.3	27.80	27.84	89.8
18/06/2018 9:15:48 PM	3612165348	1013.00	25.86	27.84	108.0	26.88	27.84	97.9	28.84	27.84	81.5	27.78	27.84	89.9
18/06/2018 9:15:49 PM	3612165349	1013.00	25.98	27.84	106.8	26.85	27.84	98.2	28.87	27.84	81.3	27.82	27.84	89.6
18/06/2018 9:15:50 PM	3612165350	1013.00	25.94	27.84	107.2	26.88	27.84	97.9	28.84	27.84	81.5	27.81	27.84	89.7
18/06/2018 9:15:51 PM	3612165351	1013.00	25.91	27.83	107.5	26.89	27.83	97.8	28.87	27.83	81.3	27.84	27.83	89.4
18/06/2018 9:15:52 PM	3612165352	1013.00	25.77	27.83	109.0	26.88	27.83	97.9	28.85	27.83	81.5	27.84	27.83	89.4
18/06/2018 9:15:53 PM	3612165353	1013.00	25.88	27.83	107.8	26.86	27.83	98.1	28.86	27.83	81.4	27.84	27.83	89.4
18/06/2018 9:15:54 PM	3612165354	1013.00	25.77	27.83	109.0	26.90	27.83	97.7	28.84	27.83	81.5	27.83	27.83	89.5
18/06/2018 9:15:55 PM	3612165355	1013.00	25.86	27.83	108.0	26.88	27.83	97.9	28.85	27.83	81.5	27.84	27.83	89.4
18/06/2018 9:15:56 PM	3612165356	1013.00	25.91	27.83	107.5	26.87	27.83	98.0	28.85	27.83	81.5	27.85	27.83	89.4
18/06/2018 9:15:57 PM	3612165357	1013.00	25.87	27.84	107.9	26.88	27.84	97.9	28.84	27.84	81.5	27.85	27.84	89.3
18/06/2018 9:15:58 PM	3612165358	1013.00	25.90	27.84	107.6	26.89	27.84	97.8	28.81	27.84	81.8	27.88	27.84	89.1
18/06/2018 9:15:59 PM	3612165359	1013.00	25.96	27.84	107.0	26.88	27.84	97.9	28.86	27.84	81.4	27.84	27.84	89.4
18/06/2018 9:16:00 PM	3612165360	1013.00	25.91	27.83	107.5	26.88	27.83	97.9	28.84	27.83	81.5	27.87	27.83	89.2
18/06/2018 9:16:01 PM	3612165361	1013.00	25.80	27.83	108.7	26.88	27.83	97.9	28.83	27.83	81.6	27.88	27.83	89.1
18/06/2018 9:16:02 PM	3612165362	1013.00	25.96	27.83	107.0	26.86	27.83	98.1	28.83	27.83	81.6	27.90	27.83	88.9
18/06/2018 9:16:03 PM	3612165363	1013.00	25.90	27.84	107.6	26.87	27.84	98.0	28.83	27.84	81.6	27.90	27.84	88.9
18/06/2018 9:16:04 PM	3612165364	1013.00	25.76	27.84	109.1	26.87	27.84	98.0	28.81	27.84	81.8	27.86	27.84	89.3
18/06/2018 9:16:05 PM	3612165365	1013.00	25.83	27.84	108.3	26.88	27.84	97.9	28.81	27.84	81.8	27.92	27.84	88.8
18/06/2018 9:16:06 PM	3612165366	1013.00	25.89	27.84	107.7	26.88	27.84	97.9	28.82	27.84	81.7	27.89	27.84	89.0
18/06/2018 9:16:07 PM	3612165367	1013.00	25.87	27.84	107.9	26.90	27.84	97.7	28.81	27.84	81.8	27.92	27.84	88.8
18/06/2018 9:16:08 PM	3612165368	1013.00	25.93	27.84	107.3	26.93	27.84	97.4	28.84	27.84	81.5	27.90	27.84	88.9
18/06/2018 9:16:09 PM	3612165369	1013.00	25.77	27.84	109.0	26.88	27.84	97.9	28.81	27.84	81.8	27.93	27.84	88.7
18/06/2018 9:16:10 PM	3612165370	1013.00	25.97	27.84	106.9	26.88	27.84	97.9	28.80	27.84	81.8	27.96	27.84	88.4
18/06/2018 9:16:11 PM	3612165371	1013.00	25.91	27.84	107.5	26.90	27.84	97.7	28.79	27.84	81.9	27.96	27.84	88.4
18/06/2018 9:16:12 PM	3612165372	1013.00	25.88	27.83	107.8	26.91	27.83	97.6	28.82	27.83	81.7	27.96	27.83	88.4
18/06/2018 9:16:13 PM	3612165373	1013.00	25.81	27.83	108.6	26.86	27.83	98.1	28.83	27.83	81.6	27.98	27.83	88.3
18/06/2018 9:16:14 PM	3612165374	1013.00	25.81	27.84	108.6	26.91	27.84	97.6	28.83	27.84	81.6	28.00	27.84	88.1
18/06/2018 9:16:15 PM	3612165375	1013.00	25.80	27.84	108.7	26.91	27.84	97.6	28.84	27.84	81.5	27.98	27.84	88.3
18/06/2018 9:16:16 PM	3612165376	1013.00	25.78	27.84	108.9	26.89	27.84	97.8	28.82	27.84	81.7	28.01	27.84	88.0
18/06/2018 9:16:17 PM	3612165377	1013.00	25.86	27.84	108.0	26.90	27.84	97.7	28.82	27.84	81.7	27.99	27.84	88.2
18/06/2018 9:16:18 PM	3612165378	1013.00	25.90	27.84	107.6	26.90	27.84	97.7	28.81	27.84	81.8	28.00	27.84	88.1
18/06/2018 9:16:19 PM	3612165379	1013.00	26.07	27.84	105.8	26.91	27.84	97.6	28.81	27.84	81.8	28.00	27.84	88.1
18/06/2018 9:16:20 PM	3612165380	1013.00	26.02	27.84	106.4	26.89	27.84	97.8	28.81	27.84	81.8	28.01	27.84	88.0
18/06/2018 9:16:21 PM	3612165381	1013.00	25.79	27.84	108.8	26.91	27.84	97.6	28.83	27.84	81.6	28.00	27.84	88.1
18/06/2018 9:16:22 PM	3612165382	1013.00	25.84	27.84	108.2	26.90	27.84	97.7	28.83	27.84	81.6	28.02	27.84	87.9
18/06/2018 9:16:23 PM	3612165383	1013.00	25.94	27.84	107.2	26.92	27.84	97.5	28.83	27.84	81.6	28.03	27.84	87.9
18/06/2018 9:16:24 PM	3612165384	1013.00	25.84	27.84	108.2	26.93	27.84	97.4	28.82	27.84	81.7	28.05	27.84	87.7
18/06/2018 9:16:25 PM	3612165385	1013.00	25.90	27.84	107.6	26.92	27.84	97.5	28.81	27.84	81.8	28.07	27.84	87.5
18/06/2018 9:16:26 PM	3612165386	1013.00	25.97	27.84	106.9	26.90	27.84	97.7	28.83	27.84	81.6	28.04	27.84	87.8
18/06/2018 9:16:27 PM	3612165387	1013.00	25.90	27.84	107.6	26.89	27.84	97.8	28.81	27.84	81.8	28.07	27.84	87.5
18/06/2018 9:16:28 PM	3612165388	1013.00	25.77	27.84	109.0	26.89	27.84	97.8	28.81	27.84	81.8	28.08	27.84	87.4
18/06/2018 9:16:29 PM	3612165389	1013.00	25.91	27.84	107.5	26.90	27.84	97.7	28.82	27.84	81.7	28.07	27.84	87.5
18/06/2018 9:16:30 PM	3612165390	1013.00	25.90	27.84	107.6	26.93	27.84	97.4	28.81	27.84	81.8	28.09	27.84	87.4
18/06/2018 9:16:31 PM	3612165391	1013.00	25.86	27.84	108.0	26.88	27.84	97.9	28.82	27.84	81.7	28.08	27.84	87.4
18/06/2018 9:16:32 PM	3612165392	1013.00	25.82	27.84	108.5	26.89	27.84	97.8	28.81	27.84	81.8	28.10	27.84	87.3
18/06/2018 9:16:33 PM	3612165393	1013.00	25.75	27.84	109.2	26.93	27.84	97.4	28.81	27.84	81.8	28.11	27.84	87.2
18/06/2018 9:16:34 PM	3612165394	1013.00	26.04	27.84	106.2	26.90	27.84	97.7	28.82	27.84	81.7	28.10	27.84	87.3
18/06/2018 9:16:35 PM	3612165395	1013.00	25.78	27.84	108.9	26.93	27.84	97.4	28.81	27.84	81.8	28.12	27.84	87.1
18/06/2018 9:16:36 PM	3612165396	1013.00	25.88	27.84	107.8	26.90	27.84	97.7	28.83	27.84	81.6	28.11	27.84	87.2
18/06/2018 9:16:37 PM	3612165397	1013.00	25.84	27.84	108.2	26.89	27.84	97.8	28.82	27.84	81.7	28.12	27.84	87.1
18/06/2018 9:16:38 PM	3612165398	1013.00	26.02	27.84	106.4	26.92	27.84	97.5	28.81	27.84	81.8	28.15	27.84	86.9
18/06/2018 9:16:39 PM	3612165399	1013.00	25.88	27.84	107.8	26.93	27.84	97.4	28.82	27.84	81.7	28.16	27.84	86.8
18/06/2018 9:16:40 PM	3612165400	1013.00	25.84	27.84	108.2	26.86	27.84	98.1	28.83	27.84	81.6	28.16	27.84	86.8
18/06/2018 9:16:41 PM	3612165401	1013.00	25.96	27.84	107.0	26.89	27.84	97.8	28.84	27.84	81.5	28.16	27.84	86.8
18/06/2018 9:16:42 PM	3612165402	1013.00	25.91	27.84	107.5	26.90	27.84	97.7	28.86	27.84	81.4	28.16	27.84	86.8
18/06/2018 9:16:43 PM	3612165403	1013.00	25.87	27.84	107.9	26.89	27.84	97.8	28.84	27.84	81.5	28.18	27.84	86.6
18/06/2018 9:16:44 PM	3612165404	1013.00	25.82	27.84	108.5	26.90	27.84	97.7	28.87	27.84	81.3	28.17	27.84	86.7
18/06/2018 9:16:45 PM	3612165405	1013.00	25.88	27.84	107.8	26.92	27.84	97.5	28.86	27.84	81.4	28.20	27.84	86.5
18/06/2018 9:16:46 PM	3612165406	1013.00	25.78	27.84	108.9	26.90	27.84	97.7	28.85	27.84	81.5	28.19	27.84	86.6
18/06/2018 9:16:47 PM	3612165407	1013.00	25.82	27.84	108.5	26.91	27.84	97.6	28.89	27.84	81.2	28.20	27.84	86.5
18/06/2018 9:16:48 PM	3612165408	1013.00	25.93	27.84	107.3	26.92	27.84	97.5	28.91	27.84	81.0	28.20	27.84	86.5
18/06/2018 9:16:49 PM	3612165409	1013.00	25.87	27.84	107.9	26.91	27.84	97.6	28.90	27.84	81.1	28.22	27.84	86.3
18/06/2018 9:16:50 PM	3612165410	1013.00	25.95	27.84	107.1	26.91	27.84	97.6	28.91	27.84	81.0	28.21	27.84	86.4
18/06/2018 9:16:51 PM	3612165411	1013.00	25.86	27.84	108.0	26.89	27.84	97.8	28.95	27.84	80.7	28.23	27.84	86.2
18/06/2018 9:16:52 PM	3612165412	1013.00	25.93	27.84	107.3	26.90	27.84	97.7	28.98	27.84	80.5	28.23	27.84	86.2
18/06/2018 9:16:53 PM	3612165413	1013.00	25.73	27.84	109.4	26.90	27.84	97.7	28.97	27.84	80.6	28.25	27.84	86.1
18/06/2018 9:16:54 PM	3612165414	1013.00	25.73	27.84	109.4	26.94	27.84	97.3	29.00	27.84	80.4	28.24	27.84	86.2
18/06/2018 9:16:55 PM	3612165415	1013.00	26.05	27.84	106.0	26.94	27.84	97.3	29.04	27.84	80.1	28.25	27.84	86.1
18/06/2018 9:16:56 PM	3612165416	1013.00	25.79	27.85	108.8	26.92	27.85	97.5	29.05	27.85	80.0	28.27	27.85	85.9
18/06/2018 9:16:57 PM	3612165417	1013.00	25.87	27.85	107.9	26.95	27.85	97.2	29.08	27.85	79.8	28.24	27.85	86.1
18/06/2018 9:16:58 PM	3612165418	1013.00	25.81	27.85	108.5	26.94	27.85	97.3	29.07	27.85	79.8	28.27	27.85	85.9
18/06/2018 9:16:59 PM	3612165419	1013.00	25.78	27.84	108.9	26.94	27.84	97.3	29.08	27.84	79.8	28.27	27.84	85.9
18/06/2018 9:17:00 PM	3612165420	1013.00	25.86	27.84	108.0	26.94	27.84	97.3	29.10	27.84	79.6	28.28	27.84	85.8
18/06/2018 9:17:01 PM	3612165421	1013.00	25.94	27.84	107.2	26.94	27.84	97.3	29.10	27.84	79.6	28.26	27.84	86.0
18/06/2018 9:17:02 PM	3612165422	1013.00	25.92	27.84	107.4	26.93	27.84	97.4	29.11	27.84	79.5	28.29	27.84	85.8
18/06/2018 9:17:03 PM	3612165423	1013.00	25.97	27.84	106.9	26.94	27.84	97.3	29.13	27.84	79.4	28.26	27.84	86.0
18/06/2018 9:17:04 PM	3612165424	1013.00	25.91	27.84	107.5	26.94	27.84	97.3	29.12	27.84	79.5	28.31	27.84	85.6
18/06/2018 9:17:05 PM	3612165425	1013.00	25.85	27.84	108.1	26.92	27.84	97.5	29.13	27.84	79.4	28.29	27.84	85.8
18/06/2018 9:17:06 PM	3612165426	1013.00	25.85	27.84	108.1	26.95	27.84	97.3	29.12	27.84	79.5	28.33	27.84	85.4
18/06/2018 9:17:07 PM	3612165427	1013.00	25.81	27.84	108.6	26.92	27.84	97.5	29.13	27.84	79.4	28.32	27.84	85.5
18/06/2018 9:17:08 PM	3612165428	1013.00	25.92	27.84	107.4	26.92	27.84	97.5	29.14	27.84	79.3	28.32	27.84	85.5
18/06/2018 9:17:09 PM	3612165429	1013.00	25.99	27.84	106.7	26.93	27.84	97.4	29.11	27.84	79.5	28.32	27.84	85.5
18/06/2018 9:17:10 PM	3612165430	1013.00	25.89	27.84	107.7	26.92	27.84	97.5	29.18	27.84	79.0	28.31	27.84	85.6
18/06/2018 9:17:11 PM	3612165431	1013.00	26.00	27.84	106.6	26.93	27.84	97.4	29.16	27.84	79.2	28.33	27.84	85.4
18/06/2018 9:17:12 PM	3612165432	1013.00	25.89	27.84	107.7	26.91	27.84	97.6	29.13	27.84	79.4	28.34	27.84	85.4
18/06/2018 9:17:13 PM	3612165433	1013.00	25.95	27.84	107.1	26.93	27.84	97.4	29.17	27.84	79.1	28.32	27.84	85.5
18/06/2018 9:17:14 PM	3612165434	1013.00	25.93	27.84	107.3	26.94	27.84	97.3	29.13	27.84	79.4	28.35	27.84	85.3
18/06/2018 9:17:15 PM	3612165435	1013.00	25.97	27.84	106.9	26.92	27.84	97.5	29.18	27.84	79.0	28.36	27.84	85.2
18/06/2018 9:17:16 PM	3612165436	1013.00	25.75	27.85	109.2	26.90	27.85	97.7	29.15	27.85	79.2	28.37	27.85	85.1
18/06/2018 9:17:17 PM	3612165437	1013.00	25.81	27.85	108.5	26.92	27.85	97.5	29.15	27.85	79.2	28.37	27.85	85.1
18/06/2018 9:17:18 PM	3612165438	1013.00	25.95	27.85	107.1	26.98	27.85	97.0	29.15	27.85	79.2	28.37	27.85	85.1
18/06/2018 9:17:19 PM	3612165439	1013.00	25.94	27.86	107.2	26.95	27.86	97.2	29.12	27.86	79.5	28.38	27.86	85.0
18/06/2018 9:17:20 PM	3612165440	1013.00	25.83	27.86	108.3	26.92	27.86	97.5	29.15	27.86	79.2	28.39	27.86	84.9
18/06/2018 9:17:21 PM	3612165441	1013.00	25.90	27.86	107.6	26.95	27.86	97.2	29.17	27.86	79.1	28.40	27.86	84.9
18/06/2018 9:17:22 PM	3612165442	1013.00	25.95	27.86	107.1	26.91	27.86	97.6	29.18	27.86	79.0	28.39	27.86	84.9
18/06/2018 9:17:23 PM	3612165443	1013.00	25.89	27.85	107.7	26.97	27.85	97.1	29.17	27.85	79.1	28.42	27.85	84.7
18/06/2018 9:17:24 PM	3612165444	1013.00	25.79	27.85	108.8	26.91	27.85	97.6	29.18	27.85	79.0	28.42	27.85	84.7
18/06/2018 9:17:25 PM	3612165445	1013.00	25.84	27.84	108.2	26.92	27.84	97.5	29.19	27.84	79.0	28.42	27.84	84.7
18/06/2018 9:17:26 PM	3612165446	1013.00	25.94	27.85	107.2	26.95	27.85	97.2	29.21	27.85	78.8	28.43	27.85	84.6
18/06/2018 9:17:27 PM	3612165447	1013.00	25.88	27.85	107.8	26.95	27.85	97.2	29.20	27.85	78.9	28.44	27.85	84.6
18/06/2018 9:17:28 PM	3612165448	1013.00	25.93	27.85	107.3	26.94	27.85	97.3	29.20	27.85	78.9	28.43	27.85	84.6
18/06/2018 9:17:29 PM	3612165449	1013.00	25.82	27.85	108.4	26.93	27.85	97.4	29.21	27.85	78.8	28.45	27.85	84.5
18/06/2018 9:17:30 PM	3612165450	1013.00	25.84	27.84	108.2	26.95	27.84	97.3	29.21	27.84	78.8	28.42	27.84	84.7
18/06/2018 9:17:31 PM	3612165451	1013.00	25.96	27.84	107.0	26.96	27.84	97.2	29.22	27.84	78.8	28.47	27.84	84.4
18/06/2018 9:17:32 PM	3612165452	1013.00	25.87	27.84	107.9	26.93	27.84	97.4	29.21	27.84	78.8	28.47	27.84	84.4
18/06/2018 9:17:33 PM	3612165453	1013.00	25.77	27.83	109.0	26.94	27.83	97.4	29.22	27.83	78.8	28.46	27.83	84.4
18/06/2018 9:17:34 PM	3612165454	1013.00	25.82	27.83	108.5	26.94	27.83	97.4	29.22	27.83	78.8	28.47	27.83	84.4
18/06/2018 9:17:35 PM	3612165455	1013.00	25.95	27.84	107.1	26.91	27.84	97.6	29.22	27.84	78.8	28.50	27.84	84.1
18/06/2018 9:17:36 PM	3612165456	1013.00	25.82	27.84	108.5	26.93	27.84	97.4	29.22	27.84	78.8	28.48	27.84	84.3
18/06/2018 9:17:37 PM	3612165457	1013.00	25.89	27.84	107.7	26.94	27.84	97.3	29.24	27.84	78.6	28.52	27.84	84.0
18/06/2018 9:17:38 PM	3612165458	1013.00	25.82	27.84	108.5	26.95	27.84	97.3	29.25	27.84	78.5	28.51	27.84	84.0
18/06/2018 9:17:39 PM	3612165459	1013.00	25.97	27.84	106.9	26.97	27.84	97.1	29.22	27.84	78.8	28.54	27.84	83.8
18/06/2018 9:17:40 PM	3612165460	1013.00	25.77	27.84	109.0	26.94	27.84	97.3	29.21	27.84	78.8	28.51	27.84	84.0
18/06/2018 9:17:41 PM	3612165461	1013.00	25.76	27.84	109.1	26.93	27.84	97.4	29.23	27.84	78.7	28.53	27.84	83.9
18/06/2018 9:17:42 PM	3612165462	1013.00	25.78	27.85	108.9	26.96	27.85	97.1	29.22	27.85	78.7	28.54	27.85	83.8
18/06/2018 9:17:43 PM	3612165463	1013.00	25.87	27.85	107.9	26.92	27.85	97.5	29.21	27.85	78.8	28.53	27.85	83.9
18/06/2018 9:17:44 PM	3612165464	1013.00	25.91	27.85	107.5	26.91	27.85	97.6	29.22	27.85	78.7	28.55	27.85	83.7
18/06/2018 9:17:45 PM	3612165465	1013.00	26.04	27.85	106.1	26.94	27.85	97.3	29.22	27.85	78.7	28.55	27.85	83.7
18/06/2018 9:17:46 PM	3612165466	1013.00	25.75	27.85	109.2	26.95	27.85	97.2	29.23	27.85	78.7	28.56	27.85	83.6
18/06/2018 9:17:47 PM	3612165467	1013.00	25.94	27.84	107.2	26.95	27.84	97.3	29.23	27.84	78.7	28.56	27.84	83.7
18/06/2018 9:17:48 PM	3612165468	1013.00	25.87	27.84	107.9	26.92	27.84	97.5	29.20	27.84	78.9	28.58	27.84	83.5
18/06/2018 9:17:49 PM	3612165469	1013.00	25.84	27.84	108.2	26.99	27.84	96.9	29.22	27.84	78.8	28.58	27.84	83.5
18/06/2018 9:17:50 PM	3612165470	1013.00	25.87	27.84	107.9	26.93	27.84	97.4	29.20	27.84	78.9	28.60	27.84	83.3
18/06/2018 9:17:51 PM	3612165471	1013.00	25.89	27.84	107.7	26.93	27.84	97.4	29.21	27.84	78.8	28.61	27.84	83.3
18/06/2018 9:17:52 PM	3612165472	1013.00	25.89	27.85	107.7	26.94	27.85	97.3	29.19	27.85	79.0	28.61	27.85	83.3
18/06/2018 9:17:53 PM	3612165473	1013.00	25.82	27.85	108.4	26.96	27.85	97.1	29.19	27.85	79.0	28.62	27.85	83.2
18/06/2018 9:17:54 PM	3612165474	1013.00	26.03	27.84	106.3	26.95	27.84	97.3	29.18	27.84	79.0	28.61	27.84	83.3
18/06/2018 9:17:55 PM	3612165475	1013.00	25.75	27.85	109.2	26.93	27.85	97.4	29.19	27.85	79.0	28.61	27.85	83.3
18/06/2018 9:17:56 PM	3612165476	1013.00	26.00	27.85	106.5	26.96	27.85	97.1	29.20	27.85	78.9	28.64	27.85	83.0
18/06/2018 9:17:57 PM	3612165477	1013.00	26.01	27.85	106.4	26.92	27.85	97.5	29.18	27.85	79.0	28.63	27.85	83.1
18/06/2018 9:17:58 PM	3612165478	1013.00	25.87	27.85	107.9	26.93	27.85	97.4	29.19	27.85	79.0	28.65	27.85	83.0
18/06/2018 9:17:59 PM	3612165479	1013.00	25.92	27.85	107.4	26.95	27.85	97.2	29.17	27.85	79.1	28.66	27.85	82.9
18/06/2018 9:18:00 PM	3612165480	1013.00	25.85	27.85	108.1	26.97	27.85	97.1	29.17	27.85	79.1	28.66	27.85	82.9
18/06/2018 9:18:01 PM	3612165481	1013.00	25.84	27.85	108.2	26.96	27.85	97.1	29.19	27.85	79.0	28.66	27.85	82.9
18/06/2018 9:18:02 PM	3612165482	1013.00	25.86	27.85	108.0	26.96	27.85	97.1	29.20	27.85	78.9	28.67	27.85	82.8
18/06/2018 9:18:03 PM	3612165483	1013.00	25.98	27.85	106.8	26.95	27.85	97.2	29.20	27.85	78.9	28.67	27.85	82.8
18/06/2018 9:18:04 PM	3612165484	1013.00	25.87	27.86	107.9	26.94	27.86	97.3	29.19	27.86	78.9	28.68	27.86	82.7
18/06/2018 9:18:05 PM	3612165485	1013.00	25.85	27.86	108.1	26.93	27.86	97.4	29.19	27.86	78.9	28.68	27.86	82.7
18/06/2018 9:18:06 PM	3612165486	1013.00	25.79	27.86	108.7	26.94	27.86	97.3	29.18	27.86	79.0	28.68	27.86	82.7
18/06/2018 9:18:07 PM	3612165487	1013.00	25.86	27.86	108.0	26.96	27.86	97.1	29.16	27.86	79.2	28.67	27.86	82.8
18/06/2018 9:18:08 PM	3612165488	1013.00	25.88	27.85	107.8	26.97	27.85	97.1	29.18	27.85	79.0	28.71	27.85	82.5
18/06/2018 9:18:09 PM	3612165489	1013.00	25.79	27.85	108.8	26.92	27.85	97.5	29.17	27.85	79.1	28.67	27.85	82.8
18/06/2018 9:18:10 PM	3612165490	1013.00	25.82	27.85	108.4	26.94	27.85	97.3	29.16	27.85	79.2	28.70	27.85	82.6
18/06/2018 9:18:11 PM	3612165491	1013.00	25.85	27.85	108.1	26.97	27.85	97.1	29.18	27.85	79.0	28.73	27.85	82.3
18/06/2018 9:18:12 PM	3612165492	1013.00	25.83	27.85	108.3	26.93	27.85	97.4	29.17	27.85	79.1	28.73	27.85	82.3
18/06/2018 9:18:13 PM	3612165493	1013.00	25.95	27.85	107.1	26.96	27.85	97.1	29.19	27.85	79.0	28.71	27.85	82.5
18/06/2018 9:18:14 PM	3612165494	1013.00	25.87	27.86	107.9	26.96	27.86	97.1	29.14	27.86	79.3	28.74	27.86	82.3
18/06/2018 9:18:15 PM	3612165495	1013.00	26.04	27.86	106.1	26.93	27.86	97.4	29.18	27.86	79.0	28.72	27.86	82.4
18/06/2018 9:18:16 PM	3612165496	1013.00	25.95	27.86	107.1	26.96	27.86	97.1	29.16	27.86	79.2	28.72	27.86	82.4
18/06/2018 9:18:17 PM	3612165497	1013.00	25.88	27.86	107.8	26.97	27.86	97.0	29.16	27.86	79.2	28.75	27.86	82.2
18/06/2018 9:18:18 PM	3612165498	1013.00	25.94	27.86	107.2	26.96	27.86	97.1	29.17	27.86	79.1	28.76	27.86	82.1
18/06/2018 9:18:19 PM	3612165499	1013.00	25.85	27.86	108.1	26.95	27.86	97.2	29.14	27.86	79.3	28.75	27.86	82.2
18/06/2018 9:18:20 PM	3612165500	1013.00	25.92	27.85	107.4	26.93	27.85	97.4	29.15	27.85	79.2	28.77	27.85	82.0
18/06/2018 9:18:21 PM	3612165501	1013.00	25.95	27.85	107.1	26.96	27.85	97.1	29.17	27.85	79.1	28.78	27.85	82.0
18/06/2018 9:18:22 PM	3612165502	1013.00	25.93	27.85	107.3	26.98	27.85	97.0	29.17	27.85	79.1	28.77	27.85	82.0
18/06/2018 9:18:23 PM	3612165503	1013.00	25.87	27.85	107.9	26.99	27.85	96.9	29.14	27.85	79.3	28.81	27.85	81.7
18/06/2018 9:18:24 PM	3612165504	1013.00	25.86	27.85	108.0	26.96	27.85	97.1	29.13	27.85	79.4	28.80	27.85	81.8
18/06/2018 9:18:25 PM	3612165505	1013.00	25.90	27.85	107.6	26.97	27.85	97.1	29.13	27.85	79.4	28.79	27.85	81.9
18/06/2018 9:18:26 PM	3612165506	1013.00	25.84	27.85	108.2	26.93	27.85	97.4	29.14	27.85	79.3	28.82	27.85	81.7
18/06/2018 9:18:27 PM	3612165507	1013.00	26.07	27.85	105.8	26.97	27.85	97.1	29.15	27.85	79.2	28.82	27.85	81.7
18/06/2018 9:18:28 PM	3612165508	1013.00	25.85	27.85	108.1	26.95	27.85	97.2	29.12	27.85	79.5	28.81	27.85	81.7
18/06/2018 9:18:29 PM	3612165509	1013.00	25.79	27.85	108.8	26.93	27.85	97.4	29.15	27.85	79.2	28.82	27.85	81.7
18/06/2018 9:18:30 PM	3612165510	1013.00	25.86	27.85	108.0	26.95	27.85	97.2	29.13	27.85	79.4	28.83	27.85	81.6
18/06/2018 9:18:31 PM	3612165511	1013.00	25.99	27.85	106.7	26.96	27.85	97.1	29.16	27.85	79.2	28.82	27.85	81.7
18/06/2018 9:18:32 PM	3612165512	1013.00	26.03	27.85	106.2	26.96	27.85	97.1	29.14	27.85	79.3	28.86	27.85	81.4
18/06/2018 9:18:33 PM	3612165513	1013.00	26.01	27.85	106.4	26.97	27.85	97.1	29.10	27.85	79.6	28.88	27.85	81.2
18/06/2018 9:18:34 PM	3612165514	1013.00	25.83	27.85	108.3	26.97	27.85	97.1	29.10	27.85	79.6	28.89	27.85	81.1
18/06/2018 9:18:35 PM	3612165515	1013.00	25.86	27.85	108.0	26.98	27.85	97.0	29.10	27.85	79.6	28.90	27.85	81.1
18/06/2018 9:18:36 PM	3612165516	1013.00	25.92	27.85	107.4	26.97	27.85	97.1	29.09	27.85	79.7	28.89	27.85	81.1
18/06/2018 9:18:37 PM	3612165517	1013.00	25.84	27.85	108.2	26.94	27.85	97.3	29.12	27.85	79.5	28.91	27.85	81.0
18/06/2018 9:18:38 PM	3612165518	1013.00	25.86	27.85	108.0	26.93	27.85	97.4	29.12	27.85	79.5	28.92	27.85	80.9
18/06/2018 9:18:39 PM	3612165519	1013.00	25.96	27.85	107.0	26.96	27.85	97.1	29.11	27.85	79.5	28.95	27.85	80.7
18/06/2018 9:18:40 PM	3612165520	1013.00	25.97	27.85	106.9	26.95	27.85	97.2	29.10	27.85	79.6	28.97	27.85	80.6
18/06/2018 9:18:41 PM	3612165521	1013.00	25.98	27.85	106.8	26.94	27.85	97.3	29.08	27.85	79.8	28.95	27.85	80.7
18/06/2018 9:18:42 PM	3612165522	1013.00	25.85	27.85	108.1	26.96	27.85	97.1	29.09	27.85	79.7	28.99	27.85	80.4
18/06/2018 9:18:43 PM	3612165523	1013.00	25.74	27.85	109.3	26.97	27.85	97.1	29.09	27.85	79.7	28.98	27.85	80.5
18/06/2018 9:18:44 PM	3612165524	1013.00	25.86	27.85	108.0	26.97	27.85	97.1	29.09	27.85	79.7	28.99	27.85	80.4
18/06/2018 9:18:45 PM	3612165525	1013.00	25.85	27.85	108.1	26.97	27.85	97.1	29.11	27.85	79.5	29.00	27.85	80.3
18/06/2018 9:18:46 PM	3612165526	1013.00	25.79	27.85	108.8	26.97	27.85	97.1	29.07	27.85	79.8	29.00	27.85	80.3
18/06/2018 9:18:47 PM	3612165527	1013.00	25.73	27.85	109.4	26.97	27.85	97.1	29.08	27.85	79.8	29.04	27.85	80.0
18/06/2018 9:18:48 PM	3612165528	1013.00	25.86	27.85	108.0	26.96	27.85	97.1	29.08	27.85	79.8	29.06	27.85	79.9
18/06/2018 9:18:49 PM	3612165529	1013.00	25.82	27.85	108.4	26.96	27.85	97.1	29.08	27.85	79.8	29.05	27.85	80.0
18/06/2018 9:18:50 PM	3612165530	1013.00	25.83	27.85	108.3	26.99	27.85	96.9	29.09	27.85	79.7	29.06	27.85	79.9
18/06/2018 9:18:51 PM	3612165531	1013.00	25.92	27.85	107.4	26.98	27.85	97.0	29.09	27.85	79.7	29.07	27.85	79.8
18/06/2018 9:18:52 PM	3612165532	1013.00	25.99	27.85	106.7	26.98	27.85	97.0	29.10	27.85	79.6	29.07	27.85	79.8
18/06/2018 9:18:53 PM	3612165533	1013.00	25.87	27.85	107.9	27.01	27.85	96.7	29.09	27.85	79.7	29.06	27.85	79.9
18/06/2018 9:18:54 PM	3612165534	1013.00	25.96	27.85	107.0	26.96	27.85	97.1	29.07	27.85	79.8	29.10	27.85	79.6
18/06/2018 9:18:55 PM	3612165535	1013.00	25.90	27.85	107.6	26.98	27.85	97.0	29.05	27.85	80.0	29.10	27.85	79.6
18/06/2018 9:18:56 PM	3612165536	1013.00	25.93	27.85	107.3	26.96	27.85	97.1	29.08	27.85	79.8	29.12	27.85	79.5
18/06/2018 9:18:57 PM	3612165537	1013.00	25.93	27.85	107.3	27.00	27.85	96.8	29.06	27.85	79.9	29.10	27.85	79.6
18/06/2018 9:18:58 PM	3612165538	1013.00	25.86	27.85	108.0	26.97	27.85	97.1	29.07	27.85	79.8	29.09	27.85	79.7
18/06/2018 9:18:59 PM	3612165539	1013.00	25.73	27.85	109.4	27.00	27.85	96.8	29.08	27.85	79.8	29.14	27.85	79.3
18/06/2018 9:19:00 PM	3612165540	1013.00	25.88	27.84	107.8	26.96	27.84	97.2	29.05	27.84	80.0	29.17	27.84	79.1
18/06/2018 9:19:01 PM	3612165541	1013.00	26.02	27.85	106.3	26.99	27.85	96.9	29.04	27.85	80.0	29.15	27.85	79.2
18/06/2018 9:19:02 PM	3612165542	1013.00	25.93	27.85	107.3	26.96	27.85	97.1	29.05	27.85	80.0	29.19	27.85	79.0
18/06/2018 9:19:03 PM	3612165543	1013.00	25.91	27.85	107.5	26.98	27.85	97.0	29.03	27.85	80.1	29.18	27.85	79.0
18/06/2018 9:19:04 PM	3612165544	1013.00	25.95	27.85	107.1	26.97	27.85	97.1	29.06	27.85	79.9	29.20	27.85	78.9
18/06/2018 9:19:05 PM	3612165545	1013.00	26.05	27.85	106.0	26.98	27.85	97.0	29.10	27.85	79.6	29.20	27.85	78.9
18/06/2018 9:19:06 PM	3612165546	1013.00	25.85	27.86	108.1	26.99	27.86	96.8	29.11	27.86	79.5	29.21	27.86	78.8
18/06/2018 9:19:07 PM	3612165547	1013.00	25.99	27.86	106.6	26.92	27.86	97.5	29.13	27.86	79.4	29.23	27.86	78.7
18/06/2018 9:19:08 PM	3612165548	1013.00	26.02	27.86	106.3	26.97	27.86	97.0	29.14	27.86	79.3	29.22	27.86	78.7
18/06/2018 9:19:09 PM	3612165549	1013.00	25.99	27.86	106.6	27.01	27.86	96.7	29.13	27.86	79.4	29.24	27.86	78.6
18/06/2018 9:19:10 PM	3612165550	1013.00	25.83	27.86	108.3	27.08	27.86	96.0	29.14	27.86	79.3	29.25	27.86	78.5
18/06/2018 9:19:11 PM	3612165551	1013.00	25.82	27.86	108.4	27.06	27.86	96.2	29.18	27.86	79.0	29.26	27.86	78.4
18/06/2018 9:19:12 PM	3612165552	1013.00	25.96	27.85	107.0	27.08	27.85	96.0	29.15	27.85	79.2	29.28	27.85	78.3
18/06/2018 9:19:13 PM	3612165553	1013.00	25.78	27.85	108.9	27.16	27.85	95.3	29.17	27.85	79.1	29.28	27.85	78.3
18/06/2018 9:19:14 PM	3612165554	1013.00	25.83	27.85	108.3	27.18	27.85	95.1	29.16	27.85	79.2	29.28	27.85	78.3
18/06/2018 9:19:15 PM	3612165555	1013.00	25.82	27.84	108.5	27.18	27.84	95.2	29.18	27.84	79.0	29.29	27.84	78.3
18/06/2018 9:19:16 PM	3612165556	1013.00	25.91	27.85	107.5	27.21	27.85	94.9	29.19	27.85	79.0	29.32	27.85	78.0
18/06/2018 9:19:17 PM	3612165557	1013.00	25.79	27.85	108.8	27.27	27.85	94.3	29.19	27.85	79.0	29.33	27.85	78.0
18/06/2018 9:19:18 PM	3612165558	1013.00	25.83	27.85	108.3	27.27	27.85	94.3	29.20	27.85	78.9	29.36	27.85	77.8
18/06/2018 9:19:19 PM	3612165559	1013.00	25.88	27.85	107.8	27.33	27.85	93.8	29.18	27.85	79.0	29.35	27.85	77.8
18/06/2018 9:19:20 PM	3612165560	1013.00	25.95	27.86	107.1	27.35	27.86	93.6	29.21	27.86	78.8	29.37	27.86	77.7
18/06/2018 9:19:21 PM	3612165561	1013.00	25.95	27.85	107.1	27.36	27.85	93.5	29.21	27.85	78.8	29.37	27.85	77.7
18/06/2018 9:19:22 PM	3612165562	1013.00	25.84	27.85	108.2	27.39	27.85	93.3	29.24	27.85	78.6	29.39	27.85	77.5
18/06/2018 9:19:23 PM	3612165563	1013.00	25.79	27.84	108.8	27.42	27.84	93.0	29.23	27.84	78.7	29.39	27.84	77.6
18/06/2018 9:19:24 PM	3612165564	1013.00	25.99	27.85	106.7	27.42	27.85	93.0	29.29	27.85	78.2	29.43	27.85	77.3
18/06/2018 9:19:25 PM	3612165565	1013.00	25.78	27.85	108.9	27.43	27.85	92.9	29.25	27.85	78.5	29.41	27.85	77.4
18/06/2018 9:19:26 PM	3612165566	1013.00	25.86	27.85	108.0	27.45	27.85	92.7	29.28	27.85	78.3	29.44	27.85	77.2
18/06/2018 9:19:27 PM	3612165567	1013.00	25.92	27.85	107.4	27.51	27.85	92.2	29.27	27.85	78.4	29.46	27.85	77.1
18/06/2018 9:19:28 PM	3612165568	1013.00	25.83	27.85	108.3	27.51	27.85	92.2	29.30	27.85	78.2	29.45	27.85	77.1
18/06/2018 9:19:29 PM	3612165569	1013.00	26.00	27.84	106.6	27.54	27.84	92.0	29.31	27.84	78.1	29.45	27.84	77.1
18/06/2018 9:19:30 PM	3612165570	1013.00	25.89	27.84	107.7	27.59	27.84	91.5	29.32	27.84	78.0	29.47	27.84	77.0
18/06/2018 9:19:31 PM	3612165571	1013.00	25.88	27.84	107.8	27.62	27.84	91.3	29.32	27.84	78.0	29.47	27.84	77.0
18/06/2018 9:19:32 PM	3612165572	1013.00	25.98	27.84	106.8	27.67	27.84	90.9	29.32	27.84	78.0	29.51	27.84	76.7
18/06/2018 9:19:33 PM	3612165573	1013.00	25.93	27.84	107.3	27.69	27.84	90.7	29.33	27.84	78.0	29.53	27.84	76.6
