Date & time of file creation	10/06/2018 7:52 PM													
Data file path	C:\Users\ameli\Desktop\Luke Strasiotto\10062018\Old_5.txt													
														
														
CALIBRATION DATA														
Parameter/Channel	N moving average	LO phase [r.U.]	HI phase [r.U.]	LO oxygen [%air saturation]	HI oxygen [%air saturation]	LO temperature [°C]	HI temperature [°C]	Salinity [‰]						
S WOT 0041 000001   , CH 1	1	59.67	27.50	0.00	100.00	27.64	27.66	0.000						
S WOT 0041 000001   , CH 2	1	59.67	27.50	0.00	100.00	27.64	27.66	0.000						
S WOT 0041 000001   , CH 3	1	59.67	27.50	0.00	100.00	27.30	27.66	0.000						
S WOT 0041 000001   , CH 4	1	59.67	27.50	0.00	100.00	27.64	27.66	0.000						
														
														
Date &Time [DD-MM-YYYY HH:MM:SS]	Time stamp code	Barometric pressure [hPa]	S WOT 0041 000001   , CH 1 phase [r.U.]	S WOT 0041 000001   , CH 1 temp [°C]	S WOT 0041 000001   , CH 1 O2 [% air saturation]	S WOT 0041 000001   , CH 2 phase [r.U.]	S WOT 0041 000001   , CH 2 temp [°C]	S WOT 0041 000001   , CH 2 O2 [% air saturation]	S WOT 0041 000001   , CH 3 phase [r.U.]	S WOT 0041 000001   , CH 3 temp [°C]	S WOT 0041 000001   , CH 3 O2 [% air saturation]	S WOT 0041 000001   , CH 4 phase [r.U.]	S WOT 0041 000001   , CH 4 temp [°C]	S WOT 0041 000001   , CH 4 O2 [% air saturation]
10/06/2018 7:53:04 PM	3611469184	1013.00	26.95	28.01	104.7	27.20	28.01	102.2	27.10	28.01	103.2	NaN	28.01	NaN
10/06/2018 7:53:05 PM	3611469185	1013.00	26.92	28.01	105.0	27.21	28.01	102.1	27.10	28.01	103.2	NaN	28.01	NaN
10/06/2018 7:53:06 PM	3611469186	1013.00	26.94	28.02	104.8	27.21	28.02	102.1	27.07	28.02	103.5	NaN	28.02	NaN
10/06/2018 7:53:07 PM	3611469187	1013.00	26.93	28.02	104.9	27.20	28.02	102.2	27.08	28.02	103.4	NaN	28.02	NaN
10/06/2018 7:53:08 PM	3611469188	1013.00	26.93	28.02	104.9	27.22	28.02	102.0	27.08	28.02	103.4	NaN	28.02	NaN
10/06/2018 7:53:09 PM	3611469189	1013.00	26.92	28.02	105.0	27.18	28.02	102.4	27.06	28.02	103.6	NaN	28.02	NaN
10/06/2018 7:53:10 PM	3611469190	1013.00	26.93	28.02	104.9	27.20	28.02	102.2	27.11	28.02	103.1	NaN	28.02	NaN
10/06/2018 7:53:11 PM	3611469191	1013.00	26.94	28.01	104.8	27.19	28.01	102.3	27.07	28.01	103.5	NaN	28.01	NaN
10/06/2018 7:53:12 PM	3611469192	1013.00	26.92	28.01	105.0	27.20	28.01	102.2	27.05	28.01	103.7	NaN	28.01	NaN
10/06/2018 7:53:13 PM	3611469193	1013.00	26.94	28.01	104.8	27.19	28.01	102.3	27.06	28.01	103.6	NaN	28.01	NaN
10/06/2018 7:53:14 PM	3611469194	1013.00	26.92	28.01	105.0	27.22	28.01	102.0	27.09	28.01	103.3	NaN	28.01	NaN
10/06/2018 7:53:15 PM	3611469195	1013.00	26.91	28.01	105.1	27.20	28.01	102.2	27.09	28.01	103.3	NaN	28.01	NaN
10/06/2018 7:53:16 PM	3611469196	1013.00	26.94	28.01	104.8	27.17	28.01	102.5	27.08	28.01	103.4	NaN	28.01	NaN
10/06/2018 7:53:17 PM	3611469197	1013.00	26.90	28.00	105.2	27.20	28.00	102.3	27.08	28.00	103.4	NaN	28.00	NaN
10/06/2018 7:53:18 PM	3611469198	1013.00	26.93	27.99	104.9	27.23	27.99	102.0	27.05	27.99	103.7	NaN	27.99	NaN
10/06/2018 7:53:19 PM	3611469199	1013.00	26.93	28.00	104.9	27.23	28.00	102.0	27.07	28.00	103.5	NaN	28.00	NaN
10/06/2018 7:53:20 PM	3611469200	1013.00	26.93	27.99	104.9	27.19	27.99	102.4	27.08	27.99	103.4	NaN	27.99	NaN
10/06/2018 7:53:21 PM	3611469201	1013.00	26.91	28.00	105.1	27.23	28.00	102.0	27.11	28.00	103.1	NaN	28.00	NaN
10/06/2018 7:53:22 PM	3611469202	1013.00	26.92	28.00	105.0	27.22	28.00	102.1	27.06	28.00	103.6	NaN	28.00	NaN
10/06/2018 7:53:23 PM	3611469203	1013.00	26.93	28.00	104.9	27.24	28.00	101.9	27.08	28.00	103.4	NaN	28.00	NaN
10/06/2018 7:53:24 PM	3611469204	1013.00	26.94	27.99	104.8	27.16	27.99	102.7	27.08	27.99	103.4	NaN	27.99	NaN
10/06/2018 7:53:25 PM	3611469205	1013.00	26.94	27.99	104.8	27.19	27.99	102.4	27.08	27.99	103.4	NaN	27.99	NaN
10/06/2018 7:53:26 PM	3611469206	1013.00	26.91	27.99	105.1	27.19	27.99	102.4	27.05	27.99	103.7	NaN	27.99	NaN
10/06/2018 7:53:27 PM	3611469207	1013.00	26.93	27.99	104.9	27.17	27.99	102.6	27.04	27.99	103.8	NaN	27.99	NaN
10/06/2018 7:53:28 PM	3611469208	1013.00	26.93	27.99	104.9	27.18	27.99	102.5	27.07	27.99	103.5	NaN	27.99	NaN
10/06/2018 7:53:29 PM	3611469209	1013.00	26.93	28.00	104.9	27.22	28.00	102.1	27.08	28.00	103.4	NaN	28.00	NaN
10/06/2018 7:53:30 PM	3611469210	1013.00	26.95	28.00	104.7	27.20	28.00	102.3	27.10	28.00	103.2	NaN	28.00	NaN
10/06/2018 7:53:31 PM	3611469211	1013.00	26.91	28.00	105.1	27.24	28.00	101.9	27.03	28.00	103.9	NaN	28.00	NaN
10/06/2018 7:53:32 PM	3611469212	1013.00	26.96	28.00	104.6	27.21	28.00	102.2	27.07	28.00	103.5	NaN	28.00	NaN
10/06/2018 7:53:33 PM	3611469213	1013.00	26.94	28.00	104.8	27.19	28.00	102.4	27.08	28.00	103.4	NaN	28.00	NaN
10/06/2018 7:53:34 PM	3611469214	1013.00	26.91	27.99	105.1	27.21	27.99	102.2	27.09	27.99	103.3	NaN	27.99	NaN
10/06/2018 7:53:35 PM	3611469215	1013.00	26.92	27.98	105.0	27.20	27.98	102.3	27.07	27.98	103.6	NaN	27.98	NaN
10/06/2018 7:53:36 PM	3611469216	1013.00	26.95	27.99	104.7	27.21	27.99	102.2	27.04	27.99	103.8	NaN	27.99	NaN
10/06/2018 7:53:37 PM	3611469217	1013.00	26.92	28.00	105.0	27.21	28.00	102.2	27.04	28.00	103.8	NaN	28.00	NaN
10/06/2018 7:53:38 PM	3611469218	1013.00	26.91	28.00	105.1	27.19	28.00	102.4	27.07	28.00	103.5	NaN	28.00	NaN
10/06/2018 7:53:39 PM	3611469219	1013.00	26.93	28.00	104.9	27.17	28.00	102.5	27.11	28.00	103.1	NaN	28.00	NaN
10/06/2018 7:53:40 PM	3611469220	1013.00	26.96	28.01	104.6	27.20	28.01	102.2	27.05	28.01	103.7	NaN	28.01	NaN
10/06/2018 7:53:41 PM	3611469221	1013.00	26.94	28.00	104.8	27.22	28.00	102.1	27.06	28.00	103.6	NaN	28.00	NaN
10/06/2018 7:53:42 PM	3611469222	1013.00	26.93	28.00	104.9	27.20	28.00	102.3	27.07	28.00	103.5	NaN	28.00	NaN
10/06/2018 7:53:43 PM	3611469223	1013.00	26.94	27.99	104.8	27.18	27.99	102.5	27.08	27.99	103.4	NaN	27.99	NaN
10/06/2018 7:53:44 PM	3611469224	1013.00	26.92	28.00	105.0	27.18	28.00	102.5	27.08	28.00	103.4	NaN	28.00	NaN
10/06/2018 7:53:45 PM	3611469225	1013.00	26.92	27.99	105.0	27.20	27.99	102.3	27.06	27.99	103.6	NaN	27.99	NaN
10/06/2018 7:53:46 PM	3611469226	1013.00	26.95	27.99	104.7	27.23	27.99	102.0	27.04	27.99	103.8	NaN	27.99	NaN
10/06/2018 7:53:47 PM	3611469227	1013.00	26.90	27.99	105.2	27.18	27.99	102.5	27.08	27.99	103.4	NaN	27.99	NaN
10/06/2018 7:53:48 PM	3611469228	1013.00	26.94	27.98	104.8	27.19	27.98	102.4	27.09	27.98	103.4	NaN	27.98	NaN
10/06/2018 7:53:49 PM	3611469229	1013.00	26.92	27.99	105.0	27.22	27.99	102.1	27.06	27.99	103.6	NaN	27.99	NaN
10/06/2018 7:53:50 PM	3611469230	1013.00	26.91	27.99	105.1	27.21	27.99	102.2	27.07	27.99	103.5	NaN	27.99	NaN
10/06/2018 7:53:51 PM	3611469231	1013.00	26.92	28.00	105.0	27.16	28.00	102.6	27.08	28.00	103.4	NaN	28.00	NaN
10/06/2018 7:53:52 PM	3611469232	1013.00	26.92	28.00	105.0	27.16	28.00	102.6	27.08	28.00	103.4	NaN	28.00	NaN
10/06/2018 7:53:53 PM	3611469233	1013.00	26.94	27.99	104.8	27.21	27.99	102.2	27.08	27.99	103.4	NaN	27.99	NaN
10/06/2018 7:53:54 PM	3611469234	1013.00	26.94	28.00	104.8	27.19	28.00	102.4	27.06	28.00	103.6	NaN	28.00	NaN
10/06/2018 7:53:55 PM	3611469235	1013.00	26.91	28.00	105.1	27.19	28.00	102.4	27.07	28.00	103.5	NaN	28.00	NaN
10/06/2018 7:53:56 PM	3611469236	1013.00	26.92	27.99	105.0	27.17	27.99	102.6	27.09	27.99	103.3	NaN	27.99	NaN
10/06/2018 7:53:57 PM	3611469237	1013.00	26.95	27.99	104.7	27.17	27.99	102.6	27.06	27.99	103.6	NaN	27.99	NaN
10/06/2018 7:53:58 PM	3611469238	1013.00	26.93	28.00	104.9	27.19	28.00	102.4	27.12	28.00	103.0	NaN	28.00	NaN
10/06/2018 7:53:59 PM	3611469239	1013.00	26.91	27.99	105.1	27.19	27.99	102.4	27.08	27.99	103.4	NaN	27.99	NaN
10/06/2018 7:54:00 PM	3611469240	1013.00	26.93	28.00	104.9	27.18	28.00	102.5	27.06	28.00	103.6	NaN	28.00	NaN
10/06/2018 7:54:01 PM	3611469241	1013.00	26.91	28.00	105.1	27.21	28.00	102.2	27.09	28.00	103.3	NaN	28.00	NaN
10/06/2018 7:54:02 PM	3611469242	1013.00	26.91	28.00	105.1	27.20	28.00	102.3	27.07	28.00	103.5	NaN	28.00	NaN
10/06/2018 7:54:03 PM	3611469243	1013.00	26.92	28.01	105.0	27.20	28.01	102.2	27.09	28.01	103.3	NaN	28.01	NaN
10/06/2018 7:54:04 PM	3611469244	1013.00	26.93	28.00	104.9	27.19	28.00	102.4	27.07	28.00	103.5	NaN	28.00	NaN
10/06/2018 7:54:05 PM	3611469245	1013.00	26.94	28.00	104.8	27.19	28.00	102.4	27.07	28.00	103.5	NaN	28.00	NaN
10/06/2018 7:54:06 PM	3611469246	1013.00	26.95	28.00	104.7	27.19	28.00	102.4	27.08	28.00	103.4	NaN	28.00	NaN
10/06/2018 7:54:07 PM	3611469247	1013.00	26.94	27.99	104.8	27.18	27.99	102.5	27.09	27.99	103.3	NaN	27.99	NaN
10/06/2018 7:54:08 PM	3611469248	1013.00	26.94	28.00	104.8	27.19	28.00	102.4	27.09	28.00	103.3	NaN	28.00	NaN
10/06/2018 7:54:09 PM	3611469249	1013.00	26.94	28.00	104.8	27.20	28.00	102.3	27.08	28.00	103.4	NaN	28.00	NaN
10/06/2018 7:54:10 PM	3611469250	1013.00	26.94	28.00	104.8	27.23	28.00	102.0	27.09	28.00	103.3	NaN	28.00	NaN
10/06/2018 7:54:11 PM	3611469251	1013.00	26.92	28.00	105.0	27.18	28.00	102.5	27.07	28.00	103.5	NaN	28.00	NaN
10/06/2018 7:54:12 PM	3611469252	1013.00	26.92	28.00	105.0	27.16	28.00	102.6	27.05	28.00	103.7	NaN	28.00	NaN
10/06/2018 7:54:13 PM	3611469253	1013.00	26.91	27.99	105.1	27.20	27.99	102.3	27.10	27.99	103.2	NaN	27.99	NaN
10/06/2018 7:54:14 PM	3611469254	1013.00	26.92	27.99	105.0	27.20	27.99	102.3	27.07	27.99	103.5	NaN	27.99	NaN
10/06/2018 7:54:15 PM	3611469255	1013.00	26.95	27.98	104.7	27.21	27.98	102.2	27.06	27.98	103.7	NaN	27.98	NaN
10/06/2018 7:54:16 PM	3611469256	1013.00	26.93	27.98	104.9	27.19	27.98	102.4	27.10	27.98	103.3	NaN	27.98	NaN
10/06/2018 7:54:17 PM	3611469257	1013.00	26.93	27.99	104.9	27.21	27.99	102.2	27.09	27.99	103.3	NaN	27.99	NaN
10/06/2018 7:54:18 PM	3611469258	1013.00	26.95	28.00	104.7	27.21	28.00	102.2	27.07	28.00	103.5	NaN	28.00	NaN
10/06/2018 7:54:19 PM	3611469259	1013.00	26.93	28.01	104.9	27.20	28.01	102.2	27.12	28.01	103.0	NaN	28.01	NaN
10/06/2018 7:54:20 PM	3611469260	1013.00	26.94	28.01	104.8	27.19	28.01	102.3	27.08	28.01	103.4	NaN	28.01	NaN
10/06/2018 7:54:21 PM	3611469261	1013.00	26.92	28.01	105.0	27.22	28.01	102.0	27.05	28.01	103.7	NaN	28.01	NaN
10/06/2018 7:54:22 PM	3611469262	1013.00	26.93	28.00	104.9	27.20	28.00	102.3	27.09	28.00	103.3	NaN	28.00	NaN
10/06/2018 7:54:23 PM	3611469263	1013.00	26.96	27.99	104.6	27.23	27.99	102.0	27.07	27.99	103.5	NaN	27.99	NaN
10/06/2018 7:54:24 PM	3611469264	1013.00	26.95	27.99	104.7	27.22	27.99	102.1	27.09	27.99	103.3	NaN	27.99	NaN
10/06/2018 7:54:25 PM	3611469265	1013.00	26.96	28.00	104.6	27.20	28.00	102.3	27.07	28.00	103.5	NaN	28.00	NaN
10/06/2018 7:54:26 PM	3611469266	1013.00	26.96	28.00	104.6	27.21	28.00	102.2	27.09	28.00	103.3	NaN	28.00	NaN
10/06/2018 7:54:27 PM	3611469267	1013.00	26.93	27.99	104.9	27.19	27.99	102.4	27.07	27.99	103.5	NaN	27.99	NaN
10/06/2018 7:54:28 PM	3611469268	1013.00	26.96	28.00	104.6	27.21	28.00	102.2	27.10	28.00	103.2	NaN	28.00	NaN
10/06/2018 7:54:29 PM	3611469269	1013.00	26.94	28.00	104.8	27.24	28.00	101.9	27.10	28.00	103.2	NaN	28.00	NaN
10/06/2018 7:54:30 PM	3611469270	1013.00	26.95	28.00	104.7	27.22	28.00	102.1	27.10	28.00	103.2	NaN	28.00	NaN
10/06/2018 7:54:31 PM	3611469271	1013.00	26.96	27.99	104.6	27.23	27.99	102.0	27.05	27.99	103.7	NaN	27.99	NaN
10/06/2018 7:54:32 PM	3611469272	1013.00	26.93	28.00	104.9	27.22	28.00	102.1	27.10	28.00	103.2	NaN	28.00	NaN
10/06/2018 7:54:33 PM	3611469273	1013.00	26.95	28.00	104.7	27.24	28.00	101.9	27.08	28.00	103.4	NaN	28.00	NaN
10/06/2018 7:54:34 PM	3611469274	1013.00	26.95	27.99	104.7	27.25	27.99	101.8	27.10	27.99	103.2	NaN	27.99	NaN
10/06/2018 7:54:35 PM	3611469275	1013.00	26.96	27.99	104.6	27.24	27.99	101.9	27.09	27.99	103.3	NaN	27.99	NaN
10/06/2018 7:54:36 PM	3611469276	1013.00	26.95	28.00	104.7	27.21	28.00	102.2	27.04	28.00	103.8	NaN	28.00	NaN
10/06/2018 7:54:37 PM	3611469277	1013.00	26.95	27.98	104.7	27.25	27.98	101.8	27.11	27.98	103.2	NaN	27.98	NaN
10/06/2018 7:54:38 PM	3611469278	1013.00	26.96	27.99	104.6	27.23	27.99	102.0	27.11	27.99	103.2	NaN	27.99	NaN
10/06/2018 7:54:39 PM	3611469279	1013.00	26.95	28.00	104.7	27.21	28.00	102.2	27.08	28.00	103.4	NaN	28.00	NaN
10/06/2018 7:54:40 PM	3611469280	1013.00	26.96	27.99	104.6	27.22	27.99	102.1	27.09	27.99	103.3	NaN	27.99	NaN
10/06/2018 7:54:41 PM	3611469281	1013.00	26.94	28.00	104.8	27.21	28.00	102.2	27.11	28.00	103.1	NaN	28.00	NaN
10/06/2018 7:54:42 PM	3611469282	1013.00	26.94	28.00	104.8	27.24	28.00	101.9	27.11	28.00	103.1	NaN	28.00	NaN
10/06/2018 7:54:43 PM	3611469283	1013.00	26.96	28.00	104.6	27.22	28.00	102.1	27.11	28.00	103.1	NaN	28.00	NaN
10/06/2018 7:54:44 PM	3611469284	1013.00	26.98	28.00	104.4	27.21	28.00	102.2	27.08	28.00	103.4	NaN	28.00	NaN
10/06/2018 7:54:45 PM	3611469285	1013.00	26.95	28.00	104.7	27.25	28.00	101.8	27.10	28.00	103.2	NaN	28.00	NaN
10/06/2018 7:54:46 PM	3611469286	1013.00	26.96	28.00	104.6	27.25	28.00	101.8	27.14	28.00	102.8	NaN	28.00	NaN
10/06/2018 7:54:47 PM	3611469287	1013.00	26.95	28.00	104.7	27.23	28.00	102.0	27.09	28.00	103.3	NaN	28.00	NaN
10/06/2018 7:54:48 PM	3611469288	1013.00	26.93	28.00	104.9	27.21	28.00	102.2	27.06	28.00	103.6	NaN	28.00	NaN
10/06/2018 7:54:49 PM	3611469289	1013.00	26.97	28.00	104.5	27.24	28.00	101.9	27.08	28.00	103.4	NaN	28.00	NaN
10/06/2018 7:54:50 PM	3611469290	1013.00	26.97	28.00	104.5	27.19	28.00	102.4	27.10	28.00	103.2	NaN	28.00	NaN
10/06/2018 7:54:51 PM	3611469291	1013.00	26.97	28.00	104.5	27.27	28.00	101.6	27.11	28.00	103.1	NaN	28.00	NaN
10/06/2018 7:54:52 PM	3611469292	1013.00	26.97	28.00	104.5	27.23	28.00	102.0	27.09	28.00	103.3	NaN	28.00	NaN
10/06/2018 7:54:53 PM	3611469293	1013.00	26.99	28.00	104.3	27.24	28.00	101.9	27.10	28.00	103.2	NaN	28.00	NaN
10/06/2018 7:54:54 PM	3611469294	1013.00	26.99	28.01	104.3	27.25	28.01	101.8	27.07	28.01	103.5	NaN	28.01	NaN
10/06/2018 7:54:55 PM	3611469295	1013.00	26.98	28.01	104.4	27.21	28.01	102.1	27.10	28.01	103.2	NaN	28.01	NaN
10/06/2018 7:54:56 PM	3611469296	1013.00	26.97	28.01	104.5	27.24	28.01	101.9	27.08	28.01	103.4	NaN	28.01	NaN
10/06/2018 7:54:57 PM	3611469297	1013.00	26.95	28.02	104.7	27.29	28.02	101.4	27.09	28.02	103.3	NaN	28.02	NaN
10/06/2018 7:54:58 PM	3611469298	1013.00	26.98	28.02	104.4	27.28	28.02	101.5	27.07	28.02	103.5	NaN	28.02	NaN
10/06/2018 7:54:59 PM	3611469299	1013.00	26.95	28.01	104.7	27.26	28.01	101.7	27.06	28.01	103.6	NaN	28.01	NaN
10/06/2018 7:55:00 PM	3611469300	1013.00	26.97	28.01	104.5	27.23	28.01	102.0	27.09	28.01	103.3	NaN	28.01	NaN
10/06/2018 7:55:01 PM	3611469301	1013.00	26.98	28.01	104.4	27.24	28.01	101.9	27.06	28.01	103.6	NaN	28.01	NaN
10/06/2018 7:55:02 PM	3611469302	1013.00	26.98	28.00	104.4	27.26	28.00	101.7	27.10	28.00	103.2	NaN	28.00	NaN
10/06/2018 7:55:03 PM	3611469303	1013.00	26.98	28.00	104.4	27.23	28.00	102.0	27.07	28.00	103.5	NaN	28.00	NaN
10/06/2018 7:55:04 PM	3611469304	1013.00	26.97	28.01	104.5	27.24	28.01	101.9	27.07	28.01	103.5	NaN	28.01	NaN
10/06/2018 7:55:05 PM	3611469305	1013.00	26.98	28.00	104.4	27.22	28.00	102.1	27.11	28.00	103.1	NaN	28.00	NaN
10/06/2018 7:55:06 PM	3611469306	1013.00	26.97	28.00	104.5	27.24	28.00	101.9	27.09	28.00	103.3	NaN	28.00	NaN
10/06/2018 7:55:07 PM	3611469307	1013.00	26.99	28.00	104.3	27.27	28.00	101.6	27.12	28.00	103.0	NaN	28.00	NaN
10/06/2018 7:55:08 PM	3611469308	1013.00	26.97	27.99	104.5	27.23	27.99	102.0	27.08	27.99	103.4	NaN	27.99	NaN
10/06/2018 7:55:09 PM	3611469309	1013.00	26.99	27.99	104.3	27.26	27.99	101.7	27.11	27.99	103.2	NaN	27.99	NaN
10/06/2018 7:55:10 PM	3611469310	1013.00	26.98	27.99	104.4	27.26	27.99	101.7	27.11	27.99	103.2	NaN	27.99	NaN
10/06/2018 7:55:11 PM	3611469311	1013.00	26.97	27.98	104.5	27.24	27.98	101.9	27.10	27.98	103.3	NaN	27.98	NaN
10/06/2018 7:55:12 PM	3611469312	1013.00	26.98	27.98	104.5	27.21	27.98	102.2	27.09	27.98	103.4	NaN	27.98	NaN
10/06/2018 7:55:13 PM	3611469313	1013.00	26.98	27.98	104.5	27.24	27.98	101.9	27.09	27.98	103.4	NaN	27.98	NaN
10/06/2018 7:55:14 PM	3611469314	1013.00	26.97	27.98	104.5	27.25	27.98	101.8	27.15	27.98	102.8	NaN	27.98	NaN
10/06/2018 7:55:15 PM	3611469315	1013.00	27.02	27.99	104.0	27.27	27.99	101.6	27.12	27.99	103.1	NaN	27.99	NaN
10/06/2018 7:55:16 PM	3611469316	1013.00	26.97	27.99	104.5	27.25	27.99	101.8	27.08	27.99	103.4	NaN	27.99	NaN
10/06/2018 7:55:17 PM	3611469317	1013.00	26.98	27.99	104.4	27.26	27.99	101.7	27.13	27.99	103.0	NaN	27.99	NaN
10/06/2018 7:55:18 PM	3611469318	1013.00	26.98	28.00	104.4	27.27	28.00	101.6	27.11	28.00	103.1	NaN	28.00	NaN
10/06/2018 7:55:19 PM	3611469319	1013.00	26.97	28.00	104.5	27.25	28.00	101.8	27.10	28.00	103.2	NaN	28.00	NaN
10/06/2018 7:55:20 PM	3611469320	1013.00	26.99	28.00	104.3	27.22	28.00	102.1	27.11	28.00	103.1	NaN	28.00	NaN
10/06/2018 7:55:21 PM	3611469321	1013.00	26.98	27.99	104.4	27.26	27.99	101.7	27.13	27.99	103.0	NaN	27.99	NaN
10/06/2018 7:55:22 PM	3611469322	1013.00	26.97	27.99	104.5	27.25	27.99	101.8	27.12	27.99	103.1	NaN	27.99	NaN
10/06/2018 7:55:23 PM	3611469323	1013.00	27.01	28.00	104.1	27.27	28.00	101.6	27.12	28.00	103.0	NaN	28.00	NaN
10/06/2018 7:55:24 PM	3611469324	1013.00	26.99	27.99	104.3	27.27	27.99	101.6	27.12	27.99	103.1	NaN	27.99	NaN
10/06/2018 7:55:25 PM	3611469325	1013.00	26.97	28.00	104.5	27.26	28.00	101.7	27.12	28.00	103.0	NaN	28.00	NaN
10/06/2018 7:55:26 PM	3611469326	1013.00	26.96	28.01	104.6	27.27	28.01	101.6	27.13	28.01	102.9	NaN	28.01	NaN
10/06/2018 7:55:27 PM	3611469327	1013.00	26.99	28.01	104.3	27.28	28.01	101.5	27.15	28.01	102.7	NaN	28.01	NaN
10/06/2018 7:55:28 PM	3611469328	1013.00	26.99	28.01	104.3	27.28	28.01	101.5	27.12	28.01	103.0	NaN	28.01	NaN
10/06/2018 7:55:29 PM	3611469329	1013.00	26.99	28.02	104.3	27.24	28.02	101.8	27.15	28.02	102.7	NaN	28.02	NaN
10/06/2018 7:55:30 PM	3611469330	1013.00	26.99	28.01	104.3	27.26	28.01	101.7	27.14	28.01	102.8	NaN	28.01	NaN
10/06/2018 7:55:31 PM	3611469331	1013.00	26.99	28.01	104.3	27.28	28.01	101.5	27.14	28.01	102.8	NaN	28.01	NaN
10/06/2018 7:55:32 PM	3611469332	1013.00	26.98	28.01	104.4	27.25	28.01	101.8	27.14	28.01	102.8	NaN	28.01	NaN
10/06/2018 7:55:33 PM	3611469333	1013.00	26.99	28.00	104.3	27.31	28.00	101.2	27.17	28.00	102.5	NaN	28.00	NaN
10/06/2018 7:55:34 PM	3611469334	1013.00	26.97	28.00	104.5	27.26	28.00	101.7	27.19	28.00	102.4	NaN	28.00	NaN
10/06/2018 7:55:35 PM	3611469335	1013.00	26.97	27.99	104.5	27.27	27.99	101.6	27.20	27.99	102.3	NaN	27.99	NaN
10/06/2018 7:55:36 PM	3611469336	1013.00	26.99	27.99	104.3	27.25	27.99	101.8	27.14	27.99	102.9	NaN	27.99	NaN
10/06/2018 7:55:37 PM	3611469337	1013.00	26.99	27.99	104.3	27.28	27.99	101.5	27.17	27.99	102.6	NaN	27.99	NaN
10/06/2018 7:55:38 PM	3611469338	1013.00	26.98	27.99	104.4	27.27	27.99	101.6	27.13	27.99	103.0	NaN	27.99	NaN
10/06/2018 7:55:39 PM	3611469339	1013.00	26.97	27.99	104.5	27.28	27.99	101.5	27.19	27.99	102.4	NaN	27.99	NaN
10/06/2018 7:55:40 PM	3611469340	1013.00	27.02	27.99	104.0	27.26	27.99	101.7	27.13	27.99	103.0	NaN	27.99	NaN
10/06/2018 7:55:41 PM	3611469341	1013.00	27.00	27.99	104.2	27.29	27.99	101.4	27.16	27.99	102.7	NaN	27.99	NaN
10/06/2018 7:55:42 PM	3611469342	1013.00	26.99	28.00	104.3	27.27	28.00	101.6	27.17	28.00	102.5	NaN	28.00	NaN
10/06/2018 7:55:43 PM	3611469343	1013.00	27.02	27.99	104.0	27.27	27.99	101.6	27.19	27.99	102.4	NaN	27.99	NaN
10/06/2018 7:55:44 PM	3611469344	1013.00	27.03	27.98	104.0	27.27	27.98	101.6	27.23	27.98	102.0	NaN	27.98	NaN
10/06/2018 7:55:45 PM	3611469345	1013.00	26.98	27.99	104.4	27.28	27.99	101.5	27.17	27.99	102.6	NaN	27.99	NaN
10/06/2018 7:55:46 PM	3611469346	1013.00	27.02	27.99	104.0	27.28	27.99	101.5	27.16	27.99	102.7	NaN	27.99	NaN
10/06/2018 7:55:47 PM	3611469347	1013.00	27.00	27.99	104.2	27.27	27.99	101.6	27.16	27.99	102.7	NaN	27.99	NaN
10/06/2018 7:55:48 PM	3611469348	1013.00	27.02	27.99	104.0	27.28	27.99	101.5	27.20	27.99	102.3	NaN	27.99	NaN
10/06/2018 7:55:49 PM	3611469349	1013.00	27.00	27.99	104.2	27.31	27.99	101.2	27.19	27.99	102.4	NaN	27.99	NaN
10/06/2018 7:55:50 PM	3611469350	1013.00	26.99	27.98	104.4	27.29	27.98	101.4	27.20	27.98	102.3	NaN	27.98	NaN
10/06/2018 7:55:51 PM	3611469351	1013.00	26.99	27.98	104.4	27.29	27.98	101.4	27.20	27.98	102.3	NaN	27.98	NaN
10/06/2018 7:55:52 PM	3611469352	1013.00	27.01	27.98	104.2	27.30	27.98	101.3	27.16	27.98	102.7	NaN	27.98	NaN
10/06/2018 7:55:53 PM	3611469353	1013.00	27.02	27.98	104.1	27.30	27.98	101.3	27.23	27.98	102.0	NaN	27.98	NaN
10/06/2018 7:55:54 PM	3611469354	1013.00	27.02	27.99	104.0	27.29	27.99	101.4	27.22	27.99	102.1	NaN	27.99	NaN
10/06/2018 7:55:55 PM	3611469355	1013.00	27.02	27.99	104.0	27.29	27.99	101.4	27.21	27.99	102.2	NaN	27.99	NaN
10/06/2018 7:55:56 PM	3611469356	1013.00	27.02	28.00	104.0	27.27	28.00	101.6	27.26	28.00	101.7	NaN	28.00	NaN
10/06/2018 7:55:57 PM	3611469357	1013.00	27.01	28.00	104.1	27.29	28.00	101.4	27.22	28.00	102.1	NaN	28.00	NaN
10/06/2018 7:55:58 PM	3611469358	1013.00	27.02	27.99	104.0	27.29	27.99	101.4	27.21	27.99	102.2	NaN	27.99	NaN
10/06/2018 7:55:59 PM	3611469359	1013.00	27.02	27.98	104.1	27.30	27.98	101.3	27.27	27.98	101.6	NaN	27.98	NaN
10/06/2018 7:56:00 PM	3611469360	1013.00	27.01	27.97	104.2	27.24	27.97	101.9	27.19	27.97	102.4	NaN	27.97	NaN
10/06/2018 7:56:01 PM	3611469361	1013.00	26.99	27.97	104.4	27.31	27.97	101.3	27.27	27.97	101.6	NaN	27.97	NaN
10/06/2018 7:56:02 PM	3611469362	1013.00	27.03	27.97	104.0	27.30	27.97	101.3	27.22	27.97	102.1	NaN	27.97	NaN
10/06/2018 7:56:03 PM	3611469363	1013.00	27.01	27.98	104.2	27.29	27.98	101.4	27.24	27.98	101.9	NaN	27.98	NaN
10/06/2018 7:56:04 PM	3611469364	1013.00	27.02	27.98	104.1	27.29	27.98	101.4	27.23	27.98	102.0	NaN	27.98	NaN
10/06/2018 7:56:05 PM	3611469365	1013.00	26.99	27.98	104.4	27.32	27.98	101.1	27.23	27.98	102.0	NaN	27.98	NaN
10/06/2018 7:56:06 PM	3611469366	1013.00	27.03	27.98	104.0	27.29	27.98	101.4	27.27	27.98	101.6	NaN	27.98	NaN
10/06/2018 7:56:07 PM	3611469367	1013.00	26.99	27.98	104.4	27.28	27.98	101.5	27.25	27.98	101.8	NaN	27.98	NaN
10/06/2018 7:56:08 PM	3611469368	1013.00	27.04	27.97	103.9	27.31	27.97	101.3	27.25	27.97	101.8	NaN	27.97	NaN
10/06/2018 7:56:09 PM	3611469369	1013.00	27.01	27.98	104.2	27.30	27.98	101.3	27.25	27.98	101.8	NaN	27.98	NaN
10/06/2018 7:56:10 PM	3611469370	1013.00	27.04	27.98	103.9	27.31	27.98	101.2	27.24	27.98	101.9	NaN	27.98	NaN
10/06/2018 7:56:11 PM	3611469371	1013.00	27.02	27.98	104.1	27.32	27.98	101.1	27.23	27.98	102.0	NaN	27.98	NaN
10/06/2018 7:56:12 PM	3611469372	1013.00	27.03	27.98	104.0	27.29	27.98	101.4	27.28	27.98	101.5	NaN	27.98	NaN
10/06/2018 7:56:13 PM	3611469373	1013.00	27.04	27.99	103.8	27.31	27.99	101.2	27.26	27.99	101.7	NaN	27.99	NaN
10/06/2018 7:56:14 PM	3611469374	1013.00	27.04	27.99	103.8	27.29	27.99	101.4	27.31	27.99	101.2	NaN	27.99	NaN
10/06/2018 7:56:15 PM	3611469375	1013.00	27.04	27.99	103.8	27.28	27.99	101.5	27.28	27.99	101.5	NaN	27.99	NaN
10/06/2018 7:56:16 PM	3611469376	1013.00	27.06	28.00	103.6	27.28	28.00	101.5	27.30	28.00	101.3	NaN	28.00	NaN
10/06/2018 7:56:17 PM	3611469377	1013.00	27.06	27.99	103.6	27.32	27.99	101.1	27.28	27.99	101.5	NaN	27.99	NaN
10/06/2018 7:56:18 PM	3611469378	1013.00	27.05	27.99	103.7	27.30	27.99	101.3	27.25	27.99	101.8	NaN	27.99	NaN
10/06/2018 7:56:19 PM	3611469379	1013.00	27.03	27.99	103.9	27.30	27.99	101.3	27.28	27.99	101.5	NaN	27.99	NaN
10/06/2018 7:56:20 PM	3611469380	1013.00	27.06	27.99	103.6	27.27	27.99	101.6	27.32	27.99	101.1	NaN	27.99	NaN
10/06/2018 7:56:21 PM	3611469381	1013.00	27.04	27.99	103.8	27.30	27.99	101.3	27.30	27.99	101.3	NaN	27.99	NaN
10/06/2018 7:56:22 PM	3611469382	1013.00	27.05	27.99	103.7	27.32	27.99	101.1	27.29	27.99	101.4	NaN	27.99	NaN
10/06/2018 7:56:23 PM	3611469383	1013.00	27.06	27.99	103.6	27.32	27.99	101.1	27.26	27.99	101.7	NaN	27.99	NaN
10/06/2018 7:56:24 PM	3611469384	1013.00	27.05	27.98	103.8	27.32	27.98	101.1	27.32	27.98	101.1	NaN	27.98	NaN
10/06/2018 7:56:25 PM	3611469385	1013.00	27.06	27.98	103.7	27.31	27.98	101.2	27.30	27.98	101.3	NaN	27.98	NaN
10/06/2018 7:56:26 PM	3611469386	1013.00	27.05	27.98	103.8	27.32	27.98	101.1	27.30	27.98	101.3	NaN	27.98	NaN
10/06/2018 7:56:27 PM	3611469387	1013.00	27.07	27.98	103.6	27.32	27.98	101.1	27.29	27.98	101.4	NaN	27.98	NaN
10/06/2018 7:56:28 PM	3611469388	1013.00	27.08	27.98	103.5	27.32	27.98	101.1	27.33	27.98	101.0	NaN	27.98	NaN
10/06/2018 7:56:29 PM	3611469389	1013.00	27.06	27.98	103.7	27.31	27.98	101.2	27.32	27.98	101.1	NaN	27.98	NaN
10/06/2018 7:56:30 PM	3611469390	1013.00	27.06	27.97	103.7	27.31	27.97	101.3	27.33	27.97	101.1	NaN	27.97	NaN
10/06/2018 7:56:31 PM	3611469391	1013.00	27.07	27.98	103.6	27.34	27.98	101.0	27.32	27.98	101.1	NaN	27.98	NaN
10/06/2018 7:56:32 PM	3611469392	1013.00	27.08	27.98	103.5	27.28	27.98	101.5	27.32	27.98	101.1	NaN	27.98	NaN
10/06/2018 7:56:33 PM	3611469393	1013.00	27.06	27.97	103.7	27.30	27.97	101.3	27.37	27.97	100.7	NaN	27.97	NaN
10/06/2018 7:56:34 PM	3611469394	1013.00	27.07	27.98	103.6	27.33	27.98	101.0	27.38	27.98	100.6	NaN	27.98	NaN
10/06/2018 7:56:35 PM	3611469395	1013.00	27.08	27.99	103.4	27.31	27.99	101.2	27.36	27.99	100.7	NaN	27.99	NaN
10/06/2018 7:56:36 PM	3611469396	1013.00	27.08	27.99	103.4	27.29	27.99	101.4	27.31	27.99	101.2	NaN	27.99	NaN
10/06/2018 7:56:37 PM	3611469397	1013.00	27.08	27.99	103.4	27.33	27.99	101.0	27.37	27.99	100.6	NaN	27.99	NaN
10/06/2018 7:56:38 PM	3611469398	1013.00	27.09	27.99	103.3	27.31	27.99	101.2	27.30	27.99	101.3	NaN	27.99	NaN
10/06/2018 7:56:39 PM	3611469399	1013.00	27.06	28.00	103.6	27.30	28.00	101.3	27.35	28.00	100.8	NaN	28.00	NaN
10/06/2018 7:56:40 PM	3611469400	1013.00	27.07	27.99	103.5	27.33	27.99	101.0	27.36	27.99	100.7	NaN	27.99	NaN
10/06/2018 7:56:41 PM	3611469401	1013.00	27.10	27.98	103.3	27.32	27.98	101.1	27.34	27.98	100.9	NaN	27.98	NaN
10/06/2018 7:56:42 PM	3611469402	1013.00	27.09	27.98	103.4	27.34	27.98	101.0	27.35	27.98	100.9	NaN	27.98	NaN
10/06/2018 7:56:43 PM	3611469403	1013.00	27.10	27.98	103.3	27.34	27.98	101.0	27.35	27.98	100.9	NaN	27.98	NaN
10/06/2018 7:56:44 PM	3611469404	1013.00	27.10	27.97	103.3	27.32	27.97	101.2	27.34	27.97	101.0	NaN	27.97	NaN
10/06/2018 7:56:45 PM	3611469405	1013.00	27.08	27.97	103.5	27.33	27.97	101.1	27.37	27.97	100.7	NaN	27.97	NaN
10/06/2018 7:56:46 PM	3611469406	1013.00	27.07	27.98	103.6	27.34	27.98	101.0	27.37	27.98	100.7	NaN	27.98	NaN
10/06/2018 7:56:47 PM	3611469407	1013.00	27.11	27.97	103.2	27.32	27.97	101.2	27.39	27.97	100.5	NaN	27.97	NaN
10/06/2018 7:56:48 PM	3611469408	1013.00	27.09	27.98	103.4	27.33	27.98	101.0	27.41	27.98	100.3	NaN	27.98	NaN
10/06/2018 7:56:49 PM	3611469409	1013.00	27.13	27.98	103.0	27.35	27.98	100.9	27.38	27.98	100.6	NaN	27.98	NaN
10/06/2018 7:56:50 PM	3611469410	1013.00	27.10	27.98	103.3	27.33	27.98	101.0	27.38	27.98	100.6	NaN	27.98	NaN
10/06/2018 7:56:51 PM	3611469411	1013.00	27.09	27.98	103.4	27.31	27.98	101.2	27.40	27.98	100.4	NaN	27.98	NaN
10/06/2018 7:56:52 PM	3611469412	1013.00	27.10	27.98	103.3	27.33	27.98	101.0	27.38	27.98	100.6	NaN	27.98	NaN
10/06/2018 7:56:53 PM	3611469413	1013.00	27.11	27.98	103.2	27.33	27.98	101.0	27.40	27.98	100.4	NaN	27.98	NaN
10/06/2018 7:56:54 PM	3611469414	1013.00	27.11	27.98	103.2	27.34	27.98	101.0	27.42	27.98	100.2	NaN	27.98	NaN
10/06/2018 7:56:55 PM	3611469415	1013.00	27.14	27.97	102.9	27.33	27.97	101.1	27.40	27.97	100.4	NaN	27.97	NaN
10/06/2018 7:56:56 PM	3611469416	1013.00	27.10	27.96	103.3	27.32	27.96	101.2	27.38	27.96	100.6	NaN	27.96	NaN
10/06/2018 7:56:57 PM	3611469417	1013.00	27.13	27.96	103.0	27.33	27.96	101.1	27.41	27.96	100.3	NaN	27.96	NaN
10/06/2018 7:56:58 PM	3611469418	1013.00	27.12	27.96	103.1	27.34	27.96	101.0	27.40	27.96	100.4	NaN	27.96	NaN
10/06/2018 7:56:59 PM	3611469419	1013.00	27.12	27.96	103.1	27.32	27.96	101.2	27.41	27.96	100.3	NaN	27.96	NaN
10/06/2018 7:57:00 PM	3611469420	1013.00	27.09	27.97	103.4	27.34	27.97	101.0	27.43	27.97	100.1	NaN	27.97	NaN
10/06/2018 7:57:01 PM	3611469421	1013.00	27.12	27.97	103.1	27.34	27.97	101.0	27.44	27.97	100.0	NaN	27.97	NaN
10/06/2018 7:57:02 PM	3611469422	1013.00	27.11	27.98	103.2	27.34	27.98	101.0	27.42	27.98	100.2	NaN	27.98	NaN
10/06/2018 7:57:03 PM	3611469423	1013.00	27.14	27.98	102.9	27.32	27.98	101.1	27.42	27.98	100.2	NaN	27.98	NaN
10/06/2018 7:57:04 PM	3611469424	1013.00	27.15	27.98	102.8	27.35	27.98	100.9	27.47	27.98	99.7	NaN	27.98	NaN
10/06/2018 7:57:05 PM	3611469425	1013.00	27.11	27.99	103.2	27.36	27.99	100.7	27.45	27.99	99.9	NaN	27.99	NaN
10/06/2018 7:57:06 PM	3611469426	1013.00	27.12	27.98	103.1	27.35	27.98	100.9	27.45	27.98	99.9	NaN	27.98	NaN
10/06/2018 7:57:07 PM	3611469427	1013.00	27.12	27.97	103.1	27.33	27.97	101.1	27.42	27.97	100.2	NaN	27.97	NaN
10/06/2018 7:57:08 PM	3611469428	1013.00	27.12	27.97	103.1	27.32	27.97	101.2	27.47	27.97	99.7	NaN	27.97	NaN
10/06/2018 7:57:09 PM	3611469429	1013.00	27.11	27.97	103.2	27.35	27.97	100.9	27.46	27.97	99.8	NaN	27.97	NaN
10/06/2018 7:57:10 PM	3611469430	1013.00	27.12	27.97	103.1	27.36	27.97	100.8	27.47	27.97	99.7	NaN	27.97	NaN
10/06/2018 7:57:11 PM	3611469431	1013.00	27.12	27.97	103.1	27.34	27.97	101.0	27.49	27.97	99.6	NaN	27.97	NaN
10/06/2018 7:57:12 PM	3611469432	1013.00	27.15	27.97	102.8	27.35	27.97	100.9	27.50	27.97	99.5	NaN	27.97	NaN
10/06/2018 7:57:13 PM	3611469433	1013.00	27.11	27.97	103.2	27.36	27.97	100.8	27.47	27.97	99.7	NaN	27.97	NaN
10/06/2018 7:57:14 PM	3611469434	1013.00	27.14	27.97	102.9	27.33	27.97	101.1	27.46	27.97	99.8	NaN	27.97	NaN
10/06/2018 7:57:15 PM	3611469435	1013.00	27.14	27.97	102.9	27.32	27.97	101.2	27.50	27.97	99.5	NaN	27.97	NaN
10/06/2018 7:57:16 PM	3611469436	1013.00	27.14	27.97	102.9	27.34	27.97	101.0	27.50	27.97	99.5	NaN	27.97	NaN
10/06/2018 7:57:17 PM	3611469437	1013.00	27.14	27.97	102.9	27.35	27.97	100.9	27.51	27.97	99.4	NaN	27.97	NaN
10/06/2018 7:57:18 PM	3611469438	1013.00	27.13	27.98	103.0	27.35	27.98	100.9	27.51	27.98	99.3	NaN	27.98	NaN
10/06/2018 7:57:19 PM	3611469439	1013.00	27.14	27.98	102.9	27.36	27.98	100.8	27.58	27.98	98.7	NaN	27.98	NaN
10/06/2018 7:57:20 PM	3611469440	1013.00	27.15	27.97	102.8	27.36	27.97	100.8	27.51	27.97	99.4	NaN	27.97	NaN
10/06/2018 7:57:21 PM	3611469441	1013.00	27.14	27.97	102.9	27.36	27.97	100.8	27.54	27.97	99.1	NaN	27.97	NaN
10/06/2018 7:57:22 PM	3611469442	1013.00	27.15	27.97	102.8	27.33	27.97	101.1	27.52	27.97	99.3	NaN	27.97	NaN
10/06/2018 7:57:23 PM	3611469443	1013.00	27.14	27.97	102.9	27.36	27.97	100.8	27.52	27.97	99.3	NaN	27.97	NaN
10/06/2018 7:57:24 PM	3611469444	1013.00	27.17	27.96	102.6	27.32	27.96	101.2	27.55	27.96	99.0	NaN	27.96	NaN
10/06/2018 7:57:25 PM	3611469445	1013.00	27.15	27.97	102.8	27.34	27.97	101.0	27.56	27.97	98.9	NaN	27.97	NaN
10/06/2018 7:57:26 PM	3611469446	1013.00	27.15	27.97	102.8	27.35	27.97	100.9	27.54	27.97	99.1	NaN	27.97	NaN
10/06/2018 7:57:27 PM	3611469447	1013.00	27.19	27.97	102.4	27.35	27.97	100.9	27.57	27.97	98.8	NaN	27.97	NaN
10/06/2018 7:57:28 PM	3611469448	1013.00	27.17	27.96	102.6	27.36	27.96	100.8	27.58	27.96	98.7	NaN	27.96	NaN
10/06/2018 7:57:29 PM	3611469449	1013.00	27.17	27.97	102.6	27.35	27.97	100.9	27.60	27.97	98.5	NaN	27.97	NaN
10/06/2018 7:57:30 PM	3611469450	1013.00	27.16	27.97	102.7	27.36	27.97	100.8	27.61	27.97	98.4	NaN	27.97	NaN
10/06/2018 7:57:31 PM	3611469451	1013.00	27.20	27.97	102.3	27.36	27.97	100.8	27.59	27.97	98.6	NaN	27.97	NaN
10/06/2018 7:57:32 PM	3611469452	1013.00	27.16	27.97	102.7	27.33	27.97	101.1	27.64	27.97	98.2	NaN	27.97	NaN
10/06/2018 7:57:33 PM	3611469453	1013.00	27.14	27.97	102.9	27.36	27.97	100.8	27.63	27.97	98.3	NaN	27.97	NaN
10/06/2018 7:57:34 PM	3611469454	1013.00	27.18	27.97	102.5	27.36	27.97	100.8	27.60	27.97	98.5	NaN	27.97	NaN
10/06/2018 7:57:35 PM	3611469455	1013.00	27.15	27.98	102.8	27.39	27.98	100.5	27.64	27.98	98.1	NaN	27.98	NaN
10/06/2018 7:57:36 PM	3611469456	1013.00	27.16	27.98	102.7	27.35	27.98	100.9	27.67	27.98	97.9	NaN	27.98	NaN
10/06/2018 7:57:37 PM	3611469457	1013.00	27.16	27.98	102.7	27.37	27.98	100.7	27.62	27.98	98.3	NaN	27.98	NaN
10/06/2018 7:57:38 PM	3611469458	1013.00	27.17	27.99	102.6	27.35	27.99	100.8	27.66	27.99	97.9	NaN	27.99	NaN
10/06/2018 7:57:39 PM	3611469459	1013.00	27.20	27.99	102.3	27.34	27.99	100.9	27.65	27.99	98.0	NaN	27.99	NaN
10/06/2018 7:57:40 PM	3611469460	1013.00	27.20	27.99	102.3	27.36	27.99	100.7	27.65	27.99	98.0	NaN	27.99	NaN
10/06/2018 7:57:41 PM	3611469461	1013.00	27.16	27.99	102.7	27.36	27.99	100.7	27.68	27.99	97.8	NaN	27.99	NaN
10/06/2018 7:57:42 PM	3611469462	1013.00	27.18	27.99	102.5	27.34	27.99	100.9	27.67	27.99	97.9	NaN	27.99	NaN
10/06/2018 7:57:43 PM	3611469463	1013.00	27.15	27.98	102.8	27.37	27.98	100.7	27.64	27.98	98.1	NaN	27.98	NaN
10/06/2018 7:57:44 PM	3611469464	1013.00	27.18	27.97	102.5	27.37	27.97	100.7	27.67	27.97	97.9	NaN	27.97	NaN
10/06/2018 7:57:45 PM	3611469465	1013.00	27.16	27.97	102.7	27.37	27.97	100.7	27.67	27.97	97.9	NaN	27.97	NaN
10/06/2018 7:57:46 PM	3611469466	1013.00	27.20	27.98	102.3	27.36	27.98	100.8	27.67	27.98	97.9	NaN	27.98	NaN
10/06/2018 7:57:47 PM	3611469467	1013.00	27.21	27.98	102.2	27.37	27.98	100.7	27.67	27.98	97.9	NaN	27.98	NaN
10/06/2018 7:57:48 PM	3611469468	1013.00	27.20	27.98	102.3	27.36	27.98	100.8	27.68	27.98	97.8	NaN	27.98	NaN
10/06/2018 7:57:49 PM	3611469469	1013.00	27.19	27.98	102.4	27.39	27.98	100.5	27.71	27.98	97.5	NaN	27.98	NaN
10/06/2018 7:57:50 PM	3611469470	1013.00	27.20	27.98	102.3	27.36	27.98	100.8	27.70	27.98	97.6	NaN	27.98	NaN
10/06/2018 7:57:51 PM	3611469471	1013.00	27.23	27.97	102.0	27.37	27.97	100.7	27.66	27.97	98.0	NaN	27.97	NaN
10/06/2018 7:57:52 PM	3611469472	1013.00	27.20	27.98	102.3	27.34	27.98	101.0	27.71	27.98	97.5	NaN	27.98	NaN
10/06/2018 7:57:53 PM	3611469473	1013.00	27.20	27.97	102.3	27.39	27.97	100.5	27.72	27.97	97.4	NaN	27.97	NaN
10/06/2018 7:57:54 PM	3611469474	1013.00	27.23	27.97	102.0	27.35	27.97	100.9	27.72	27.97	97.4	NaN	27.97	NaN
10/06/2018 7:57:55 PM	3611469475	1013.00	27.25	27.98	101.8	27.38	27.98	100.6	27.69	27.98	97.7	NaN	27.98	NaN
10/06/2018 7:57:56 PM	3611469476	1013.00	27.22	27.98	102.1	27.41	27.98	100.3	27.70	27.98	97.6	NaN	27.98	NaN
10/06/2018 7:57:57 PM	3611469477	1013.00	27.26	27.97	101.7	27.36	27.97	100.8	27.72	27.97	97.4	NaN	27.97	NaN
10/06/2018 7:57:58 PM	3611469478	1013.00	27.23	27.97	102.0	27.39	27.97	100.5	27.71	27.97	97.5	NaN	27.97	NaN
10/06/2018 7:57:59 PM	3611469479	1013.00	27.24	27.98	101.9	27.38	27.98	100.6	27.73	27.98	97.3	NaN	27.98	NaN
10/06/2018 7:58:00 PM	3611469480	1013.00	27.25	27.97	101.8	27.41	27.97	100.3	27.74	27.97	97.2	NaN	27.97	NaN
10/06/2018 7:58:01 PM	3611469481	1013.00	27.27	27.97	101.6	27.37	27.97	100.7	27.73	27.97	97.3	NaN	27.97	NaN
10/06/2018 7:58:02 PM	3611469482	1013.00	27.26	27.97	101.7	27.38	27.97	100.6	27.75	27.97	97.2	NaN	27.97	NaN
10/06/2018 7:58:03 PM	3611469483	1013.00	27.25	27.98	101.8	27.40	27.98	100.4	27.71	27.98	97.5	NaN	27.98	NaN
10/06/2018 7:58:04 PM	3611469484	1013.00	27.26	27.97	101.7	27.38	27.97	100.6	27.74	27.97	97.2	NaN	27.97	NaN
10/06/2018 7:58:05 PM	3611469485	1013.00	27.26	27.97	101.7	27.39	27.97	100.5	27.74	27.97	97.2	NaN	27.97	NaN
10/06/2018 7:58:06 PM	3611469486	1013.00	27.28	27.98	101.5	27.36	27.98	100.8	27.73	27.98	97.3	NaN	27.98	NaN
10/06/2018 7:58:07 PM	3611469487	1013.00	27.28	27.98	101.5	27.39	27.98	100.5	27.74	27.98	97.2	NaN	27.98	NaN
10/06/2018 7:58:08 PM	3611469488	1013.00	27.27	27.98	101.6	27.40	27.98	100.4	27.73	27.98	97.3	NaN	27.98	NaN
10/06/2018 7:58:09 PM	3611469489	1013.00	27.29	27.98	101.4	27.40	27.98	100.4	27.75	27.98	97.1	NaN	27.98	NaN
10/06/2018 7:58:10 PM	3611469490	1013.00	27.30	27.98	101.3	27.36	27.98	100.8	27.75	27.98	97.1	NaN	27.98	NaN
10/06/2018 7:58:11 PM	3611469491	1013.00	27.30	27.98	101.3	27.41	27.98	100.3	27.75	27.98	97.1	NaN	27.98	NaN
10/06/2018 7:58:12 PM	3611469492	1013.00	27.31	27.98	101.2	27.34	27.98	101.0	27.78	27.98	96.9	NaN	27.98	NaN
10/06/2018 7:58:13 PM	3611469493	1013.00	27.28	27.97	101.5	27.38	27.97	100.6	27.75	27.97	97.2	NaN	27.97	NaN
10/06/2018 7:58:14 PM	3611469494	1013.00	27.30	27.98	101.3	27.42	27.98	100.2	27.76	27.98	97.0	NaN	27.98	NaN
10/06/2018 7:58:15 PM	3611469495	1013.00	27.29	27.98	101.4	27.37	27.98	100.7	27.73	27.98	97.3	NaN	27.98	NaN
10/06/2018 7:58:16 PM	3611469496	1013.00	27.32	27.97	101.2	27.39	27.97	100.5	27.73	27.97	97.3	NaN	27.97	NaN
10/06/2018 7:58:17 PM	3611469497	1013.00	27.31	27.97	101.3	27.38	27.97	100.6	27.77	27.97	97.0	NaN	27.97	NaN
10/06/2018 7:58:18 PM	3611469498	1013.00	27.33	27.97	101.1	27.38	27.97	100.6	27.77	27.97	97.0	NaN	27.97	NaN
10/06/2018 7:58:19 PM	3611469499	1013.00	27.33	27.96	101.1	27.39	27.96	100.5	27.74	27.96	97.3	NaN	27.96	NaN
10/06/2018 7:58:20 PM	3611469500	1013.00	27.34	27.96	101.0	27.41	27.96	100.3	27.78	27.96	96.9	NaN	27.96	NaN
10/06/2018 7:58:21 PM	3611469501	1013.00	27.34	27.97	101.0	27.39	27.97	100.5	27.77	27.97	97.0	NaN	27.97	NaN
10/06/2018 7:58:22 PM	3611469502	1013.00	27.35	27.97	100.9	27.40	27.97	100.4	27.79	27.97	96.8	NaN	27.97	NaN
10/06/2018 7:58:23 PM	3611469503	1013.00	27.33	27.97	101.1	27.40	27.97	100.4	27.79	27.97	96.8	NaN	27.97	NaN
10/06/2018 7:58:24 PM	3611469504	1013.00	27.34	27.97	101.0	27.41	27.97	100.3	27.79	27.97	96.8	NaN	27.97	NaN
10/06/2018 7:58:25 PM	3611469505	1013.00	27.37	27.98	100.7	27.41	27.98	100.3	27.83	27.98	96.4	NaN	27.98	NaN
10/06/2018 7:58:26 PM	3611469506	1013.00	27.34	27.97	101.0	27.42	27.97	100.2	27.81	27.97	96.6	NaN	27.97	NaN
10/06/2018 7:58:27 PM	3611469507	1013.00	27.36	27.97	100.8	27.37	27.97	100.7	27.81	27.97	96.6	NaN	27.97	NaN
10/06/2018 7:58:28 PM	3611469508	1013.00	27.38	27.98	100.6	27.38	27.98	100.6	27.85	27.98	96.2	NaN	27.98	NaN
10/06/2018 7:58:29 PM	3611469509	1013.00	27.40	27.98	100.4	27.41	27.98	100.3	27.86	27.98	96.1	NaN	27.98	NaN
10/06/2018 7:58:30 PM	3611469510	1013.00	27.38	27.97	100.6	27.42	27.97	100.2	27.82	27.97	96.5	NaN	27.97	NaN
10/06/2018 7:58:31 PM	3611469511	1013.00	27.38	27.97	100.6	27.39	27.97	100.5	27.86	27.97	96.2	NaN	27.97	NaN
10/06/2018 7:58:32 PM	3611469512	1013.00	27.40	27.97	100.4	27.39	27.97	100.5	27.86	27.97	96.2	NaN	27.97	NaN
10/06/2018 7:58:33 PM	3611469513	1013.00	27.41	27.97	100.3	27.42	27.97	100.2	27.86	27.97	96.2	NaN	27.97	NaN
10/06/2018 7:58:34 PM	3611469514	1013.00	27.40	27.97	100.4	27.42	27.97	100.2	27.86	27.97	96.2	NaN	27.97	NaN
10/06/2018 7:58:35 PM	3611469515	1013.00	27.38	27.97	100.6	27.41	27.97	100.3	27.88	27.97	96.0	NaN	27.97	NaN
10/06/2018 7:58:36 PM	3611469516	1013.00	27.40	27.98	100.4	27.40	27.98	100.4	27.85	27.98	96.2	NaN	27.98	NaN
10/06/2018 7:58:37 PM	3611469517	1013.00	27.41	27.97	100.3	27.41	27.97	100.3	27.90	27.97	95.8	NaN	27.97	NaN
10/06/2018 7:58:38 PM	3611469518	1013.00	27.41	27.97	100.3	27.39	27.97	100.5	27.86	27.97	96.2	NaN	27.97	NaN
10/06/2018 7:58:39 PM	3611469519	1013.00	27.42	27.98	100.2	27.39	27.98	100.5	27.92	27.98	95.6	NaN	27.98	NaN
10/06/2018 7:58:40 PM	3611469520	1013.00	27.43	27.98	100.1	27.41	27.98	100.3	27.90	27.98	95.8	NaN	27.98	NaN
10/06/2018 7:58:41 PM	3611469521	1013.00	27.42	27.97	100.2	27.39	27.97	100.5	27.88	27.97	96.0	NaN	27.97	NaN
10/06/2018 7:58:42 PM	3611469522	1013.00	27.43	27.97	100.1	27.42	27.97	100.2	27.91	27.97	95.7	NaN	27.97	NaN
10/06/2018 7:58:43 PM	3611469523	1013.00	27.42	27.97	100.2	27.40	27.97	100.4	27.93	27.97	95.5	NaN	27.97	NaN
10/06/2018 7:58:44 PM	3611469524	1013.00	27.44	27.96	100.0	27.38	27.96	100.6	27.94	27.96	95.5	NaN	27.96	NaN
10/06/2018 7:58:45 PM	3611469525	1013.00	27.44	27.96	100.0	27.43	27.96	100.1	27.93	27.96	95.6	NaN	27.96	NaN
10/06/2018 7:58:46 PM	3611469526	1013.00	27.45	27.97	99.9	27.41	27.97	100.3	27.91	27.97	95.7	NaN	27.97	NaN
10/06/2018 7:58:47 PM	3611469527	1013.00	27.45	27.97	99.9	27.40	27.97	100.4	27.96	27.97	95.3	NaN	27.97	NaN
10/06/2018 7:58:48 PM	3611469528	1013.00	27.46	27.97	99.8	27.39	27.97	100.5	27.93	27.97	95.5	NaN	27.97	NaN
10/06/2018 7:58:49 PM	3611469529	1013.00	27.46	27.97	99.8	27.42	27.97	100.2	27.93	27.97	95.5	NaN	27.97	NaN
10/06/2018 7:58:50 PM	3611469530	1013.00	27.46	27.98	99.8	27.39	27.98	100.5	27.98	27.98	95.1	NaN	27.98	NaN
10/06/2018 7:58:51 PM	3611469531	1013.00	27.45	27.97	99.9	27.42	27.97	100.2	27.97	27.97	95.2	NaN	27.97	NaN
10/06/2018 7:58:52 PM	3611469532	1013.00	27.47	27.97	99.7	27.42	27.97	100.2	27.97	27.97	95.2	NaN	27.97	NaN
10/06/2018 7:58:53 PM	3611469533	1013.00	27.46	27.97	99.8	27.44	27.97	100.0	27.95	27.97	95.4	NaN	27.97	NaN
10/06/2018 7:58:54 PM	3611469534	1013.00	27.47	27.97	99.7	27.41	27.97	100.3	27.96	27.97	95.3	NaN	27.97	NaN
10/06/2018 7:58:55 PM	3611469535	1013.00	27.48	27.97	99.6	27.42	27.97	100.2	27.96	27.97	95.3	NaN	27.97	NaN
10/06/2018 7:58:56 PM	3611469536	1013.00	27.47	27.98	99.7	27.40	27.98	100.4	27.96	27.98	95.3	NaN	27.98	NaN
10/06/2018 7:58:57 PM	3611469537	1013.00	27.48	27.97	99.6	27.40	27.97	100.4	27.97	27.97	95.2	NaN	27.97	NaN
10/06/2018 7:58:58 PM	3611469538	1013.00	27.51	27.98	99.3	27.42	27.98	100.2	27.97	27.98	95.2	NaN	27.98	NaN
10/06/2018 7:58:59 PM	3611469539	1013.00	27.49	27.99	99.5	27.39	27.99	100.5	27.96	27.99	95.2	NaN	27.99	NaN
10/06/2018 7:59:00 PM	3611469540	1013.00	27.51	27.98	99.3	27.40	27.98	100.4	27.97	27.98	95.2	NaN	27.98	NaN
10/06/2018 7:59:01 PM	3611469541	1013.00	27.51	27.99	99.3	27.44	27.99	100.0	27.97	27.99	95.1	NaN	27.99	NaN
10/06/2018 7:59:02 PM	3611469542	1013.00	27.49	27.98	99.5	27.45	27.98	99.9	27.98	27.98	95.1	NaN	27.98	NaN
10/06/2018 7:59:03 PM	3611469543	1013.00	27.50	27.98	99.4	27.45	27.98	99.9	28.01	27.98	94.8	NaN	27.98	NaN
10/06/2018 7:59:04 PM	3611469544	1013.00	27.50	27.98	99.4	27.42	27.98	100.2	28.01	27.98	94.8	NaN	27.98	NaN
10/06/2018 7:59:05 PM	3611469545	1013.00	27.51	27.99	99.3	27.44	27.99	100.0	27.99	27.99	95.0	NaN	27.99	NaN
10/06/2018 7:59:06 PM	3611469546	1013.00	27.50	27.99	99.4	27.44	27.99	100.0	27.98	27.99	95.1	NaN	27.99	NaN
10/06/2018 7:59:07 PM	3611469547	1013.00	27.52	28.00	99.2	27.46	28.00	99.8	28.01	28.00	94.8	NaN	28.00	NaN
10/06/2018 7:59:08 PM	3611469548	1013.00	27.52	27.99	99.2	27.50	27.99	99.4	28.02	27.99	94.7	NaN	27.99	NaN
10/06/2018 7:59:09 PM	3611469549	1013.00	27.53	27.99	99.1	27.51	27.99	99.3	28.00	27.99	94.9	NaN	27.99	NaN
10/06/2018 7:59:10 PM	3611469550	1013.00	27.52	27.97	99.3	27.48	27.97	99.6	28.03	27.97	94.7	NaN	27.97	NaN
10/06/2018 7:59:11 PM	3611469551	1013.00	27.56	27.96	98.9	27.51	27.96	99.4	28.01	27.96	94.8	NaN	27.96	NaN
10/06/2018 7:59:12 PM	3611469552	1013.00	27.54	27.96	99.1	27.51	27.96	99.4	28.04	27.96	94.6	NaN	27.96	NaN
10/06/2018 7:59:13 PM	3611469553	1013.00	27.54	27.95	99.1	27.53	27.95	99.2	28.04	27.95	94.6	NaN	27.95	NaN
10/06/2018 7:59:14 PM	3611469554	1013.00	27.56	27.96	98.9	27.52	27.96	99.3	28.06	27.96	94.4	NaN	27.96	NaN
10/06/2018 7:59:15 PM	3611469555	1013.00	27.56	27.97	98.9	27.52	27.97	99.3	28.03	27.97	94.7	NaN	27.97	NaN
10/06/2018 7:59:16 PM	3611469556	1013.00	27.57	27.97	98.8	27.50	27.97	99.5	28.04	27.97	94.6	NaN	27.97	NaN
10/06/2018 7:59:17 PM	3611469557	1013.00	27.57	27.98	98.8	27.52	27.98	99.3	28.03	27.98	94.6	NaN	27.98	NaN
10/06/2018 7:59:18 PM	3611469558	1013.00	27.57	27.98	98.8	27.53	27.98	99.2	28.07	27.98	94.3	NaN	27.98	NaN
10/06/2018 7:59:19 PM	3611469559	1013.00	27.55	27.98	99.0	27.54	27.98	99.1	28.07	27.98	94.3	NaN	27.98	NaN
10/06/2018 7:59:20 PM	3611469560	1013.00	27.58	27.98	98.7	27.53	27.98	99.2	28.10	27.98	94.0	NaN	27.98	NaN
10/06/2018 7:59:21 PM	3611469561	1013.00	27.56	27.98	98.9	27.56	27.98	98.9	28.09	27.98	94.1	NaN	27.98	NaN
10/06/2018 7:59:22 PM	3611469562	1013.00	27.58	27.98	98.7	27.54	27.98	99.1	28.09	27.98	94.1	NaN	27.98	NaN
10/06/2018 7:59:23 PM	3611469563	1013.00	27.59	27.98	98.6	27.56	27.98	98.9	28.09	27.98	94.1	NaN	27.98	NaN
10/06/2018 7:59:24 PM	3611469564	1013.00	27.59	27.98	98.6	27.57	27.98	98.8	28.09	27.98	94.1	NaN	27.98	NaN
10/06/2018 7:59:25 PM	3611469565	1013.00	27.60	27.98	98.5	27.54	27.98	99.1	28.10	27.98	94.0	NaN	27.98	NaN
10/06/2018 7:59:26 PM	3611469566	1013.00	27.61	27.98	98.4	27.55	27.98	99.0	28.15	27.98	93.6	NaN	27.98	NaN
10/06/2018 7:59:27 PM	3611469567	1013.00	27.60	27.97	98.5	27.58	27.97	98.7	28.10	27.97	94.0	NaN	27.97	NaN
10/06/2018 7:59:28 PM	3611469568	1013.00	27.58	27.98	98.7	27.59	27.98	98.6	28.12	27.98	93.8	NaN	27.98	NaN
10/06/2018 7:59:29 PM	3611469569	1013.00	27.64	27.98	98.1	27.55	27.98	99.0	28.14	27.98	93.7	NaN	27.98	NaN
10/06/2018 7:59:30 PM	3611469570	1013.00	27.61	27.97	98.4	27.57	27.97	98.8	28.17	27.97	93.4	NaN	27.97	NaN
10/06/2018 7:59:31 PM	3611469571	1013.00	27.63	27.98	98.2	27.55	27.98	99.0	28.18	27.98	93.3	NaN	27.98	NaN
10/06/2018 7:59:32 PM	3611469572	1013.00	27.65	27.97	98.1	27.55	27.97	99.0	28.19	27.97	93.3	NaN	27.97	NaN
10/06/2018 7:59:33 PM	3611469573	1013.00	27.63	27.96	98.3	27.55	27.96	99.0	28.18	27.96	93.4	NaN	27.96	NaN
10/06/2018 7:59:34 PM	3611469574	1013.00	27.63	27.96	98.3	27.57	27.96	98.8	28.20	27.96	93.2	NaN	27.96	NaN
10/06/2018 7:59:35 PM	3611469575	1013.00	27.63	27.96	98.3	27.55	27.96	99.0	28.17	27.96	93.4	NaN	27.96	NaN
10/06/2018 7:59:36 PM	3611469576	1013.00	27.65	27.96	98.1	27.56	27.96	98.9	28.21	27.96	93.1	NaN	27.96	NaN
10/06/2018 7:59:37 PM	3611469577	1013.00	27.65	27.97	98.1	27.58	27.97	98.7	28.19	27.97	93.3	NaN	27.97	NaN
10/06/2018 7:59:38 PM	3611469578	1013.00	27.65	27.97	98.1	27.58	27.97	98.7	28.23	27.97	92.9	NaN	27.97	NaN
10/06/2018 7:59:39 PM	3611469579	1013.00	27.66	27.98	98.0	27.57	27.98	98.8	28.26	27.98	92.6	NaN	27.98	NaN
10/06/2018 7:59:40 PM	3611469580	1013.00	27.64	27.98	98.1	27.56	27.98	98.9	28.26	27.98	92.6	NaN	27.98	NaN
10/06/2018 7:59:41 PM	3611469581	1013.00	27.67	27.98	97.9	27.57	27.98	98.8	28.27	27.98	92.6	NaN	27.98	NaN
10/06/2018 7:59:42 PM	3611469582	1013.00	27.69	27.98	97.7	27.58	27.98	98.7	28.22	27.98	93.0	NaN	27.98	NaN
10/06/2018 7:59:43 PM	3611469583	1013.00	27.69	27.97	97.7	27.59	27.97	98.6	28.29	27.97	92.4	NaN	27.97	NaN
10/06/2018 7:59:44 PM	3611469584	1013.00	27.69	27.97	97.7	27.59	27.97	98.6	28.23	27.97	92.9	NaN	27.97	NaN
10/06/2018 7:59:45 PM	3611469585	1013.00	27.69	27.97	97.7	27.54	27.97	99.1	28.27	27.97	92.6	NaN	27.97	NaN
10/06/2018 7:59:46 PM	3611469586	1013.00	27.70	27.98	97.6	27.55	27.98	99.0	28.28	27.98	92.5	NaN	27.98	NaN
10/06/2018 7:59:47 PM	3611469587	1013.00	27.70	27.98	97.6	27.57	27.98	98.8	28.26	27.98	92.6	NaN	27.98	NaN
10/06/2018 7:59:48 PM	3611469588	1013.00	27.72	27.99	97.4	27.56	27.99	98.9	28.28	27.99	92.5	NaN	27.99	NaN
10/06/2018 7:59:49 PM	3611469589	1013.00	27.70	27.99	97.6	27.55	27.99	99.0	28.25	27.99	92.7	NaN	27.99	NaN
10/06/2018 7:59:50 PM	3611469590	1013.00	27.71	27.98	97.5	27.57	27.98	98.8	28.30	27.98	92.3	NaN	27.98	NaN
10/06/2018 7:59:51 PM	3611469591	1013.00	27.73	27.98	97.3	27.57	27.98	98.8	28.28	27.98	92.5	NaN	27.98	NaN
10/06/2018 7:59:52 PM	3611469592	1013.00	27.70	27.97	97.6	27.59	27.97	98.6	28.30	27.97	92.3	NaN	27.97	NaN
10/06/2018 7:59:53 PM	3611469593	1013.00	27.75	27.98	97.1	27.57	27.98	98.8	28.32	27.98	92.1	NaN	27.98	NaN
10/06/2018 7:59:54 PM	3611469594	1013.00	27.72	27.97	97.4	27.58	27.97	98.7	28.31	27.97	92.2	NaN	27.97	NaN
10/06/2018 7:59:55 PM	3611469595	1013.00	27.72	27.97	97.4	27.60	27.97	98.5	28.31	27.97	92.2	NaN	27.97	NaN
10/06/2018 7:59:56 PM	3611469596	1013.00	27.74	27.98	97.2	27.57	27.98	98.8	28.37	27.98	91.7	NaN	27.98	NaN
10/06/2018 7:59:57 PM	3611469597	1013.00	27.74	27.98	97.2	27.57	27.98	98.8	28.29	27.98	92.4	NaN	27.98	NaN
10/06/2018 7:59:58 PM	3611469598	1013.00	27.76	27.98	97.0	27.61	27.98	98.4	28.32	27.98	92.1	NaN	27.98	NaN
10/06/2018 7:59:59 PM	3611469599	1013.00	27.76	27.98	97.0	27.59	27.98	98.6	28.35	27.98	91.9	NaN	27.98	NaN
10/06/2018 8:00:00 PM	3611469600	1013.00	27.76	27.99	97.0	27.57	27.99	98.8	28.36	27.99	91.8	NaN	27.99	NaN
10/06/2018 8:00:01 PM	3611469601	1013.00	27.74	27.99	97.2	27.61	27.99	98.4	28.36	27.99	91.8	NaN	27.99	NaN
10/06/2018 8:00:02 PM	3611469602	1013.00	27.75	27.99	97.1	27.59	27.99	98.6	28.37	27.99	91.7	NaN	27.99	NaN
10/06/2018 8:00:03 PM	3611469603	1013.00	27.76	27.97	97.1	27.59	27.97	98.6	28.35	27.97	91.9	NaN	27.97	NaN
10/06/2018 8:00:04 PM	3611469604	1013.00	27.78	27.97	96.9	27.61	27.97	98.4	28.36	27.97	91.8	NaN	27.97	NaN
10/06/2018 8:00:05 PM	3611469605	1013.00	27.75	27.95	97.2	27.62	27.95	98.4	28.40	27.95	91.5	NaN	27.95	NaN
10/06/2018 8:00:06 PM	3611469606	1013.00	27.79	27.95	96.8	27.65	27.95	98.1	28.42	27.95	91.3	NaN	27.95	NaN
10/06/2018 8:00:07 PM	3611469607	1013.00	27.78	27.96	96.9	27.63	27.96	98.3	28.41	27.96	91.4	NaN	27.96	NaN
10/06/2018 8:00:08 PM	3611469608	1013.00	27.78	27.96	96.9	27.63	27.96	98.3	28.41	27.96	91.4	NaN	27.96	NaN
10/06/2018 8:00:09 PM	3611469609	1013.00	27.79	27.96	96.8	27.65	27.96	98.1	28.43	27.96	91.2	NaN	27.96	NaN
10/06/2018 8:00:10 PM	3611469610	1013.00	27.78	27.97	96.9	27.66	27.97	98.0	28.42	27.97	91.3	NaN	27.97	NaN
10/06/2018 8:00:11 PM	3611469611	1013.00	27.77	27.97	97.0	27.67	27.97	97.9	28.44	27.97	91.1	NaN	27.97	NaN
10/06/2018 8:00:12 PM	3611469612	1013.00	27.78	27.96	96.9	27.62	27.96	98.4	28.43	27.96	91.2	NaN	27.96	NaN
10/06/2018 8:00:13 PM	3611469613	1013.00	27.78	27.97	96.9	27.68	27.97	97.8	28.47	27.97	90.9	NaN	27.97	NaN
10/06/2018 8:00:14 PM	3611469614	1013.00	27.78	27.97	96.9	27.66	27.97	98.0	28.45	27.97	91.0	NaN	27.97	NaN
10/06/2018 8:00:15 PM	3611469615	1013.00	27.80	27.97	96.7	27.67	27.97	97.9	28.44	27.97	91.1	NaN	27.97	NaN
10/06/2018 8:00:16 PM	3611469616	1013.00	27.83	27.97	96.4	27.64	27.97	98.2	28.45	27.97	91.0	NaN	27.97	NaN
10/06/2018 8:00:17 PM	3611469617	1013.00	27.80	27.98	96.7	27.66	27.98	98.0	28.46	27.98	90.9	NaN	27.98	NaN
10/06/2018 8:00:18 PM	3611469618	1013.00	27.81	27.98	96.6	27.67	27.98	97.9	28.47	27.98	90.9	NaN	27.98	NaN
10/06/2018 8:00:19 PM	3611469619	1013.00	27.79	27.97	96.8	27.68	27.97	97.8	28.46	27.97	91.0	NaN	27.97	NaN
10/06/2018 8:00:20 PM	3611469620	1013.00	27.84	27.97	96.3	27.66	27.97	98.0	28.50	27.97	90.6	NaN	27.97	NaN
10/06/2018 8:00:21 PM	3611469621	1013.00	27.82	27.98	96.5	27.69	27.98	97.7	28.50	27.98	90.6	NaN	27.98	NaN
10/06/2018 8:00:22 PM	3611469622	1013.00	27.81	27.97	96.6	27.70	27.97	97.6	28.52	27.97	90.5	NaN	27.97	NaN
10/06/2018 8:00:23 PM	3611469623	1013.00	27.84	27.98	96.3	27.71	27.98	97.5	28.49	27.98	90.7	NaN	27.98	NaN
10/06/2018 8:00:24 PM	3611469624	1013.00	27.83	27.99	96.4	27.68	27.99	97.8	28.47	27.99	90.8	NaN	27.99	NaN
10/06/2018 8:00:25 PM	3611469625	1013.00	27.85	27.99	96.2	27.71	27.99	97.5	28.49	27.99	90.7	NaN	27.99	NaN
10/06/2018 8:00:26 PM	3611469626	1013.00	27.85	27.99	96.2	27.70	27.99	97.6	28.49	27.99	90.7	NaN	27.99	NaN
10/06/2018 8:00:27 PM	3611469627	1013.00	27.84	27.98	96.3	27.71	27.98	97.5	28.55	27.98	90.2	NaN	27.98	NaN
10/06/2018 8:00:28 PM	3611469628	1013.00	27.85	27.97	96.3	27.70	27.97	97.6	28.51	27.97	90.5	NaN	27.97	NaN
10/06/2018 8:00:29 PM	3611469629	1013.00	27.86	27.97	96.2	27.74	27.97	97.2	28.49	27.97	90.7	NaN	27.97	NaN
10/06/2018 8:00:30 PM	3611469630	1013.00	27.83	27.97	96.4	27.73	27.97	97.3	28.51	27.97	90.5	NaN	27.97	NaN
10/06/2018 8:00:31 PM	3611469631	1013.00	27.85	27.96	96.3	27.76	27.96	97.1	28.53	27.96	90.4	NaN	27.96	NaN
10/06/2018 8:00:32 PM	3611469632	1013.00	27.84	27.97	96.3	27.74	27.97	97.2	28.53	27.97	90.4	NaN	27.97	NaN
10/06/2018 8:00:33 PM	3611469633	1013.00	27.86	27.97	96.2	27.75	27.97	97.2	28.56	27.97	90.1	NaN	27.97	NaN
10/06/2018 8:00:34 PM	3611469634	1013.00	27.87	27.97	96.1	27.74	27.97	97.2	28.51	27.97	90.5	NaN	27.97	NaN
10/06/2018 8:00:35 PM	3611469635	1013.00	27.84	27.97	96.3	27.73	27.97	97.3	28.51	27.97	90.5	NaN	27.97	NaN
10/06/2018 8:00:36 PM	3611469636	1013.00	27.84	27.98	96.3	27.73	27.98	97.3	28.57	27.98	90.0	NaN	27.98	NaN
10/06/2018 8:00:37 PM	3611469637	1013.00	27.88	27.98	96.0	27.77	27.98	97.0	28.58	27.98	89.9	NaN	27.98	NaN
10/06/2018 8:00:38 PM	3611469638	1013.00	27.88	27.97	96.0	27.72	27.97	97.4	28.56	27.97	90.1	NaN	27.97	NaN
10/06/2018 8:00:39 PM	3611469639	1013.00	27.86	27.97	96.2	27.73	27.97	97.3	28.54	27.97	90.3	NaN	27.97	NaN
10/06/2018 8:00:40 PM	3611469640	1013.00	27.89	27.97	95.9	27.71	27.97	97.5	28.55	27.97	90.2	NaN	27.97	NaN
10/06/2018 8:00:41 PM	3611469641	1013.00	27.87	27.97	96.1	27.73	27.97	97.3	28.56	27.97	90.1	NaN	27.97	NaN
10/06/2018 8:00:42 PM	3611469642	1013.00	27.90	27.98	95.8	27.74	27.98	97.2	28.59	27.98	89.9	NaN	27.98	NaN
10/06/2018 8:00:43 PM	3611469643	1013.00	27.88	27.98	96.0	27.74	27.98	97.2	28.59	27.98	89.9	NaN	27.98	NaN
10/06/2018 8:00:44 PM	3611469644	1013.00	27.88	27.97	96.0	27.78	27.97	96.9	28.60	27.97	89.8	NaN	27.97	NaN
10/06/2018 8:00:45 PM	3611469645	1013.00	27.90	27.97	95.8	27.75	27.97	97.2	28.59	27.97	89.9	NaN	27.97	NaN
10/06/2018 8:00:46 PM	3611469646	1013.00	27.87	27.98	96.1	27.74	27.98	97.2	28.61	27.98	89.7	NaN	27.98	NaN
10/06/2018 8:00:47 PM	3611469647	1013.00	27.90	27.97	95.8	27.77	27.97	97.0	28.61	27.97	89.7	NaN	27.97	NaN
10/06/2018 8:00:48 PM	3611469648	1013.00	27.88	27.98	96.0	27.77	27.98	97.0	28.63	27.98	89.5	NaN	27.98	NaN
10/06/2018 8:00:49 PM	3611469649	1013.00	27.86	27.99	96.1	27.76	27.99	97.0	28.63	27.99	89.5	NaN	27.99	NaN
10/06/2018 8:00:50 PM	3611469650	1013.00	27.88	27.99	96.0	27.77	27.99	96.9	28.55	27.99	90.2	NaN	27.99	NaN
10/06/2018 8:00:51 PM	3611469651	1013.00	27.91	27.99	95.7	27.75	27.99	97.1	28.60	27.99	89.8	NaN	27.99	NaN
10/06/2018 8:00:52 PM	3611469652	1013.00	27.93	27.98	95.5	27.75	27.98	97.1	28.61	27.98	89.7	NaN	27.98	NaN
10/06/2018 8:00:53 PM	3611469653	1013.00	27.89	27.98	95.9	27.75	27.98	97.1	28.59	27.98	89.9	NaN	27.98	NaN
10/06/2018 8:00:54 PM	3611469654	1013.00	27.89	27.98	95.9	27.74	27.98	97.2	28.62	27.98	89.6	NaN	27.98	NaN
10/06/2018 8:00:55 PM	3611469655	1013.00	27.91	27.98	95.7	27.74	27.98	97.2	28.63	27.98	89.5	NaN	27.98	NaN
10/06/2018 8:00:56 PM	3611469656	1013.00	27.89	27.98	95.9	27.76	27.98	97.0	28.65	27.98	89.4	NaN	27.98	NaN
10/06/2018 8:00:57 PM	3611469657	1013.00	27.90	27.99	95.8	27.76	27.99	97.0	28.64	27.99	89.4	NaN	27.99	NaN
10/06/2018 8:00:58 PM	3611469658	1013.00	27.91	27.98	95.7	27.75	27.98	97.1	28.64	27.98	89.5	NaN	27.98	NaN
10/06/2018 8:00:59 PM	3611469659	1013.00	27.90	27.98	95.8	27.74	27.98	97.2	28.63	27.98	89.5	NaN	27.98	NaN
10/06/2018 8:01:00 PM	3611469660	1013.00	27.93	27.98	95.5	27.72	27.98	97.4	28.65	27.98	89.4	NaN	27.98	NaN
10/06/2018 8:01:01 PM	3611469661	1013.00	27.90	27.98	95.8	27.78	27.98	96.9	28.65	27.98	89.4	NaN	27.98	NaN
10/06/2018 8:01:02 PM	3611469662	1013.00	27.92	27.98	95.6	27.75	27.98	97.1	28.63	27.98	89.5	NaN	27.98	NaN
10/06/2018 8:01:03 PM	3611469663	1013.00	27.91	27.98	95.7	27.76	27.98	97.0	28.64	27.98	89.5	NaN	27.98	NaN
10/06/2018 8:01:04 PM	3611469664	1013.00	27.91	27.98	95.7	27.80	27.98	96.7	28.68	27.98	89.1	NaN	27.98	NaN
10/06/2018 8:01:05 PM	3611469665	1013.00	27.92	27.99	95.6	27.75	27.99	97.1	28.65	27.99	89.4	NaN	27.99	NaN
10/06/2018 8:01:06 PM	3611469666	1013.00	27.94	27.99	95.4	27.78	27.99	96.8	28.65	27.99	89.4	NaN	27.99	NaN
10/06/2018 8:01:07 PM	3611469667	1013.00	27.94	27.99	95.4	27.76	27.99	97.0	28.69	27.99	89.0	NaN	27.99	NaN
10/06/2018 8:01:08 PM	3611469668	1013.00	27.92	27.99	95.6	27.75	27.99	97.1	28.69	27.99	89.0	NaN	27.99	NaN
10/06/2018 8:01:09 PM	3611469669	1013.00	27.93	27.98	95.5	27.76	27.98	97.0	28.70	27.98	89.0	NaN	27.98	NaN
10/06/2018 8:01:10 PM	3611469670	1013.00	27.93	27.98	95.5	27.76	27.98	97.0	28.71	27.98	88.9	NaN	27.98	NaN
10/06/2018 8:01:11 PM	3611469671	1013.00	27.96	27.98	95.3	27.74	27.98	97.2	28.73	27.98	88.7	NaN	27.98	NaN
10/06/2018 8:01:12 PM	3611469672	1013.00	27.94	27.98	95.4	27.75	27.98	97.1	28.67	27.98	89.2	NaN	27.98	NaN
10/06/2018 8:01:13 PM	3611469673	1013.00	27.94	27.98	95.4	27.77	27.98	97.0	28.69	27.98	89.0	NaN	27.98	NaN
10/06/2018 8:01:14 PM	3611469674	1013.00	27.94	27.97	95.4	27.79	27.97	96.8	28.69	27.97	89.1	NaN	27.97	NaN
10/06/2018 8:01:15 PM	3611469675	1013.00	27.96	27.97	95.3	27.79	27.97	96.8	28.69	27.97	89.1	NaN	27.97	NaN
10/06/2018 8:01:16 PM	3611469676	1013.00	27.96	27.98	95.3	27.76	27.98	97.0	28.71	27.98	88.9	NaN	27.98	NaN
10/06/2018 8:01:17 PM	3611469677	1013.00	27.96	27.99	95.2	27.77	27.99	96.9	28.73	27.99	88.7	NaN	27.99	NaN
10/06/2018 8:01:18 PM	3611469678	1013.00	27.95	27.99	95.3	27.76	27.99	97.0	28.73	27.99	88.7	NaN	27.99	NaN
10/06/2018 8:01:19 PM	3611469679	1013.00	27.95	28.00	95.3	27.79	28.00	96.7	28.73	28.00	88.7	NaN	28.00	NaN
10/06/2018 8:01:20 PM	3611469680	1013.00	27.94	28.00	95.4	27.77	28.00	96.9	28.73	28.00	88.7	NaN	28.00	NaN
10/06/2018 8:01:21 PM	3611469681	1013.00	27.96	28.00	95.2	27.77	28.00	96.9	28.69	28.00	89.0	NaN	28.00	NaN
10/06/2018 8:01:22 PM	3611469682	1013.00	27.98	28.00	95.0	27.76	28.00	97.0	28.74	28.00	88.6	NaN	28.00	NaN
10/06/2018 8:01:23 PM	3611469683	1013.00	27.95	28.00	95.3	27.76	28.00	97.0	28.71	28.00	88.8	NaN	28.00	NaN
10/06/2018 8:01:24 PM	3611469684	1013.00	27.97	28.00	95.1	27.77	28.00	96.9	28.76	28.00	88.4	NaN	28.00	NaN
10/06/2018 8:01:25 PM	3611469685	1013.00	27.98	27.99	95.1	27.77	27.99	96.9	28.73	27.99	88.7	NaN	27.99	NaN
10/06/2018 8:01:26 PM	3611469686	1013.00	27.99	27.98	95.0	27.78	27.98	96.9	28.76	27.98	88.5	NaN	27.98	NaN
10/06/2018 8:01:27 PM	3611469687	1013.00	27.99	27.99	95.0	27.80	27.99	96.7	28.72	27.99	88.8	NaN	27.99	NaN
10/06/2018 8:01:28 PM	3611469688	1013.00	27.96	27.99	95.2	27.75	27.99	97.1	28.74	27.99	88.6	NaN	27.99	NaN
10/06/2018 8:01:29 PM	3611469689	1013.00	28.00	27.99	94.9	27.77	27.99	96.9	28.77	27.99	88.4	NaN	27.99	NaN
10/06/2018 8:01:30 PM	3611469690	1013.00	27.96	28.00	95.2	27.77	28.00	96.9	28.75	28.00	88.5	NaN	28.00	NaN
10/06/2018 8:01:31 PM	3611469691	1013.00	27.96	28.00	95.2	27.76	28.00	97.0	28.76	28.00	88.4	NaN	28.00	NaN
10/06/2018 8:01:32 PM	3611469692	1013.00	28.01	27.99	94.8	27.73	27.99	97.3	28.73	27.99	88.7	NaN	27.99	NaN
10/06/2018 8:01:33 PM	3611469693	1013.00	27.98	27.99	95.1	27.76	27.99	97.0	28.76	27.99	88.5	NaN	27.99	NaN
10/06/2018 8:01:34 PM	3611469694	1013.00	27.98	27.99	95.1	27.78	27.99	96.8	28.76	27.99	88.5	NaN	27.99	NaN
10/06/2018 8:01:35 PM	3611469695	1013.00	27.99	27.99	95.0	27.80	27.99	96.7	28.78	27.99	88.3	NaN	27.99	NaN
10/06/2018 8:01:36 PM	3611469696	1013.00	27.99	27.98	95.0	27.77	27.98	97.0	28.78	27.98	88.3	NaN	27.98	NaN
10/06/2018 8:01:37 PM	3611469697	1013.00	28.01	27.98	94.8	27.79	27.98	96.8	28.79	27.98	88.2	NaN	27.98	NaN
10/06/2018 8:01:38 PM	3611469698	1013.00	27.99	27.98	95.0	27.75	27.98	97.1	28.76	27.98	88.5	NaN	27.98	NaN
10/06/2018 8:01:39 PM	3611469699	1013.00	28.01	27.98	94.8	27.76	27.98	97.0	28.77	27.98	88.4	NaN	27.98	NaN
10/06/2018 8:01:40 PM	3611469700	1013.00	28.02	27.98	94.7	27.79	27.98	96.8	28.77	27.98	88.4	NaN	27.98	NaN
10/06/2018 8:01:41 PM	3611469701	1013.00	28.00	27.99	94.9	27.76	27.99	97.0	28.74	27.99	88.6	NaN	27.99	NaN
10/06/2018 8:01:42 PM	3611469702	1013.00	28.00	27.99	94.9	27.79	27.99	96.8	28.81	27.99	88.1	NaN	27.99	NaN
10/06/2018 8:01:43 PM	3611469703	1013.00	28.00	28.00	94.9	27.78	28.00	96.8	28.80	28.00	88.1	NaN	28.00	NaN
10/06/2018 8:01:44 PM	3611469704	1013.00	27.99	27.99	95.0	27.75	27.99	97.1	28.80	27.99	88.1	NaN	27.99	NaN
10/06/2018 8:01:45 PM	3611469705	1013.00	28.02	27.99	94.7	27.77	27.99	96.9	28.80	27.99	88.1	NaN	27.99	NaN
10/06/2018 8:01:46 PM	3611469706	1013.00	28.03	28.00	94.6	27.78	28.00	96.8	28.82	28.00	88.0	NaN	28.00	NaN
10/06/2018 8:01:47 PM	3611469707	1013.00	27.99	27.98	95.0	27.78	27.98	96.9	28.84	27.98	87.8	NaN	27.98	NaN
10/06/2018 8:01:48 PM	3611469708	1013.00	28.03	27.98	94.6	27.76	27.98	97.0	28.82	27.98	88.0	NaN	27.98	NaN
10/06/2018 8:01:49 PM	3611469709	1013.00	28.04	27.99	94.5	27.80	27.99	96.7	28.82	27.99	88.0	NaN	27.99	NaN
10/06/2018 8:01:50 PM	3611469710	1013.00	28.03	27.99	94.6	27.77	27.99	96.9	28.85	27.99	87.7	NaN	27.99	NaN
10/06/2018 8:01:51 PM	3611469711	1013.00	28.01	27.99	94.8	27.81	27.99	96.6	28.85	27.99	87.7	NaN	27.99	NaN
10/06/2018 8:01:52 PM	3611469712	1013.00	28.05	28.00	94.4	27.78	28.00	96.8	28.81	28.00	88.0	NaN	28.00	NaN
10/06/2018 8:01:53 PM	3611469713	1013.00	28.05	27.99	94.4	27.77	27.99	96.9	28.82	27.99	88.0	NaN	27.99	NaN
10/06/2018 8:01:54 PM	3611469714	1013.00	28.02	27.99	94.7	27.79	27.99	96.8	28.83	27.99	87.9	NaN	27.99	NaN
10/06/2018 8:01:55 PM	3611469715	1013.00	28.04	27.99	94.5	27.78	27.99	96.8	28.85	27.99	87.7	NaN	27.99	NaN
10/06/2018 8:01:56 PM	3611469716	1013.00	28.05	27.99	94.4	27.75	27.99	97.1	28.84	27.99	87.8	NaN	27.99	NaN
10/06/2018 8:01:57 PM	3611469717	1013.00	28.03	27.99	94.6	27.76	27.99	97.0	28.83	27.99	87.9	NaN	27.99	NaN
10/06/2018 8:01:58 PM	3611469718	1013.00	28.07	27.99	94.3	27.80	27.99	96.7	28.86	27.99	87.7	NaN	27.99	NaN
10/06/2018 8:01:59 PM	3611469719	1013.00	28.04	27.98	94.5	27.75	27.98	97.1	28.88	27.98	87.5	NaN	27.98	NaN
10/06/2018 8:02:00 PM	3611469720	1013.00	28.05	27.98	94.5	27.76	27.98	97.0	28.86	27.98	87.7	NaN	27.98	NaN
10/06/2018 8:02:01 PM	3611469721	1013.00	28.08	27.98	94.2	27.75	27.98	97.1	28.83	27.98	87.9	NaN	27.98	NaN
10/06/2018 8:02:02 PM	3611469722	1013.00	28.04	27.98	94.5	27.81	27.98	96.6	28.89	27.98	87.4	NaN	27.98	NaN
10/06/2018 8:02:03 PM	3611469723	1013.00	28.06	27.99	94.4	27.78	27.99	96.8	28.88	27.99	87.5	NaN	27.99	NaN
10/06/2018 8:02:04 PM	3611469724	1013.00	28.04	27.99	94.5	27.79	27.99	96.8	28.87	27.99	87.6	NaN	27.99	NaN
10/06/2018 8:02:05 PM	3611469725	1013.00	28.06	27.98	94.4	27.76	27.98	97.0	28.87	27.98	87.6	NaN	27.98	NaN
10/06/2018 8:02:06 PM	3611469726	1013.00	28.08	27.99	94.2	27.78	27.99	96.8	28.86	27.99	87.7	NaN	27.99	NaN
10/06/2018 8:02:07 PM	3611469727	1013.00	28.05	27.98	94.5	27.76	27.98	97.0	28.87	27.98	87.6	NaN	27.98	NaN
10/06/2018 8:02:08 PM	3611469728	1013.00	28.09	27.99	94.1	27.79	27.99	96.8	28.87	27.99	87.6	NaN	27.99	NaN
10/06/2018 8:02:09 PM	3611469729	1013.00	28.05	27.99	94.4	27.79	27.99	96.8	28.89	27.99	87.4	NaN	27.99	NaN
10/06/2018 8:02:10 PM	3611469730	1013.00	28.09	27.99	94.1	27.77	27.99	96.9	28.90	27.99	87.3	NaN	27.99	NaN
10/06/2018 8:02:11 PM	3611469731	1013.00	28.08	28.00	94.2	27.81	28.00	96.6	28.91	28.00	87.2	NaN	28.00	NaN
10/06/2018 8:02:12 PM	3611469732	1013.00	28.09	28.00	94.1	27.75	28.00	97.1	28.92	28.00	87.2	NaN	28.00	NaN
10/06/2018 8:02:13 PM	3611469733	1013.00	28.08	28.00	94.2	27.78	28.00	96.8	28.91	28.00	87.2	NaN	28.00	NaN
10/06/2018 8:02:14 PM	3611469734	1013.00	28.09	28.00	94.1	27.80	28.00	96.7	28.90	28.00	87.3	NaN	28.00	NaN
10/06/2018 8:02:15 PM	3611469735	1013.00	28.11	28.00	93.9	27.79	28.00	96.7	28.91	28.00	87.2	NaN	28.00	NaN
10/06/2018 8:02:16 PM	3611469736	1013.00	28.10	27.99	94.0	27.78	27.99	96.8	28.93	27.99	87.1	NaN	27.99	NaN
10/06/2018 8:02:17 PM	3611469737	1013.00	28.10	27.98	94.0	27.79	27.98	96.8	28.97	27.98	86.8	NaN	27.98	NaN
10/06/2018 8:02:18 PM	3611469738	1013.00	28.07	27.98	94.3	27.79	27.98	96.8	28.94	27.98	87.0	NaN	27.98	NaN
10/06/2018 8:02:19 PM	3611469739	1013.00	28.10	27.98	94.0	27.80	27.98	96.7	28.94	27.98	87.0	NaN	27.98	NaN
10/06/2018 8:02:20 PM	3611469740	1013.00	28.10	27.98	94.0	27.75	27.98	97.1	28.96	27.98	86.9	NaN	27.98	NaN
10/06/2018 8:02:21 PM	3611469741	1013.00	28.13	27.99	93.7	27.78	27.99	96.8	28.95	27.99	86.9	NaN	27.99	NaN
10/06/2018 8:02:22 PM	3611469742	1013.00	28.11	28.00	93.9	27.77	28.00	96.9	28.94	28.00	87.0	NaN	28.00	NaN
10/06/2018 8:02:23 PM	3611469743	1013.00	28.11	28.00	93.9	27.77	28.00	96.9	28.95	28.00	86.9	NaN	28.00	NaN
10/06/2018 8:02:24 PM	3611469744	1013.00	28.11	27.99	93.9	27.76	27.99	97.0	28.99	27.99	86.6	NaN	27.99	NaN
10/06/2018 8:02:25 PM	3611469745	1013.00	28.11	28.00	93.9	27.79	28.00	96.7	28.96	28.00	86.8	NaN	28.00	NaN
10/06/2018 8:02:26 PM	3611469746	1013.00	28.12	27.99	93.8	27.78	27.99	96.8	29.02	27.99	86.4	NaN	27.99	NaN
10/06/2018 8:02:27 PM	3611469747	1013.00	28.14	27.99	93.7	27.78	27.99	96.8	28.99	27.99	86.6	NaN	27.99	NaN
10/06/2018 8:02:28 PM	3611469748	1013.00	28.13	27.99	93.7	27.76	27.99	97.0	29.02	27.99	86.4	NaN	27.99	NaN
10/06/2018 8:02:29 PM	3611469749	1013.00	28.14	27.99	93.7	27.77	27.99	96.9	29.02	27.99	86.4	NaN	27.99	NaN
10/06/2018 8:02:30 PM	3611469750	1013.00	28.13	27.99	93.7	27.79	27.99	96.8	28.99	27.99	86.6	NaN	27.99	NaN
10/06/2018 8:02:31 PM	3611469751	1013.00	28.16	27.99	93.5	27.81	27.99	96.6	29.03	27.99	86.3	NaN	27.99	NaN
10/06/2018 8:02:32 PM	3611469752	1013.00	28.14	27.99	93.7	27.78	27.99	96.8	28.99	27.99	86.6	NaN	27.99	NaN
10/06/2018 8:02:33 PM	3611469753	1013.00	28.15	28.00	93.6	27.80	28.00	96.7	29.03	28.00	86.3	NaN	28.00	NaN
10/06/2018 8:02:34 PM	3611469754	1013.00	28.15	27.99	93.6	27.79	27.99	96.8	29.04	27.99	86.2	NaN	27.99	NaN
10/06/2018 8:02:35 PM	3611469755	1013.00	28.15	28.00	93.6	27.78	28.00	96.8	29.02	28.00	86.4	NaN	28.00	NaN
10/06/2018 8:02:36 PM	3611469756	1013.00	28.18	28.01	93.3	27.79	28.01	96.7	29.02	28.01	86.4	NaN	28.01	NaN
10/06/2018 8:02:37 PM	3611469757	1013.00	28.15	28.01	93.5	27.78	28.01	96.8	29.06	28.01	86.0	NaN	28.01	NaN
10/06/2018 8:02:38 PM	3611469758	1013.00	28.16	28.01	93.5	27.80	28.01	96.6	29.03	28.01	86.3	NaN	28.01	NaN
10/06/2018 8:02:39 PM	3611469759	1013.00	28.18	28.01	93.3	27.79	28.01	96.7	29.06	28.01	86.0	NaN	28.01	NaN
10/06/2018 8:02:40 PM	3611469760	1013.00	28.16	28.00	93.5	27.75	28.00	97.1	29.07	28.00	86.0	NaN	28.00	NaN
10/06/2018 8:02:41 PM	3611469761	1013.00	28.15	28.00	93.6	27.82	28.00	96.5	29.06	28.00	86.1	NaN	28.00	NaN
10/06/2018 8:02:42 PM	3611469762	1013.00	28.20	27.99	93.1	27.81	27.99	96.6	29.11	27.99	85.7	NaN	27.99	NaN
10/06/2018 8:02:43 PM	3611469763	1013.00	28.19	27.99	93.2	27.81	27.99	96.6	29.08	27.99	85.9	NaN	27.99	NaN
10/06/2018 8:02:44 PM	3611469764	1013.00	28.18	27.99	93.3	27.77	27.99	96.9	29.09	27.99	85.8	NaN	27.99	NaN
10/06/2018 8:02:45 PM	3611469765	1013.00	28.19	27.98	93.2	27.80	27.98	96.7	29.11	27.98	85.7	NaN	27.98	NaN
10/06/2018 8:02:46 PM	3611469766	1013.00	28.20	27.99	93.1	27.80	27.99	96.7	29.11	27.99	85.7	NaN	27.99	NaN
10/06/2018 8:02:47 PM	3611469767	1013.00	28.22	27.99	93.0	27.78	27.99	96.8	29.11	27.99	85.7	NaN	27.99	NaN
10/06/2018 8:02:48 PM	3611469768	1013.00	28.19	27.99	93.2	27.79	27.99	96.8	29.08	27.99	85.9	NaN	27.99	NaN
10/06/2018 8:02:49 PM	3611469769	1013.00	28.21	27.99	93.1	27.81	27.99	96.6	29.12	27.99	85.6	NaN	27.99	NaN
10/06/2018 8:02:50 PM	3611469770	1013.00	28.21	27.99	93.1	27.82	27.99	96.5	29.10	27.99	85.8	NaN	27.99	NaN
10/06/2018 8:02:51 PM	3611469771	1013.00	28.21	27.98	93.1	27.80	27.98	96.7	29.18	27.98	85.2	NaN	27.98	NaN
10/06/2018 8:02:52 PM	3611469772	1013.00	28.21	27.98	93.1	27.82	27.98	96.5	29.15	27.98	85.4	NaN	27.98	NaN
10/06/2018 8:02:53 PM	3611469773	1013.00	28.22	27.98	93.0	27.83	27.98	96.4	29.18	27.98	85.2	NaN	27.98	NaN
10/06/2018 8:02:54 PM	3611469774	1013.00	28.24	27.98	92.8	27.80	27.98	96.7	29.15	27.98	85.4	NaN	27.98	NaN
10/06/2018 8:02:55 PM	3611469775	1013.00	28.22	27.99	93.0	27.79	27.99	96.8	29.20	27.99	85.0	NaN	27.99	NaN
10/06/2018 8:02:56 PM	3611469776	1013.00	28.21	27.99	93.1	27.79	27.99	96.8	29.18	27.99	85.1	NaN	27.99	NaN
10/06/2018 8:02:57 PM	3611469777	1013.00	28.21	27.99	93.1	27.81	27.99	96.6	29.19	27.99	85.1	NaN	27.99	NaN
10/06/2018 8:02:58 PM	3611469778	1013.00	28.21	27.98	93.1	27.84	27.98	96.3	29.23	27.98	84.8	NaN	27.98	NaN
10/06/2018 8:02:59 PM	3611469779	1013.00	28.24	27.98	92.8	27.81	27.98	96.6	29.18	27.98	85.2	NaN	27.98	NaN
10/06/2018 8:03:00 PM	3611469780	1013.00	28.23	27.98	92.9	27.81	27.98	96.6	29.23	27.98	84.8	NaN	27.98	NaN
10/06/2018 8:03:01 PM	3611469781	1013.00	28.25	27.98	92.7	27.83	27.98	96.4	29.24	27.98	84.7	NaN	27.98	NaN
10/06/2018 8:03:02 PM	3611469782	1013.00	28.23	27.99	92.9	27.82	27.99	96.5	29.25	27.99	84.6	NaN	27.99	NaN
10/06/2018 8:03:03 PM	3611469783	1013.00	28.23	27.99	92.9	27.81	27.99	96.6	29.25	27.99	84.6	NaN	27.99	NaN
10/06/2018 8:03:04 PM	3611469784	1013.00	28.26	27.99	92.6	27.83	27.99	96.4	29.25	27.99	84.6	NaN	27.99	NaN
10/06/2018 8:03:05 PM	3611469785	1013.00	28.26	27.99	92.6	27.83	27.99	96.4	29.25	27.99	84.6	NaN	27.99	NaN
10/06/2018 8:03:06 PM	3611469786	1013.00	28.26	28.00	92.6	27.85	28.00	96.2	29.25	28.00	84.6	NaN	28.00	NaN
10/06/2018 8:03:07 PM	3611469787	1013.00	28.25	27.99	92.7	27.82	27.99	96.5	29.27	27.99	84.4	NaN	27.99	NaN
10/06/2018 8:03:08 PM	3611469788	1013.00	28.26	28.00	92.6	27.79	28.00	96.7	29.28	28.00	84.4	NaN	28.00	NaN
10/06/2018 8:03:09 PM	3611469789	1013.00	28.25	27.99	92.7	27.83	27.99	96.4	29.27	27.99	84.4	NaN	27.99	NaN
10/06/2018 8:03:10 PM	3611469790	1013.00	28.26	27.99	92.6	27.83	27.99	96.4	29.31	27.99	84.1	NaN	27.99	NaN
10/06/2018 8:03:11 PM	3611469791	1013.00	28.27	27.99	92.5	27.84	27.99	96.3	29.32	27.99	84.1	NaN	27.99	NaN
10/06/2018 8:03:12 PM	3611469792	1013.00	28.27	27.99	92.5	27.85	27.99	96.2	29.28	27.99	84.4	NaN	27.99	NaN
10/06/2018 8:03:13 PM	3611469793	1013.00	28.28	27.98	92.5	27.84	27.98	96.3	29.27	27.98	84.5	NaN	27.98	NaN
10/06/2018 8:03:14 PM	3611469794	1013.00	28.28	28.00	92.4	27.85	28.00	96.2	29.29	28.00	84.3	NaN	28.00	NaN
10/06/2018 8:03:15 PM	3611469795	1013.00	28.27	28.00	92.5	27.86	28.00	96.1	29.28	28.00	84.4	NaN	28.00	NaN
10/06/2018 8:03:16 PM	3611469796	1013.00	28.29	28.00	92.4	27.83	28.00	96.4	29.33	28.00	84.0	NaN	28.00	NaN
10/06/2018 8:03:17 PM	3611469797	1013.00	28.32	28.00	92.1	27.85	28.00	96.2	29.26	28.00	84.5	NaN	28.00	NaN
10/06/2018 8:03:18 PM	3611469798	1013.00	28.30	28.00	92.3	27.85	28.00	96.2	29.31	28.00	84.1	NaN	28.00	NaN
10/06/2018 8:03:19 PM	3611469799	1013.00	28.30	27.99	92.3	27.84	27.99	96.3	29.32	27.99	84.1	NaN	27.99	NaN
10/06/2018 8:03:20 PM	3611469800	1013.00	28.31	28.00	92.2	27.84	28.00	96.3	29.34	28.00	83.9	NaN	28.00	NaN
10/06/2018 8:03:21 PM	3611469801	1013.00	28.33	28.00	92.0	27.87	28.00	96.0	29.33	28.00	84.0	NaN	28.00	NaN
10/06/2018 8:03:22 PM	3611469802	1013.00	28.31	28.01	92.2	27.88	28.01	95.9	29.33	28.01	84.0	NaN	28.01	NaN
10/06/2018 8:03:23 PM	3611469803	1013.00	28.30	28.01	92.3	27.83	28.01	96.4	29.35	28.01	83.8	NaN	28.01	NaN
10/06/2018 8:03:24 PM	3611469804	1013.00	28.32	28.01	92.1	27.86	28.01	96.1	29.32	28.01	84.0	NaN	28.01	NaN
10/06/2018 8:03:25 PM	3611469805	1013.00	28.33	28.00	92.0	27.87	28.00	96.0	29.35	28.00	83.8	NaN	28.00	NaN
10/06/2018 8:03:26 PM	3611469806	1013.00	28.34	28.00	91.9	27.87	28.00	96.0	29.39	28.00	83.5	NaN	28.00	NaN
10/06/2018 8:03:27 PM	3611469807	1013.00	28.31	28.00	92.2	27.85	28.00	96.2	29.37	28.00	83.7	NaN	28.00	NaN
10/06/2018 8:03:28 PM	3611469808	1013.00	28.34	28.00	91.9	27.82	28.00	96.5	29.40	28.00	83.4	NaN	28.00	NaN
10/06/2018 8:03:29 PM	3611469809	1013.00	28.34	27.99	91.9	27.86	27.99	96.1	29.40	27.99	83.5	NaN	27.99	NaN
10/06/2018 8:03:30 PM	3611469810	1013.00	28.37	28.00	91.7	27.88	28.00	95.9	29.43	28.00	83.2	NaN	28.00	NaN
10/06/2018 8:03:31 PM	3611469811	1013.00	28.34	27.99	91.9	27.89	27.99	95.9	29.40	27.99	83.5	NaN	27.99	NaN
10/06/2018 8:03:32 PM	3611469812	1013.00	28.35	27.99	91.9	27.86	27.99	96.1	29.43	27.99	83.2	NaN	27.99	NaN
10/06/2018 8:03:33 PM	3611469813	1013.00	28.35	27.99	91.9	27.86	27.99	96.1	29.42	27.99	83.3	NaN	27.99	NaN
10/06/2018 8:03:34 PM	3611469814	1013.00	28.38	27.99	91.6	27.88	27.99	96.0	29.45	27.99	83.1	NaN	27.99	NaN
10/06/2018 8:03:35 PM	3611469815	1013.00	28.35	27.99	91.9	27.84	27.99	96.3	29.46	27.99	83.0	NaN	27.99	NaN
10/06/2018 8:03:36 PM	3611469816	1013.00	28.37	28.00	91.7	27.84	28.00	96.3	29.45	28.00	83.1	NaN	28.00	NaN
10/06/2018 8:03:37 PM	3611469817	1013.00	28.37	28.01	91.7	27.86	28.01	96.1	29.44	28.01	83.1	NaN	28.01	NaN
10/06/2018 8:03:38 PM	3611469818	1013.00	28.37	28.00	91.7	27.88	28.00	95.9	29.47	28.00	82.9	NaN	28.00	NaN
10/06/2018 8:03:39 PM	3611469819	1013.00	28.39	28.01	91.5	27.88	28.01	95.9	29.45	28.01	83.0	NaN	28.01	NaN
10/06/2018 8:03:40 PM	3611469820	1013.00	28.37	28.00	91.7	27.86	28.00	96.1	29.48	28.00	82.8	NaN	28.00	NaN
10/06/2018 8:03:41 PM	3611469821	1013.00	28.41	27.99	91.4	27.85	27.99	96.2	29.51	27.99	82.6	NaN	27.99	NaN
10/06/2018 8:03:42 PM	3611469822	1013.00	28.40	27.99	91.4	27.87	27.99	96.0	29.52	27.99	82.6	NaN	27.99	NaN
10/06/2018 8:03:43 PM	3611469823	1013.00	28.41	27.99	91.4	27.89	27.99	95.9	29.53	27.99	82.5	NaN	27.99	NaN
10/06/2018 8:03:44 PM	3611469824	1013.00	28.42	27.99	91.3	27.83	27.99	96.4	29.53	27.99	82.5	NaN	27.99	NaN
10/06/2018 8:03:45 PM	3611469825	1013.00	28.42	28.00	91.3	27.90	28.00	95.8	29.54	28.00	82.4	NaN	28.00	NaN
10/06/2018 8:03:46 PM	3611469826	1013.00	28.42	28.00	91.3	27.90	28.00	95.8	29.58	28.00	82.1	NaN	28.00	NaN
10/06/2018 8:03:47 PM	3611469827	1013.00	28.41	28.00	91.3	27.90	28.00	95.8	29.58	28.00	82.1	NaN	28.00	NaN
10/06/2018 8:03:48 PM	3611469828	1013.00	28.44	28.00	91.1	27.86	28.00	96.1	29.58	28.00	82.1	NaN	28.00	NaN
10/06/2018 8:03:49 PM	3611469829	1013.00	28.43	28.01	91.2	27.85	28.01	96.2	29.58	28.01	82.1	NaN	28.01	NaN
10/06/2018 8:03:50 PM	3611469830	1013.00	28.46	28.00	90.9	27.86	28.00	96.1	29.60	28.00	81.9	NaN	28.00	NaN
10/06/2018 8:03:51 PM	3611469831	1013.00	28.45	28.00	91.0	27.88	28.00	95.9	29.64	28.00	81.7	NaN	28.00	NaN
10/06/2018 8:03:52 PM	3611469832	1013.00	28.46	28.00	90.9	27.91	28.00	95.7	29.59	28.00	82.0	NaN	28.00	NaN
10/06/2018 8:03:53 PM	3611469833	1013.00	28.46	28.01	90.9	27.88	28.01	95.9	29.64	28.01	81.6	NaN	28.01	NaN
10/06/2018 8:03:54 PM	3611469834	1013.00	28.42	28.00	91.3	27.91	28.00	95.7	29.65	28.00	81.6	NaN	28.00	NaN
10/06/2018 8:03:55 PM	3611469835	1013.00	28.48	28.00	90.7	27.88	28.00	95.9	29.65	28.00	81.6	NaN	28.00	NaN
10/06/2018 8:03:56 PM	3611469836	1013.00	28.44	28.01	91.1	27.91	28.01	95.6	29.65	28.01	81.6	NaN	28.01	NaN
10/06/2018 8:03:57 PM	3611469837	1013.00	28.45	28.00	91.0	27.93	28.00	95.5	29.64	28.00	81.7	NaN	28.00	NaN
10/06/2018 8:03:58 PM	3611469838	1013.00	28.45	28.00	91.0	27.90	28.00	95.8	29.67	28.00	81.4	NaN	28.00	NaN
10/06/2018 8:03:59 PM	3611469839	1013.00	28.47	28.01	90.8	27.90	28.01	95.7	29.65	28.01	81.6	NaN	28.01	NaN
10/06/2018 8:04:00 PM	3611469840	1013.00	28.47	28.00	90.8	27.92	28.00	95.6	29.68	28.00	81.4	NaN	28.00	NaN
10/06/2018 8:04:01 PM	3611469841	1013.00	28.49	28.00	90.7	27.90	28.00	95.8	29.68	28.00	81.4	NaN	28.00	NaN
10/06/2018 8:04:02 PM	3611469842	1013.00	28.48	28.00	90.7	27.93	28.00	95.5	29.68	28.00	81.4	NaN	28.00	NaN
10/06/2018 8:04:03 PM	3611469843	1013.00	28.50	28.00	90.6	27.91	28.00	95.7	29.68	28.00	81.4	NaN	28.00	NaN
10/06/2018 8:04:04 PM	3611469844	1013.00	28.50	28.00	90.6	27.91	28.00	95.7	29.70	28.00	81.2	NaN	28.00	NaN
10/06/2018 8:04:05 PM	3611469845	1013.00	28.50	28.00	90.6	27.91	28.00	95.7	29.72	28.00	81.1	NaN	28.00	NaN
10/06/2018 8:04:06 PM	3611469846	1013.00	28.50	28.00	90.6	27.89	28.00	95.8	29.72	28.00	81.1	NaN	28.00	NaN
10/06/2018 8:04:07 PM	3611469847	1013.00	28.53	28.01	90.3	27.93	28.01	95.5	29.73	28.01	81.0	NaN	28.01	NaN
10/06/2018 8:04:08 PM	3611469848	1013.00	28.53	28.01	90.3	27.91	28.01	95.6	29.75	28.01	80.8	NaN	28.01	NaN
10/06/2018 8:04:09 PM	3611469849	1013.00	28.51	28.00	90.5	27.91	28.00	95.7	29.73	28.00	81.0	NaN	28.00	NaN
10/06/2018 8:04:10 PM	3611469850	1013.00	28.54	28.01	90.2	27.92	28.01	95.6	29.76	28.01	80.8	NaN	28.01	NaN
10/06/2018 8:04:11 PM	3611469851	1013.00	28.54	28.01	90.2	27.92	28.01	95.6	29.77	28.01	80.7	NaN	28.01	NaN
10/06/2018 8:04:12 PM	3611469852	1013.00	28.54	28.01	90.2	27.92	28.01	95.6	29.77	28.01	80.7	NaN	28.01	NaN
10/06/2018 8:04:13 PM	3611469853	1013.00	28.52	28.00	90.4	27.92	28.00	95.6	29.82	28.00	80.3	NaN	28.00	NaN
10/06/2018 8:04:14 PM	3611469854	1013.00	28.54	28.00	90.2	27.94	28.00	95.4	29.78	28.00	80.6	NaN	28.00	NaN
10/06/2018 8:04:15 PM	3611469855	1013.00	28.54	28.00	90.2	27.91	28.00	95.7	29.81	28.00	80.4	NaN	28.00	NaN
10/06/2018 8:04:16 PM	3611469856	1013.00	28.55	27.99	90.2	27.92	27.99	95.6	29.81	27.99	80.4	NaN	27.99	NaN
10/06/2018 8:04:17 PM	3611469857	1013.00	28.55	28.00	90.2	27.91	28.00	95.7	29.83	28.00	80.3	NaN	28.00	NaN
10/06/2018 8:04:18 PM	3611469858	1013.00	28.55	28.01	90.1	27.93	28.01	95.5	29.81	28.01	80.4	NaN	28.01	NaN
10/06/2018 8:04:19 PM	3611469859	1013.00	28.54	28.00	90.2	27.92	28.00	95.6	29.82	28.00	80.3	NaN	28.00	NaN
10/06/2018 8:04:20 PM	3611469860	1013.00	28.54	28.00	90.2	27.93	28.00	95.5	29.83	28.00	80.3	NaN	28.00	NaN
10/06/2018 8:04:21 PM	3611469861	1013.00	28.56	28.01	90.1	27.92	28.01	95.6	29.84	28.01	80.2	NaN	28.01	NaN
10/06/2018 8:04:22 PM	3611469862	1013.00	28.56	28.01	90.1	27.93	28.01	95.5	29.85	28.01	80.1	NaN	28.01	NaN
10/06/2018 8:04:23 PM	3611469863	1013.00	28.58	28.01	89.9	27.93	28.01	95.5	29.86	28.01	80.0	NaN	28.01	NaN
10/06/2018 8:04:24 PM	3611469864	1013.00	28.59	28.01	89.8	27.94	28.01	95.4	29.83	28.01	80.3	NaN	28.01	NaN
10/06/2018 8:04:25 PM	3611469865	1013.00	28.56	28.00	90.1	27.91	28.00	95.7	29.85	28.00	80.1	NaN	28.00	NaN
10/06/2018 8:04:26 PM	3611469866	1013.00	28.58	28.01	89.9	27.94	28.01	95.4	29.85	28.01	80.1	NaN	28.01	NaN
10/06/2018 8:04:27 PM	3611469867	1013.00	28.59	28.00	89.8	27.95	28.00	95.3	29.86	28.00	80.1	NaN	28.00	NaN
10/06/2018 8:04:28 PM	3611469868	1013.00	28.60	28.00	89.8	27.94	28.00	95.4	29.85	28.00	80.1	NaN	28.00	NaN
10/06/2018 8:04:29 PM	3611469869	1013.00	28.57	28.01	90.0	27.92	28.01	95.6	29.86	28.01	80.0	NaN	28.01	NaN
10/06/2018 8:04:30 PM	3611469870	1013.00	28.60	28.00	89.8	27.94	28.00	95.4	29.87	28.00	80.0	NaN	28.00	NaN
10/06/2018 8:04:31 PM	3611469871	1013.00	28.60	28.00	89.8	27.93	28.00	95.5	29.85	28.00	80.1	NaN	28.00	NaN
10/06/2018 8:04:32 PM	3611469872	1013.00	28.60	28.00	89.8	27.98	28.00	95.0	29.87	28.00	80.0	NaN	28.00	NaN
10/06/2018 8:04:33 PM	3611469873	1013.00	28.61	27.99	89.7	27.96	27.99	95.2	29.84	27.99	80.2	NaN	27.99	NaN
10/06/2018 8:04:34 PM	3611469874	1013.00	28.62	28.00	89.6	27.93	28.00	95.5	29.87	28.00	80.0	NaN	28.00	NaN
10/06/2018 8:04:35 PM	3611469875	1013.00	28.62	28.00	89.6	27.94	28.00	95.4	29.89	28.00	79.8	NaN	28.00	NaN
10/06/2018 8:04:36 PM	3611469876	1013.00	28.61	28.00	89.7	27.98	28.00	95.0	29.92	28.00	79.6	NaN	28.00	NaN
10/06/2018 8:04:37 PM	3611469877	1013.00	28.60	28.00	89.8	27.98	28.00	95.0	29.90	28.00	79.8	NaN	28.00	NaN
10/06/2018 8:04:38 PM	3611469878	1013.00	28.62	27.99	89.6	27.97	27.99	95.1	29.93	27.99	79.6	NaN	27.99	NaN
10/06/2018 8:04:39 PM	3611469879	1013.00	28.62	27.99	89.6	27.95	27.99	95.3	29.90	27.99	79.8	NaN	27.99	NaN
10/06/2018 8:04:40 PM	3611469880	1013.00	28.63	27.99	89.5	27.94	27.99	95.4	29.93	27.99	79.6	NaN	27.99	NaN
10/06/2018 8:04:41 PM	3611469881	1013.00	28.62	27.98	89.6	27.96	27.98	95.3	29.94	27.98	79.5	NaN	27.98	NaN
10/06/2018 8:04:42 PM	3611469882	1013.00	28.62	27.99	89.6	27.97	27.99	95.1	29.93	27.99	79.6	NaN	27.99	NaN
10/06/2018 8:04:43 PM	3611469883	1013.00	28.62	27.99	89.6	27.96	27.99	95.2	29.90	27.99	79.8	NaN	27.99	NaN
10/06/2018 8:04:44 PM	3611469884	1013.00	28.66	27.99	89.3	27.97	27.99	95.1	29.94	27.99	79.5	NaN	27.99	NaN
10/06/2018 8:04:45 PM	3611469885	1013.00	28.63	27.99	89.5	27.97	27.99	95.1	29.94	27.99	79.5	NaN	27.99	NaN
10/06/2018 8:04:46 PM	3611469886	1013.00	28.64	28.00	89.4	27.93	28.00	95.5	29.94	28.00	79.5	NaN	28.00	NaN
10/06/2018 8:04:47 PM	3611469887	1013.00	28.65	27.99	89.4	27.96	27.99	95.2	29.96	27.99	79.4	NaN	27.99	NaN
10/06/2018 8:04:48 PM	3611469888	1013.00	28.66	27.99	89.3	27.98	27.99	95.1	29.96	27.99	79.4	NaN	27.99	NaN
10/06/2018 8:04:49 PM	3611469889	1013.00	28.66	27.99	89.3	27.98	27.99	95.1	29.98	27.99	79.2	NaN	27.99	NaN
10/06/2018 8:04:50 PM	3611469890	1013.00	28.67	27.98	89.2	27.97	27.98	95.2	29.96	27.98	79.4	NaN	27.98	NaN
10/06/2018 8:04:51 PM	3611469891	1013.00	28.66	27.99	89.3	27.97	27.99	95.1	29.99	27.99	79.1	NaN	27.99	NaN
10/06/2018 8:04:52 PM	3611469892	1013.00	28.65	27.99	89.4	27.97	27.99	95.1	30.00	27.99	79.1	NaN	27.99	NaN
10/06/2018 8:04:53 PM	3611469893	1013.00	28.66	27.99	89.3	27.98	27.99	95.1	30.02	27.99	78.9	NaN	27.99	NaN
10/06/2018 8:04:54 PM	3611469894	1013.00	28.68	28.00	89.1	27.98	28.00	95.0	30.01	28.00	79.0	NaN	28.00	NaN
10/06/2018 8:04:55 PM	3611469895	1013.00	28.69	28.01	89.0	27.95	28.01	95.3	30.03	28.01	78.8	NaN	28.01	NaN
10/06/2018 8:04:56 PM	3611469896	1013.00	28.69	28.01	89.0	28.01	28.01	94.8	30.06	28.01	78.6	NaN	28.01	NaN
10/06/2018 8:04:57 PM	3611469897	1013.00	28.70	28.00	88.9	27.99	28.00	95.0	30.06	28.00	78.6	NaN	28.00	NaN
10/06/2018 8:04:58 PM	3611469898	1013.00	28.70	28.00	88.9	27.99	28.00	95.0	30.04	28.00	78.8	NaN	28.00	NaN
10/06/2018 8:04:59 PM	3611469899	1013.00	28.71	28.00	88.9	27.98	28.00	95.0	30.02	28.00	78.9	NaN	28.00	NaN
10/06/2018 8:05:00 PM	3611469900	1013.00	28.73	28.00	88.7	27.97	28.00	95.1	30.04	28.00	78.8	NaN	28.00	NaN
10/06/2018 8:05:01 PM	3611469901	1013.00	28.71	28.00	88.9	27.99	28.00	95.0	30.07	28.00	78.6	NaN	28.00	NaN
10/06/2018 8:05:02 PM	3611469902	1013.00	28.69	28.00	89.0	27.99	28.00	95.0	30.05	28.00	78.7	NaN	28.00	NaN
10/06/2018 8:05:03 PM	3611469903	1013.00	28.73	27.99	88.7	27.99	27.99	95.0	30.09	27.99	78.4	NaN	27.99	NaN
10/06/2018 8:05:04 PM	3611469904	1013.00	28.72	27.99	88.8	27.99	27.99	95.0	30.06	27.99	78.6	NaN	27.99	NaN
10/06/2018 8:05:05 PM	3611469905	1013.00	28.73	27.99	88.7	28.03	27.99	94.6	30.07	27.99	78.6	NaN	27.99	NaN
10/06/2018 8:05:06 PM	3611469906	1013.00	28.73	28.00	88.7	28.00	28.00	94.9	30.10	28.00	78.4	NaN	28.00	NaN
10/06/2018 8:05:07 PM	3611469907	1013.00	28.76	28.00	88.4	28.01	28.00	94.8	30.09	28.00	78.4	NaN	28.00	NaN
10/06/2018 8:05:08 PM	3611469908	1013.00	28.77	28.00	88.4	28.04	28.00	94.5	30.06	28.00	78.6	NaN	28.00	NaN
10/06/2018 8:05:09 PM	3611469909	1013.00	28.77	28.00	88.4	28.04	28.00	94.5	30.08	28.00	78.5	NaN	28.00	NaN
10/06/2018 8:05:10 PM	3611469910	1013.00	28.77	28.00	88.4	28.00	28.00	94.9	30.07	28.00	78.6	NaN	28.00	NaN
10/06/2018 8:05:11 PM	3611469911	1013.00	28.79	28.00	88.2	28.01	28.00	94.8	30.12	28.00	78.2	NaN	28.00	NaN
10/06/2018 8:05:12 PM	3611469912	1013.00	28.77	28.00	88.4	28.04	28.00	94.5	30.11	28.00	78.3	NaN	28.00	NaN
10/06/2018 8:05:13 PM	3611469913	1013.00	28.78	28.00	88.3	28.03	28.00	94.6	30.13	28.00	78.1	NaN	28.00	NaN
10/06/2018 8:05:14 PM	3611469914	1013.00	28.77	28.01	88.3	28.06	28.01	94.3	30.12	28.01	78.2	NaN	28.01	NaN
10/06/2018 8:05:15 PM	3611469915	1013.00	28.81	28.01	88.0	28.05	28.01	94.4	30.12	28.01	78.2	NaN	28.01	NaN
10/06/2018 8:05:16 PM	3611469916	1013.00	28.78	28.01	88.3	28.06	28.01	94.3	30.13	28.01	78.1	NaN	28.01	NaN
10/06/2018 8:05:17 PM	3611469917	1013.00	28.82	28.01	87.9	28.02	28.01	94.7	30.12	28.01	78.2	NaN	28.01	NaN
10/06/2018 8:05:18 PM	3611469918	1013.00	28.80	28.02	88.1	28.07	28.02	94.2	30.14	28.02	78.0	NaN	28.02	NaN
10/06/2018 8:05:19 PM	3611469919	1013.00	28.81	28.01	88.0	28.08	28.01	94.1	30.10	28.01	78.3	NaN	28.01	NaN
10/06/2018 8:05:20 PM	3611469920	1013.00	28.83	28.02	87.8	28.04	28.02	94.5	30.12	28.02	78.2	NaN	28.02	NaN
10/06/2018 8:05:21 PM	3611469921	1013.00	28.84	28.01	87.8	28.07	28.01	94.2	30.13	28.01	78.1	NaN	28.01	NaN
10/06/2018 8:05:22 PM	3611469922	1013.00	28.83	28.00	87.9	28.06	28.00	94.3	30.14	28.00	78.1	NaN	28.00	NaN
10/06/2018 8:05:23 PM	3611469923	1013.00	28.84	28.00	87.8	28.06	28.00	94.3	30.14	28.00	78.1	NaN	28.00	NaN
10/06/2018 8:05:24 PM	3611469924	1013.00	28.85	28.00	87.7	28.07	28.00	94.3	30.19	28.00	77.7	NaN	28.00	NaN
10/06/2018 8:05:25 PM	3611469925	1013.00	28.87	27.99	87.6	28.05	27.99	94.4	30.17	27.99	77.9	NaN	27.99	NaN
10/06/2018 8:05:26 PM	3611469926	1013.00	28.85	28.00	87.7	28.04	28.00	94.5	30.20	28.00	77.7	NaN	28.00	NaN
10/06/2018 8:05:27 PM	3611469927	1013.00	28.84	28.00	87.8	28.05	28.00	94.4	30.24	28.00	77.4	NaN	28.00	NaN
10/06/2018 8:05:28 PM	3611469928	1013.00	28.87	28.00	87.6	28.10	28.00	94.0	30.24	28.00	77.4	NaN	28.00	NaN
10/06/2018 8:05:29 PM	3611469929	1013.00	28.85	28.01	87.7	28.08	28.01	94.1	30.27	28.01	77.2	NaN	28.01	NaN
10/06/2018 8:05:30 PM	3611469930	1013.00	28.89	28.01	87.4	28.07	28.01	94.2	30.28	28.01	77.1	NaN	28.01	NaN
10/06/2018 8:05:31 PM	3611469931	1013.00	28.89	28.01	87.4	28.07	28.01	94.2	30.29	28.01	77.0	NaN	28.01	NaN
10/06/2018 8:05:32 PM	3611469932	1013.00	28.90	28.01	87.3	28.09	28.01	94.1	30.32	28.01	76.8	NaN	28.01	NaN
10/06/2018 8:05:33 PM	3611469933	1013.00	28.90	28.01	87.3	28.11	28.01	93.9	30.29	28.01	77.0	NaN	28.01	NaN
10/06/2018 8:05:34 PM	3611469934	1013.00	28.89	28.01	87.4	28.09	28.01	94.1	30.36	28.01	76.5	NaN	28.01	NaN
10/06/2018 8:05:35 PM	3611469935	1013.00	28.90	28.01	87.3	28.09	28.01	94.1	30.39	28.01	76.3	NaN	28.01	NaN
10/06/2018 8:05:36 PM	3611469936	1013.00	28.89	28.00	87.4	28.06	28.00	94.3	30.36	28.00	76.6	NaN	28.00	NaN
10/06/2018 8:05:37 PM	3611469937	1013.00	28.91	28.01	87.2	28.11	28.01	93.9	30.40	28.01	76.3	NaN	28.01	NaN
10/06/2018 8:05:38 PM	3611469938	1013.00	28.91	28.02	87.2	28.10	28.02	94.0	30.35	28.02	76.6	NaN	28.02	NaN
10/06/2018 8:05:39 PM	3611469939	1013.00	28.93	28.01	87.1	28.08	28.01	94.1	30.38	28.01	76.4	NaN	28.01	NaN
10/06/2018 8:05:40 PM	3611469940	1013.00	28.93	28.02	87.1	28.14	28.02	93.6	30.43	28.02	76.1	NaN	28.02	NaN
10/06/2018 8:05:41 PM	3611469941	1013.00	28.95	28.02	86.9	28.11	28.02	93.9	30.41	28.02	76.2	NaN	28.02	NaN
10/06/2018 8:05:42 PM	3611469942	1013.00	28.93	28.01	87.1	28.11	28.01	93.9	30.38	28.01	76.4	NaN	28.01	NaN
10/06/2018 8:05:43 PM	3611469943	1013.00	28.95	28.01	86.9	28.13	28.01	93.7	30.40	28.01	76.3	NaN	28.01	NaN
10/06/2018 8:05:44 PM	3611469944	1013.00	28.93	28.00	87.1	28.15	28.00	93.6	30.43	28.00	76.1	NaN	28.00	NaN
10/06/2018 8:05:45 PM	3611469945	1013.00	28.97	28.00	86.8	28.08	28.00	94.2	30.46	28.00	75.9	NaN	28.00	NaN
10/06/2018 8:05:46 PM	3611469946	1013.00	28.96	28.01	86.8	28.10	28.01	94.0	30.44	28.01	76.0	NaN	28.01	NaN
10/06/2018 8:05:47 PM	3611469947	1013.00	28.98	28.00	86.7	28.11	28.00	93.9	30.45	28.00	75.9	NaN	28.00	NaN
10/06/2018 8:05:48 PM	3611469948	1013.00	28.98	28.00	86.7	28.14	28.00	93.6	30.44	28.00	76.0	NaN	28.00	NaN
10/06/2018 8:05:49 PM	3611469949	1013.00	28.98	28.00	86.7	28.10	28.00	94.0	30.45	28.00	75.9	NaN	28.00	NaN
10/06/2018 8:05:50 PM	3611469950	1013.00	29.00	28.00	86.5	28.13	28.00	93.7	30.48	28.00	75.7	NaN	28.00	NaN
10/06/2018 8:05:51 PM	3611469951	1013.00	29.00	28.00	86.5	28.14	28.00	93.6	30.46	28.00	75.9	NaN	28.00	NaN
10/06/2018 8:05:52 PM	3611469952	1013.00	28.97	28.00	86.8	28.15	28.00	93.6	30.48	28.00	75.7	NaN	28.00	NaN
10/06/2018 8:05:53 PM	3611469953	1013.00	29.03	28.00	86.3	28.13	28.00	93.7	30.45	28.00	75.9	NaN	28.00	NaN
10/06/2018 8:05:54 PM	3611469954	1013.00	29.02	28.00	86.4	28.13	28.00	93.7	30.51	28.00	75.5	NaN	28.00	NaN
10/06/2018 8:05:55 PM	3611469955	1013.00	28.99	27.99	86.6	28.10	27.99	94.0	30.50	27.99	75.6	NaN	27.99	NaN
10/06/2018 8:05:56 PM	3611469956	1013.00	28.98	27.99	86.7	28.14	27.99	93.7	30.50	27.99	75.6	NaN	27.99	NaN
10/06/2018 8:05:57 PM	3611469957	1013.00	29.00	27.99	86.5	28.13	27.99	93.7	30.46	27.99	75.9	NaN	27.99	NaN
10/06/2018 8:05:58 PM	3611469958	1013.00	29.01	27.98	86.5	28.16	27.98	93.5	30.52	27.98	75.5	NaN	27.98	NaN
10/06/2018 8:05:59 PM	3611469959	1013.00	29.02	27.98	86.4	28.11	27.98	93.9	30.52	27.98	75.5	NaN	27.98	NaN
10/06/2018 8:06:00 PM	3611469960	1013.00	29.03	27.99	86.3	28.15	27.99	93.6	30.51	27.99	75.6	NaN	27.99	NaN
10/06/2018 8:06:01 PM	3611469961	1013.00	29.03	27.99	86.3	28.14	27.99	93.7	30.53	27.99	75.4	NaN	27.99	NaN
10/06/2018 8:06:02 PM	3611469962	1013.00	29.02	28.00	86.4	28.15	28.00	93.6	30.56	28.00	75.2	NaN	28.00	NaN
10/06/2018 8:06:03 PM	3611469963	1013.00	29.02	28.00	86.4	28.15	28.00	93.6	30.53	28.00	75.4	NaN	28.00	NaN
10/06/2018 8:06:04 PM	3611469964	1013.00	29.04	28.01	86.2	28.17	28.01	93.4	30.55	28.01	75.3	NaN	28.01	NaN
10/06/2018 8:06:05 PM	3611469965	1013.00	29.02	28.01	86.4	28.12	28.01	93.8	30.52	28.01	75.5	NaN	28.01	NaN
10/06/2018 8:06:06 PM	3611469966	1013.00	29.02	28.01	86.4	28.16	28.01	93.5	30.50	28.01	75.6	NaN	28.01	NaN
10/06/2018 8:06:07 PM	3611469967	1013.00	29.03	28.01	86.3	28.16	28.01	93.5	30.53	28.01	75.4	NaN	28.01	NaN
10/06/2018 8:06:08 PM	3611469968	1013.00	29.05	28.01	86.1	28.14	28.01	93.6	30.56	28.01	75.2	NaN	28.01	NaN
10/06/2018 8:06:09 PM	3611469969	1013.00	29.05	27.99	86.1	28.15	27.99	93.6	30.55	27.99	75.3	NaN	27.99	NaN
10/06/2018 8:06:10 PM	3611469970	1013.00	29.06	27.99	86.1	28.18	27.99	93.3	30.58	27.99	75.1	NaN	27.99	NaN
10/06/2018 8:06:11 PM	3611469971	1013.00	29.06	27.99	86.1	28.15	27.99	93.6	30.56	27.99	75.2	NaN	27.99	NaN
10/06/2018 8:06:12 PM	3611469972	1013.00	29.05	28.00	86.1	28.17	28.00	93.4	30.56	28.00	75.2	NaN	28.00	NaN
10/06/2018 8:06:13 PM	3611469973	1013.00	29.06	28.00	86.1	28.16	28.00	93.5	30.57	28.00	75.1	NaN	28.00	NaN
10/06/2018 8:06:14 PM	3611469974	1013.00	29.06	28.01	86.0	28.16	28.01	93.5	30.56	28.01	75.2	NaN	28.01	NaN
10/06/2018 8:06:15 PM	3611469975	1013.00	29.06	28.02	86.0	28.16	28.02	93.4	30.56	28.02	75.2	NaN	28.02	NaN
10/06/2018 8:06:16 PM	3611469976	1013.00	29.06	28.02	86.0	28.18	28.02	93.3	30.57	28.02	75.1	NaN	28.02	NaN
10/06/2018 8:06:17 PM	3611469977	1013.00	29.06	28.01	86.0	28.18	28.01	93.3	30.59	28.01	75.0	NaN	28.01	NaN
10/06/2018 8:06:18 PM	3611469978	1013.00	29.04	28.01	86.2	28.16	28.01	93.5	30.61	28.01	74.9	NaN	28.01	NaN
10/06/2018 8:06:19 PM	3611469979	1013.00	29.05	28.02	86.1	28.15	28.02	93.5	30.60	28.02	74.9	NaN	28.02	NaN
10/06/2018 8:06:20 PM	3611469980	1013.00	29.09	28.01	85.8	28.17	28.01	93.4	30.58	28.01	75.1	NaN	28.01	NaN
10/06/2018 8:06:21 PM	3611469981	1013.00	29.08	28.01	85.9	28.18	28.01	93.3	30.61	28.01	74.9	NaN	28.01	NaN
10/06/2018 8:06:22 PM	3611469982	1013.00	29.07	28.01	86.0	28.17	28.01	93.4	30.60	28.01	74.9	NaN	28.01	NaN
10/06/2018 8:06:23 PM	3611469983	1013.00	29.07	28.00	86.0	28.17	28.00	93.4	30.61	28.00	74.9	NaN	28.00	NaN
10/06/2018 8:06:24 PM	3611469984	1013.00	29.07	28.01	86.0	28.19	28.01	93.2	30.63	28.01	74.7	NaN	28.01	NaN
10/06/2018 8:06:25 PM	3611469985	1013.00	29.08	28.01	85.9	28.17	28.01	93.4	30.64	28.01	74.7	NaN	28.01	NaN
10/06/2018 8:06:26 PM	3611469986	1013.00	29.09	28.02	85.8	28.18	28.02	93.3	30.66	28.02	74.5	NaN	28.02	NaN
10/06/2018 8:06:27 PM	3611469987	1013.00	29.08	28.02	85.9	28.20	28.02	93.1	30.68	28.02	74.4	NaN	28.02	NaN
10/06/2018 8:06:28 PM	3611469988	1013.00	29.10	28.02	85.7	28.19	28.02	93.2	30.70	28.02	74.3	NaN	28.02	NaN
10/06/2018 8:06:29 PM	3611469989	1013.00	29.08	28.01	85.9	28.17	28.01	93.4	30.70	28.01	74.3	NaN	28.01	NaN
10/06/2018 8:06:30 PM	3611469990	1013.00	29.08	28.01	85.9	28.19	28.01	93.2	30.76	28.01	73.9	NaN	28.01	NaN
10/06/2018 8:06:31 PM	3611469991	1013.00	29.13	28.00	85.5	28.21	28.00	93.0	30.73	28.00	74.1	NaN	28.00	NaN
10/06/2018 8:06:32 PM	3611469992	1013.00	29.08	28.00	85.9	28.21	28.00	93.0	30.78	28.00	73.8	NaN	28.00	NaN
10/06/2018 8:06:33 PM	3611469993	1013.00	29.10	28.01	85.7	28.16	28.01	93.5	30.79	28.01	73.7	NaN	28.01	NaN
10/06/2018 8:06:34 PM	3611469994	1013.00	29.09	28.01	85.8	28.19	28.01	93.2	30.79	28.01	73.7	NaN	28.01	NaN
10/06/2018 8:06:35 PM	3611469995	1013.00	29.11	28.00	85.7	28.17	28.00	93.4	30.81	28.00	73.6	NaN	28.00	NaN
10/06/2018 8:06:36 PM	3611469996	1013.00	29.09	28.00	85.8	28.20	28.00	93.1	30.81	28.00	73.6	NaN	28.00	NaN
10/06/2018 8:06:37 PM	3611469997	1013.00	29.12	28.01	85.6	28.16	28.01	93.5	30.82	28.01	73.5	NaN	28.01	NaN
10/06/2018 8:06:38 PM	3611469998	1013.00	29.12	28.01	85.6	28.20	28.01	93.1	30.84	28.01	73.4	NaN	28.01	NaN
10/06/2018 8:06:39 PM	3611469999	1013.00	29.12	28.00	85.6	28.19	28.00	93.2	30.83	28.00	73.4	NaN	28.00	NaN
10/06/2018 8:06:40 PM	3611470000	1013.00	29.12	28.00	85.6	28.16	28.00	93.5	30.84	28.00	73.4	NaN	28.00	NaN
10/06/2018 8:06:41 PM	3611470001	1013.00	29.12	28.01	85.6	28.21	28.01	93.0	30.84	28.01	73.4	NaN	28.01	NaN
10/06/2018 8:06:42 PM	3611470002	1013.00	29.10	28.00	85.7	28.20	28.00	93.1	30.89	28.00	73.0	NaN	28.00	NaN
10/06/2018 8:06:43 PM	3611470003	1013.00	29.14	28.00	85.4	28.22	28.00	93.0	30.88	28.00	73.1	NaN	28.00	NaN
10/06/2018 8:06:44 PM	3611470004	1013.00	29.11	28.00	85.7	28.18	28.00	93.3	30.90	28.00	73.0	NaN	28.00	NaN
10/06/2018 8:06:45 PM	3611470005	1013.00	29.13	28.01	85.5	28.21	28.01	93.0	30.90	28.01	73.0	NaN	28.01	NaN
10/06/2018 8:06:46 PM	3611470006	1013.00	29.14	28.01	85.4	28.20	28.01	93.1	30.93	28.01	72.8	NaN	28.01	NaN
10/06/2018 8:06:47 PM	3611470007	1013.00	29.15	28.01	85.3	28.19	28.01	93.2	30.92	28.01	72.8	NaN	28.01	NaN
10/06/2018 8:06:48 PM	3611470008	1013.00	29.13	28.00	85.5	28.23	28.00	92.9	30.97	28.00	72.5	NaN	28.00	NaN
10/06/2018 8:06:49 PM	3611470009	1013.00	29.15	28.00	85.4	28.23	28.00	92.9	30.96	28.00	72.6	NaN	28.00	NaN
10/06/2018 8:06:50 PM	3611470010	1013.00	29.13	28.00	85.5	28.20	28.00	93.1	30.96	28.00	72.6	NaN	28.00	NaN
10/06/2018 8:06:51 PM	3611470011	1013.00	29.13	28.00	85.5	28.19	28.00	93.2	30.95	28.00	72.7	NaN	28.00	NaN
10/06/2018 8:06:52 PM	3611470012	1013.00	29.14	28.01	85.4	28.22	28.01	92.9	30.97	28.01	72.5	NaN	28.01	NaN
10/06/2018 8:06:53 PM	3611470013	1013.00	29.13	28.01	85.5	28.19	28.01	93.2	30.97	28.01	72.5	NaN	28.01	NaN
10/06/2018 8:06:54 PM	3611470014	1013.00	29.16	28.01	85.3	28.22	28.01	92.9	31.00	28.01	72.3	NaN	28.01	NaN
10/06/2018 8:06:55 PM	3611470015	1013.00	29.13	28.02	85.5	28.24	28.02	92.7	31.01	28.02	72.2	NaN	28.02	NaN
10/06/2018 8:06:56 PM	3611470016	1013.00	29.15	28.02	85.3	28.23	28.02	92.8	31.00	28.02	72.3	NaN	28.02	NaN
10/06/2018 8:06:57 PM	3611470017	1013.00	29.15	28.02	85.3	28.22	28.02	92.9	30.99	28.02	72.4	NaN	28.02	NaN
