Date & time of file creation	17/06/2018 6:13 PM													
Data file path	C:\Users\ameli\Desktop\Luke Strasiotto\17062018\Old_14.txt													
														
														
CALIBRATION DATA														
Parameter/Channel	N moving average	LO phase [r.U.]	HI phase [r.U.]	LO oxygen [%air saturation]	HI oxygen [%air saturation]	LO temperature [°C]	HI temperature [°C]	Salinity [‰]						
S WOT 0041 000001   , CH 1	1	59.31	27.39	0.00	100.00	28.02	28.10	0.000						
S WOT 0041 000001   , CH 2	1	59.31	27.39	0.00	100.00	28.02	28.10	0.000						
S WOT 0041 000001   , CH 3	1	59.31	27.39	0.00	100.00	28.02	28.10	0.000						
S WOT 0041 000001   , CH 4	1	59.31	27.39	0.00	100.00	28.02	28.10	0.000						
														
														
Date &Time [DD-MM-YYYY HH:MM:SS]	Time stamp code	Barometric pressure [hPa]	S WOT 0041 000001   , CH 1 phase [r.U.]	S WOT 0041 000001   , CH 1 temp [°C]	S WOT 0041 000001   , CH 1 O2 [% air saturation]	S WOT 0041 000001   , CH 2 phase [r.U.]	S WOT 0041 000001   , CH 2 temp [°C]	S WOT 0041 000001   , CH 2 O2 [% air saturation]	S WOT 0041 000001   , CH 3 phase [r.U.]	S WOT 0041 000001   , CH 3 temp [°C]	S WOT 0041 000001   , CH 3 O2 [% air saturation]	S WOT 0041 000001   , CH 4 phase [r.U.]	S WOT 0041 000001   , CH 4 temp [°C]	S WOT 0041 000001   , CH 4 O2 [% air saturation]
17/06/2018 6:23:01 PM	3612068581	1013.00	27.39	27.71	100.7	27.02	27.71	104.3	27.22	27.71	102.3	27.05	27.71	104.0
17/06/2018 6:23:02 PM	3612068582	1013.00	27.37	27.70	100.9	27.06	27.70	103.9	27.23	27.70	102.2	27.01	27.70	104.4
17/06/2018 6:23:03 PM	3612068583	1013.00	27.34	27.70	101.2	27.03	27.70	104.2	27.19	27.70	102.6	27.02	27.70	104.3
17/06/2018 6:23:04 PM	3612068584	1013.00	27.36	27.71	101.0	27.03	27.71	104.2	27.22	27.71	102.3	27.08	27.71	103.7
17/06/2018 6:23:05 PM	3612068585	1013.00	27.35	27.71	101.1	27.06	27.71	103.9	27.21	27.71	102.4	27.04	27.71	104.1
17/06/2018 6:23:06 PM	3612068586	1013.00	27.35	27.71	101.1	27.10	27.71	103.5	27.21	27.71	102.4	27.06	27.71	103.9
17/06/2018 6:23:07 PM	3612068587	1013.00	27.34	27.71	101.2	27.05	27.71	104.0	27.22	27.71	102.3	27.05	27.71	104.0
17/06/2018 6:23:08 PM	3612068588	1013.00	27.35	27.71	101.1	27.06	27.71	103.9	27.25	27.71	102.0	27.04	27.71	104.1
17/06/2018 6:23:09 PM	3612068589	1013.00	27.36	27.71	101.0	27.05	27.71	104.0	27.26	27.71	101.9	27.02	27.71	104.3
17/06/2018 6:23:10 PM	3612068590	1013.00	27.34	27.71	101.2	25.96	27.71	115.5	27.25	27.71	102.0	27.03	27.71	104.2
17/06/2018 6:23:12 PM	3612068592	1013.00	27.37	27.70	100.9	27.03	27.70	104.2	27.23	27.70	102.2	27.07	27.70	103.8
17/06/2018 6:23:12 PM	3612068592	1013.00	27.32	27.70	101.4	27.11	27.70	103.4	27.23	27.70	102.2	27.06	27.70	103.9
17/06/2018 6:23:13 PM	3612068593	1013.00	27.34	27.69	101.2	27.04	27.69	104.1	27.26	27.69	102.0	27.06	27.69	103.9
17/06/2018 6:23:14 PM	3612068594	1013.00	27.34	27.69	101.2	27.10	27.69	103.5	27.24	27.69	102.2	27.06	27.69	103.9
17/06/2018 6:23:15 PM	3612068595	1013.00	27.34	27.70	101.2	27.05	27.70	104.0	27.24	27.70	102.1	27.03	27.70	104.2
17/06/2018 6:23:16 PM	3612068596	1013.00	27.35	27.70	101.1	27.03	27.70	104.2	27.23	27.70	102.2	27.07	27.70	103.8
17/06/2018 6:23:17 PM	3612068597	1013.00	27.32	27.70	101.4	27.04	27.70	104.1	27.28	27.70	101.8	27.06	27.70	103.9
17/06/2018 6:23:18 PM	3612068598	1013.00	27.35	27.70	101.1	27.04	27.70	104.1	27.23	27.70	102.2	27.05	27.70	104.0
17/06/2018 6:23:19 PM	3612068599	1013.00	27.34	27.70	101.2	27.03	27.70	104.2	27.20	27.70	102.5	27.06	27.70	103.9
17/06/2018 6:23:20 PM	3612068600	1013.00	27.36	27.70	101.0	27.04	27.70	104.1	27.25	27.70	102.1	27.03	27.70	104.2
17/06/2018 6:23:21 PM	3612068601	1013.00	27.33	27.69	101.3	27.01	27.69	104.4	27.20	27.69	102.6	27.05	27.69	104.0
17/06/2018 6:23:22 PM	3612068602	1013.00	27.32	27.70	101.4	27.09	27.70	103.6	27.26	27.70	102.0	27.04	27.70	104.1
17/06/2018 6:23:23 PM	3612068603	1013.00	27.35	27.70	101.1	27.05	27.70	104.0	27.22	27.70	102.3	27.04	27.70	104.1
17/06/2018 6:23:25 PM	3612068605	1013.00	27.33	27.71	101.3	27.06	27.71	103.9	27.27	27.71	101.8	27.03	27.71	104.2
17/06/2018 6:23:25 PM	3612068605	1013.00	27.34	27.71	101.2	27.04	27.71	104.1	27.22	27.71	102.3	27.03	27.71	104.2
17/06/2018 6:23:26 PM	3612068606	1013.00	27.31	27.71	101.5	27.05	27.71	104.0	27.21	27.71	102.4	27.04	27.71	104.1
17/06/2018 6:23:27 PM	3612068607	1013.00	27.30	27.71	101.6	27.10	27.71	103.5	27.22	27.71	102.3	27.04	27.71	104.1
17/06/2018 6:23:28 PM	3612068608	1013.00	27.33	27.70	101.3	27.09	27.70	103.6	27.25	27.70	102.1	27.08	27.70	103.7
17/06/2018 6:23:29 PM	3612068609	1013.00	27.35	27.70	101.1	27.04	27.70	104.1	27.30	27.70	101.6	27.07	27.70	103.8
17/06/2018 6:23:30 PM	3612068610	1013.00	27.31	27.70	101.5	27.08	27.70	103.7	27.22	27.70	102.3	27.04	27.70	104.1
17/06/2018 6:23:31 PM	3612068611	1013.00	27.33	27.71	101.3	27.03	27.71	104.2	27.23	27.71	102.2	27.06	27.71	103.9
17/06/2018 6:23:32 PM	3612068612	1013.00	27.33	27.70	101.3	27.05	27.70	104.0	27.25	27.70	102.1	27.04	27.70	104.1
17/06/2018 6:23:33 PM	3612068613	1013.00	27.33	27.70	101.3	27.07	27.70	103.8	27.27	27.70	101.9	27.04	27.70	104.1
17/06/2018 6:23:34 PM	3612068614	1013.00	27.33	27.70	101.3	27.09	27.70	103.6	27.23	27.70	102.2	27.07	27.70	103.8
17/06/2018 6:23:35 PM	3612068615	1013.00	27.33	27.70	101.3	27.06	27.70	103.9	27.24	27.70	102.1	27.07	27.70	103.8
17/06/2018 6:23:36 PM	3612068616	1013.00	27.31	27.71	101.5	27.06	27.71	103.9	27.27	27.71	101.8	27.03	27.71	104.2
17/06/2018 6:23:37 PM	3612068617	1013.00	27.33	27.71	101.3	27.01	27.71	104.4	27.26	27.71	101.9	27.06	27.71	103.9
17/06/2018 6:23:38 PM	3612068618	1013.00	27.33	27.72	101.2	27.09	27.72	103.6	27.24	27.72	102.1	27.06	27.72	103.9
17/06/2018 6:23:39 PM	3612068619	1013.00	27.32	27.73	101.3	27.03	27.73	104.1	27.26	27.73	101.9	27.07	27.73	103.8
17/06/2018 6:23:40 PM	3612068620	1013.00	27.32	27.73	101.3	27.07	27.73	103.8	27.26	27.73	101.9	27.06	27.73	103.9
17/06/2018 6:23:41 PM	3612068621	1013.00	27.33	27.72	101.2	27.07	27.72	103.8	27.27	27.72	101.8	27.07	27.72	103.8
17/06/2018 6:23:42 PM	3612068622	1013.00	27.32	27.73	101.3	27.09	27.73	103.6	27.24	27.73	102.1	27.06	27.73	103.9
17/06/2018 6:23:43 PM	3612068623	1013.00	27.33	27.72	101.2	27.09	27.72	103.6	27.30	27.72	101.5	27.06	27.72	103.9
17/06/2018 6:23:44 PM	3612068624	1013.00	27.29	27.72	101.6	27.08	27.72	103.7	27.30	27.72	101.5	27.05	27.72	104.0
17/06/2018 6:23:45 PM	3612068625	1013.00	27.32	27.72	101.3	27.10	27.72	103.5	27.32	27.72	101.3	27.04	27.72	104.1
17/06/2018 6:23:46 PM	3612068626	1013.00	27.33	27.72	101.2	27.08	27.72	103.7	27.28	27.72	101.7	27.07	27.72	103.8
17/06/2018 6:23:47 PM	3612068627	1013.00	27.34	27.72	101.2	27.06	27.72	103.9	27.25	27.72	102.0	27.08	27.72	103.7
17/06/2018 6:23:48 PM	3612068628	1013.00	27.33	27.73	101.2	27.06	27.73	103.9	27.28	27.73	101.7	27.07	27.73	103.8
17/06/2018 6:23:49 PM	3612068629	1013.00	27.34	27.72	101.2	27.06	27.72	103.9	27.32	27.72	101.3	27.06	27.72	103.9
17/06/2018 6:23:50 PM	3612068630	1013.00	27.31	27.72	101.4	27.09	27.72	103.6	27.32	27.72	101.3	27.03	27.72	104.2
17/06/2018 6:23:51 PM	3612068631	1013.00	27.34	27.73	101.1	27.07	27.73	103.8	27.29	27.73	101.6	27.07	27.73	103.8
17/06/2018 6:23:52 PM	3612068632	1013.00	27.34	27.73	101.1	27.08	27.73	103.7	27.29	27.73	101.6	27.05	27.73	103.9
17/06/2018 6:23:53 PM	3612068633	1013.00	27.34	27.72	101.2	27.11	27.72	103.4	27.31	27.72	101.4	27.07	27.72	103.8
17/06/2018 6:23:54 PM	3612068634	1013.00	27.31	27.72	101.4	27.10	27.72	103.5	27.32	27.72	101.3	27.06	27.72	103.9
17/06/2018 6:23:55 PM	3612068635	1013.00	27.34	27.72	101.2	27.08	27.72	103.7	27.29	27.72	101.6	27.09	27.72	103.6
17/06/2018 6:23:56 PM	3612068636	1013.00	27.36	27.72	101.0	27.08	27.72	103.7	27.30	27.72	101.5	27.06	27.72	103.9
17/06/2018 6:23:57 PM	3612068637	1013.00	27.37	27.70	100.9	27.08	27.70	103.7	27.32	27.70	101.4	27.06	27.70	103.9
17/06/2018 6:23:58 PM	3612068638	1013.00	27.33	27.71	101.3	27.07	27.71	103.8	27.33	27.71	101.3	27.06	27.71	103.9
17/06/2018 6:23:59 PM	3612068639	1013.00	27.33	27.72	101.2	27.11	27.72	103.4	27.29	27.72	101.6	27.05	27.72	104.0
17/06/2018 6:24:00 PM	3612068640	1013.00	27.37	27.71	100.9	27.05	27.71	104.0	27.34	27.71	101.2	27.06	27.71	103.9
17/06/2018 6:24:01 PM	3612068641	1013.00	27.36	27.71	101.0	27.10	27.71	103.5	27.34	27.71	101.2	27.06	27.71	103.9
17/06/2018 6:24:02 PM	3612068642	1013.00	27.37	27.71	100.9	27.17	27.71	102.8	27.33	27.71	101.3	27.08	27.71	103.7
17/06/2018 6:24:03 PM	3612068643	1013.00	27.37	27.71	100.9	27.07	27.71	103.8	27.33	27.71	101.3	27.07	27.71	103.8
17/06/2018 6:24:04 PM	3612068644	1013.00	27.37	27.70	100.9	27.09	27.70	103.6	27.36	27.70	101.0	27.03	27.70	104.2
17/06/2018 6:24:05 PM	3612068645	1013.00	27.38	27.71	100.8	27.08	27.71	103.7	27.31	27.71	101.5	27.09	27.71	103.6
17/06/2018 6:24:06 PM	3612068646	1013.00	27.36	27.70	101.0	27.09	27.70	103.6	27.37	27.70	100.9	27.06	27.70	103.9
17/06/2018 6:24:07 PM	3612068647	1013.00	27.36	27.71	101.0	27.11	27.71	103.4	27.39	27.71	100.7	27.04	27.71	104.1
17/06/2018 6:24:08 PM	3612068648	1013.00	27.35	27.70	101.1	27.03	27.70	104.2	27.40	27.70	100.6	27.04	27.70	104.1
17/06/2018 6:24:09 PM	3612068649	1013.00	27.37	27.71	100.9	27.11	27.71	103.4	27.40	27.71	100.6	27.07	27.71	103.8
17/06/2018 6:24:10 PM	3612068650	1013.00	27.37	27.71	100.9	27.08	27.71	103.7	27.32	27.71	101.4	27.03	27.71	104.2
17/06/2018 6:24:11 PM	3612068651	1013.00	27.39	27.71	100.7	27.09	27.71	103.6	27.33	27.71	101.3	27.06	27.71	103.9
17/06/2018 6:24:12 PM	3612068652	1013.00	27.39	27.71	100.7	27.08	27.71	103.7	27.41	27.71	100.5	27.10	27.71	103.5
17/06/2018 6:24:13 PM	3612068653	1013.00	27.36	27.71	101.0	27.09	27.71	103.6	27.41	27.71	100.5	27.07	27.71	103.8
17/06/2018 6:24:14 PM	3612068654	1013.00	27.40	27.71	100.6	27.15	27.71	103.0	27.44	27.71	100.2	27.08	27.71	103.7
17/06/2018 6:24:15 PM	3612068655	1013.00	27.39	27.70	100.7	27.07	27.70	103.8	27.44	27.70	100.2	27.10	27.70	103.5
17/06/2018 6:24:16 PM	3612068656	1013.00	27.38	27.70	100.8	27.10	27.70	103.5	27.42	27.70	100.4	27.10	27.70	103.5
17/06/2018 6:24:17 PM	3612068657	1013.00	27.37	27.71	100.9	27.09	27.71	103.6	27.44	27.71	100.2	27.11	27.71	103.4
17/06/2018 6:24:18 PM	3612068658	1013.00	27.41	27.71	100.5	27.09	27.71	103.6	27.43	27.71	100.3	27.12	27.71	103.3
17/06/2018 6:24:19 PM	3612068659	1013.00	27.40	27.71	100.6	27.09	27.71	103.6	27.44	27.71	100.2	27.10	27.71	103.5
17/06/2018 6:24:20 PM	3612068660	1013.00	27.38	27.70	100.8	27.12	27.70	103.3	27.41	27.70	100.5	27.11	27.70	103.4
17/06/2018 6:24:21 PM	3612068661	1013.00	27.41	27.71	100.5	27.11	27.71	103.4	27.45	27.71	100.1	27.11	27.71	103.4
17/06/2018 6:24:22 PM	3612068662	1013.00	27.42	27.71	100.4	27.10	27.71	103.5	27.45	27.71	100.1	27.11	27.71	103.4
17/06/2018 6:24:23 PM	3612068663	1013.00	27.41	27.71	100.5	27.11	27.71	103.4	27.46	27.71	100.0	27.15	27.71	103.0
17/06/2018 6:24:24 PM	3612068664	1013.00	27.42	27.71	100.4	27.10	27.71	103.5	27.44	27.71	100.2	27.13	27.71	103.2
17/06/2018 6:24:25 PM	3612068665	1013.00	27.45	27.71	100.1	27.09	27.71	103.6	27.43	27.71	100.3	27.13	27.71	103.2
17/06/2018 6:24:27 PM	3612068667	1013.00	27.44	27.71	100.2	27.13	27.71	103.2	27.46	27.71	100.0	27.13	27.71	103.2
17/06/2018 6:24:27 PM	3612068667	1013.00	27.45	27.71	100.1	27.13	27.71	103.2	27.44	27.71	100.2	27.12	27.71	103.3
17/06/2018 6:24:28 PM	3612068668	1013.00	27.46	27.72	100.0	27.08	27.72	103.7	27.45	27.72	100.1	27.12	27.72	103.3
17/06/2018 6:24:29 PM	3612068669	1013.00	27.46	27.72	100.0	27.11	27.72	103.4	27.47	27.72	99.9	27.07	27.72	103.8
17/06/2018 6:24:30 PM	3612068670	1013.00	27.45	27.71	100.1	27.11	27.71	103.4	27.43	27.71	100.3	27.12	27.71	103.3
17/06/2018 6:24:31 PM	3612068671	1013.00	27.47	27.71	99.9	27.08	27.71	103.7	27.47	27.71	99.9	27.10	27.71	103.5
17/06/2018 6:24:32 PM	3612068672	1013.00	27.47	27.70	100.0	27.08	27.70	103.7	27.48	27.70	99.9	27.12	27.70	103.3
17/06/2018 6:24:33 PM	3612068673	1013.00	27.48	27.69	99.9	27.11	27.69	103.4	27.50	27.69	99.7	27.12	27.69	103.3
17/06/2018 6:24:34 PM	3612068674	1013.00	27.49	27.69	99.8	27.13	27.69	103.2	27.48	27.69	99.9	27.11	27.69	103.4
17/06/2018 6:24:35 PM	3612068675	1013.00	27.47	27.70	100.0	27.09	27.70	103.6	27.49	27.70	99.8	27.14	27.70	103.1
17/06/2018 6:24:36 PM	3612068676	1013.00	27.50	27.70	99.7	27.14	27.70	103.1	27.51	27.70	99.6	27.15	27.70	103.0
17/06/2018 6:24:37 PM	3612068677	1013.00	27.46	27.69	100.1	27.14	27.69	103.1	27.52	27.69	99.5	27.11	27.69	103.4
17/06/2018 6:24:38 PM	3612068678	1013.00	27.49	27.70	99.8	27.10	27.70	103.5	27.48	27.70	99.9	27.12	27.70	103.3
17/06/2018 6:24:39 PM	3612068679	1013.00	27.47	27.70	100.0	27.11	27.70	103.4	27.51	27.70	99.6	27.16	27.70	102.9
17/06/2018 6:24:40 PM	3612068680	1013.00	27.50	27.71	99.7	27.11	27.71	103.4	27.49	27.71	99.8	27.13	27.71	103.2
17/06/2018 6:24:41 PM	3612068681	1013.00	27.48	27.70	99.9	27.08	27.70	103.7	27.50	27.70	99.7	27.15	27.70	103.0
17/06/2018 6:24:42 PM	3612068682	1013.00	27.50	27.70	99.7	27.08	27.70	103.7	27.53	27.70	99.4	27.13	27.70	103.2
17/06/2018 6:24:43 PM	3612068683	1013.00	27.50	27.70	99.7	27.10	27.70	103.5	27.50	27.70	99.7	27.15	27.70	103.0
17/06/2018 6:24:44 PM	3612068684	1013.00	27.51	27.69	99.6	27.14	27.69	103.1	27.50	27.69	99.7	27.15	27.69	103.0
17/06/2018 6:24:45 PM	3612068685	1013.00	27.48	27.69	99.9	27.16	27.69	102.9	27.53	27.69	99.4	27.15	27.69	103.0
17/06/2018 6:24:46 PM	3612068686	1013.00	27.50	27.69	99.7	27.19	27.69	102.7	27.47	27.69	100.0	27.16	27.69	102.9
17/06/2018 6:24:47 PM	3612068687	1013.00	27.50	27.69	99.7	27.15	27.69	103.0	27.52	27.69	99.5	27.18	27.69	102.7
17/06/2018 6:24:48 PM	3612068688	1013.00	27.52	27.69	99.5	27.13	27.69	103.2	27.50	27.69	99.7	27.13	27.69	103.2
17/06/2018 6:24:49 PM	3612068689	1013.00	27.51	27.69	99.6	27.14	27.69	103.1	27.53	27.69	99.4	27.15	27.69	103.0
17/06/2018 6:24:50 PM	3612068690	1013.00	27.48	27.69	99.9	27.14	27.69	103.1	27.50	27.69	99.7	27.19	27.69	102.7
17/06/2018 6:24:51 PM	3612068691	1013.00	27.51	27.69	99.6	27.13	27.69	103.2	27.60	27.69	98.8	27.14	27.69	103.1
17/06/2018 6:24:52 PM	3612068692	1013.00	27.51	27.68	99.6	27.15	27.68	103.1	27.56	27.68	99.1	27.12	27.68	103.4
17/06/2018 6:24:53 PM	3612068693	1013.00	27.50	27.68	99.7	27.14	27.68	103.2	27.52	27.68	99.5	27.14	27.68	103.2
17/06/2018 6:24:54 PM	3612068694	1013.00	27.50	27.69	99.7	27.20	27.69	102.6	27.56	27.69	99.1	27.13	27.69	103.2
17/06/2018 6:24:55 PM	3612068695	1013.00	27.50	27.69	99.7	27.19	27.69	102.7	27.55	27.69	99.2	27.14	27.69	103.1
17/06/2018 6:24:56 PM	3612068696	1013.00	27.52	27.69	99.5	27.15	27.69	103.0	27.58	27.69	98.9	27.14	27.69	103.1
17/06/2018 6:24:57 PM	3612068697	1013.00	27.50	27.70	99.7	27.14	27.70	103.1	27.55	27.70	99.2	27.13	27.70	103.2
17/06/2018 6:24:58 PM	3612068698	1013.00	27.51	27.70	99.6	27.13	27.70	103.2	27.52	27.70	99.5	27.19	27.70	102.6
17/06/2018 6:24:59 PM	3612068699	1013.00	27.49	27.69	99.8	27.15	27.69	103.0	27.56	27.69	99.1	27.15	27.69	103.0
17/06/2018 6:25:00 PM	3612068700	1013.00	27.51	27.70	99.6	27.15	27.70	103.0	27.57	27.70	99.0	27.13	27.70	103.2
17/06/2018 6:25:01 PM	3612068701	1013.00	27.50	27.70	99.7	27.16	27.70	102.9	27.56	27.70	99.1	27.16	27.70	102.9
17/06/2018 6:25:02 PM	3612068702	1013.00	27.53	27.69	99.4	27.17	27.69	102.8	27.55	27.69	99.2	27.19	27.69	102.7
17/06/2018 6:25:03 PM	3612068703	1013.00	27.50	27.69	99.7	27.18	27.69	102.7	27.58	27.69	98.9	27.20	27.69	102.6
17/06/2018 6:25:04 PM	3612068704	1013.00	27.49	27.69	99.8	27.17	27.69	102.8	27.62	27.69	98.6	27.20	27.69	102.6
17/06/2018 6:25:05 PM	3612068705	1013.00	27.51	27.69	99.6	27.15	27.69	103.0	27.55	27.69	99.2	27.21	27.69	102.5
17/06/2018 6:25:06 PM	3612068706	1013.00	27.52	27.69	99.5	27.14	27.69	103.1	27.57	27.69	99.0	27.20	27.69	102.6
17/06/2018 6:25:07 PM	3612068707	1013.00	27.51	27.69	99.6	27.19	27.69	102.7	27.56	27.69	99.1	27.20	27.69	102.6
17/06/2018 6:25:08 PM	3612068708	1013.00	27.48	27.69	99.9	27.17	27.69	102.8	27.59	27.69	98.9	27.20	27.69	102.6
17/06/2018 6:25:09 PM	3612068709	1013.00	27.51	27.68	99.6	27.19	27.68	102.7	27.60	27.68	98.8	27.22	27.68	102.4
17/06/2018 6:25:10 PM	3612068710	1013.00	27.50	27.68	99.7	27.16	27.68	103.0	27.61	27.68	98.7	27.20	27.68	102.6
17/06/2018 6:25:11 PM	3612068711	1013.00	27.53	27.69	99.4	27.21	27.69	102.5	27.59	27.69	98.9	27.19	27.69	102.7
17/06/2018 6:25:12 PM	3612068712	1013.00	27.49	27.68	99.8	27.26	27.68	102.0	27.63	27.68	98.5	27.19	27.68	102.7
17/06/2018 6:25:13 PM	3612068713	1013.00	27.51	27.68	99.6	27.13	27.68	103.3	27.54	27.68	99.3	27.20	27.68	102.6
17/06/2018 6:25:14 PM	3612068714	1013.00	27.49	27.68	99.8	27.22	27.68	102.4	27.57	27.68	99.1	27.21	27.68	102.5
17/06/2018 6:25:15 PM	3612068715	1013.00	27.50	27.68	99.7	27.21	27.68	102.5	27.59	27.68	98.9	27.21	27.68	102.5
17/06/2018 6:25:16 PM	3612068716	1013.00	27.53	27.67	99.4	27.21	27.67	102.5	27.58	27.67	99.0	27.22	27.67	102.4
17/06/2018 6:25:17 PM	3612068717	1013.00	27.52	27.68	99.5	27.21	27.68	102.5	27.57	27.68	99.1	27.18	27.68	102.8
17/06/2018 6:25:18 PM	3612068718	1013.00	27.51	27.67	99.6	27.23	27.67	102.3	27.62	27.67	98.6	27.20	27.67	102.6
17/06/2018 6:25:19 PM	3612068719	1013.00	27.53	27.68	99.4	27.18	27.68	102.8	27.59	27.68	98.9	27.21	27.68	102.5
17/06/2018 6:25:20 PM	3612068720	1013.00	27.49	27.67	99.8	27.21	27.67	102.5	27.60	27.67	98.8	27.21	27.67	102.5
17/06/2018 6:25:21 PM	3612068721	1013.00	27.51	27.67	99.6	27.20	27.67	102.6	27.65	27.67	98.3	27.24	27.67	102.2
17/06/2018 6:25:22 PM	3612068722	1013.00	27.51	27.68	99.6	27.19	27.68	102.7	27.62	27.68	98.6	27.22	27.68	102.4
17/06/2018 6:25:23 PM	3612068723	1013.00	27.51	27.67	99.6	27.25	27.67	102.1	27.61	27.67	98.7	27.25	27.67	102.1
17/06/2018 6:25:24 PM	3612068724	1013.00	27.52	27.67	99.5	27.22	27.67	102.4	27.64	27.67	98.4	27.23	27.67	102.3
17/06/2018 6:25:26 PM	3612068726	1013.00	27.53	27.67	99.4	27.20	27.67	102.6	27.60	27.67	98.8	27.24	27.67	102.2
17/06/2018 6:25:26 PM	3612068726	1013.00	27.51	27.67	99.6	27.19	27.67	102.7	27.60	27.67	98.8	27.25	27.67	102.1
17/06/2018 6:25:27 PM	3612068727	1013.00	27.52	27.68	99.5	27.26	27.68	102.0	27.64	27.68	98.4	27.22	27.68	102.4
17/06/2018 6:25:28 PM	3612068728	1013.00	27.54	27.68	99.3	27.22	27.68	102.4	27.68	27.68	98.0	27.23	27.68	102.3
17/06/2018 6:25:29 PM	3612068729	1013.00	27.52	27.68	99.5	27.25	27.68	102.1	27.66	27.68	98.2	27.24	27.68	102.2
17/06/2018 6:25:30 PM	3612068730	1013.00	27.54	27.68	99.3	26.13	27.68	113.6	27.66	27.68	98.2	27.23	27.68	102.3
17/06/2018 6:25:31 PM	3612068731	1013.00	27.53	27.68	99.4	27.25	27.68	102.1	27.74	27.68	97.5	27.26	27.68	102.0
17/06/2018 6:25:32 PM	3612068732	1013.00	27.52	27.67	99.5	27.23	27.67	102.3	27.72	27.67	97.7	27.24	27.67	102.2
17/06/2018 6:25:33 PM	3612068733	1013.00	27.52	27.67	99.5	27.24	27.67	102.2	27.67	27.67	98.1	27.24	27.67	102.2
17/06/2018 6:25:34 PM	3612068734	1013.00	27.55	27.68	99.2	27.27	27.68	101.9	27.70	27.68	97.9	27.23	27.68	102.3
17/06/2018 6:25:35 PM	3612068735	1013.00	27.51	27.68	99.6	27.31	27.68	101.5	27.69	27.68	97.9	27.27	27.68	101.9
17/06/2018 6:25:36 PM	3612068736	1013.00	27.52	27.69	99.5	27.27	27.69	101.9	27.67	27.69	98.1	27.27	27.69	101.9
17/06/2018 6:25:37 PM	3612068737	1013.00	27.52	27.69	99.5	27.30	27.69	101.6	27.75	27.69	97.4	27.28	27.69	101.8
17/06/2018 6:25:38 PM	3612068738	1013.00	27.57	27.69	99.0	28.38	27.69	91.8	27.75	27.69	97.4	27.30	27.69	101.6
17/06/2018 6:25:39 PM	3612068739	1013.00	27.52	27.68	99.5	27.29	27.68	101.7	27.74	27.68	97.5	27.28	27.68	101.8
17/06/2018 6:25:40 PM	3612068740	1013.00	27.57	27.68	99.1	27.28	27.68	101.8	27.74	27.68	97.5	27.27	27.68	101.9
17/06/2018 6:25:41 PM	3612068741	1013.00	27.55	27.68	99.2	27.30	27.68	101.6	27.71	27.68	97.8	27.33	27.68	101.3
17/06/2018 6:25:42 PM	3612068742	1013.00	27.54	27.68	99.3	27.32	27.68	101.4	27.77	27.68	97.2	27.31	27.68	101.5
17/06/2018 6:25:43 PM	3612068743	1013.00	27.56	27.68	99.1	27.33	27.68	101.3	27.71	27.68	97.8	27.33	27.68	101.3
17/06/2018 6:25:44 PM	3612068744	1013.00	27.54	27.68	99.3	27.26	27.68	102.0	27.78	27.68	97.1	27.32	27.68	101.4
17/06/2018 6:25:45 PM	3612068745	1013.00	27.58	27.68	99.0	27.38	27.68	100.8	27.73	27.68	97.6	27.33	27.68	101.3
17/06/2018 6:25:46 PM	3612068746	1013.00	27.53	27.67	99.4	27.35	27.67	101.1	27.78	27.67	97.1	27.30	27.67	101.6
17/06/2018 6:25:47 PM	3612068747	1013.00	27.54	27.68	99.3	27.36	27.68	101.0	27.78	27.68	97.1	27.30	27.68	101.6
17/06/2018 6:25:48 PM	3612068748	1013.00	27.55	27.67	99.3	27.34	27.67	101.2	27.76	27.67	97.3	27.32	27.67	101.4
17/06/2018 6:25:49 PM	3612068749	1013.00	27.54	27.67	99.4	27.37	27.67	101.0	27.75	27.67	97.4	27.36	27.67	101.1
17/06/2018 6:25:50 PM	3612068750	1013.00	27.56	27.66	99.2	27.40	27.66	100.7	27.79	27.66	97.1	27.33	27.66	101.4
17/06/2018 6:25:51 PM	3612068751	1013.00	27.55	27.67	99.3	27.40	27.67	100.7	27.77	27.67	97.2	27.37	27.67	101.0
17/06/2018 6:25:52 PM	3612068752	1013.00	27.58	27.67	99.0	27.40	27.67	100.7	27.75	27.67	97.4	27.32	27.67	101.4
17/06/2018 6:25:53 PM	3612068753	1013.00	27.56	27.67	99.2	27.42	27.67	100.5	27.75	27.67	97.4	27.33	27.67	101.3
17/06/2018 6:25:54 PM	3612068754	1013.00	27.58	27.67	99.0	27.40	27.67	100.7	27.81	27.67	96.9	27.35	27.67	101.1
17/06/2018 6:25:55 PM	3612068755	1013.00	27.57	27.67	99.1	27.43	27.67	100.4	27.80	27.67	97.0	27.36	27.67	101.1
17/06/2018 6:25:56 PM	3612068756	1013.00	27.57	27.66	99.1	27.42	27.66	100.5	27.78	27.66	97.2	27.33	27.66	101.4
17/06/2018 6:25:57 PM	3612068757	1013.00	27.59	27.66	98.9	27.41	27.66	100.6	27.77	27.66	97.3	27.35	27.66	101.2
17/06/2018 6:25:58 PM	3612068758	1013.00	27.58	27.65	99.0	27.44	27.65	100.3	27.77	27.65	97.3	27.34	27.65	101.3
17/06/2018 6:25:59 PM	3612068759	1013.00	27.58	27.65	99.0	27.42	27.65	100.5	27.82	27.65	96.8	27.34	27.65	101.3
17/06/2018 6:26:00 PM	3612068760	1013.00	27.60	27.65	98.8	27.42	27.65	100.5	27.84	27.65	96.6	27.38	27.65	100.9
17/06/2018 6:26:01 PM	3612068761	1013.00	27.59	27.65	98.9	27.38	27.65	100.9	27.80	27.65	97.0	27.35	27.65	101.2
17/06/2018 6:26:02 PM	3612068762	1013.00	27.57	27.65	99.1	27.40	27.65	100.7	27.82	27.65	96.8	27.38	27.65	100.9
17/06/2018 6:26:03 PM	3612068763	1013.00	27.60	27.66	98.8	27.42	27.66	100.5	27.82	27.66	96.8	27.37	27.66	101.0
17/06/2018 6:26:04 PM	3612068764	1013.00	27.61	27.66	98.7	27.43	27.66	100.4	27.83	27.66	96.7	27.35	27.66	101.2
17/06/2018 6:26:05 PM	3612068765	1013.00	27.60	27.66	98.8	27.42	27.66	100.5	27.82	27.66	96.8	27.34	27.66	101.3
17/06/2018 6:26:06 PM	3612068766	1013.00	27.59	27.66	98.9	27.45	27.66	100.2	27.86	27.66	96.4	27.36	27.66	101.1
17/06/2018 6:26:07 PM	3612068767	1013.00	27.60	27.65	98.8	27.46	27.65	100.1	27.84	27.65	96.6	27.34	27.65	101.3
17/06/2018 6:26:08 PM	3612068768	1013.00	27.60	27.66	98.8	27.44	27.66	100.3	27.82	27.66	96.8	27.36	27.66	101.1
17/06/2018 6:26:09 PM	3612068769	1013.00	27.62	27.66	98.6	27.40	27.66	100.7	27.85	27.66	96.5	27.37	27.66	101.0
17/06/2018 6:26:10 PM	3612068770	1013.00	27.61	27.66	98.7	27.39	27.66	100.8	27.89	27.66	96.2	27.40	27.66	100.7
17/06/2018 6:26:11 PM	3612068771	1013.00	27.59	27.67	98.9	27.46	27.67	100.1	27.83	27.67	96.7	27.38	27.67	100.9
17/06/2018 6:26:12 PM	3612068772	1013.00	27.63	27.67	98.5	27.42	27.67	100.5	27.86	27.67	96.4	27.37	27.67	101.0
17/06/2018 6:26:13 PM	3612068773	1013.00	27.65	27.66	98.4	27.42	27.66	100.5	27.83	27.66	96.7	27.38	27.66	100.9
17/06/2018 6:26:14 PM	3612068774	1013.00	27.60	27.66	98.8	27.45	27.66	100.2	27.86	27.66	96.4	27.38	27.66	100.9
17/06/2018 6:26:15 PM	3612068775	1013.00	27.63	27.66	98.5	27.43	27.66	100.4	27.88	27.66	96.3	27.42	27.66	100.5
17/06/2018 6:26:16 PM	3612068776	1013.00	27.63	27.66	98.5	27.45	27.66	100.2	27.91	27.66	96.0	27.39	27.66	100.8
17/06/2018 6:26:18 PM	3612068778	1013.00	27.61	27.67	98.7	27.48	27.67	99.9	27.84	27.67	96.6	27.38	27.67	100.9
17/06/2018 6:26:18 PM	3612068778	1013.00	27.62	27.67	98.6	27.45	27.67	100.2	27.87	27.67	96.3	27.43	27.67	100.4
17/06/2018 6:26:19 PM	3612068779	1013.00	27.62	27.67	98.6	27.44	27.67	100.3	27.88	27.67	96.2	27.41	27.67	100.6
17/06/2018 6:26:20 PM	3612068780	1013.00	27.60	27.68	98.8	27.41	27.68	100.6	27.90	27.68	96.0	27.41	27.68	100.6
17/06/2018 6:26:21 PM	3612068781	1013.00	27.62	27.68	98.6	27.44	27.68	100.3	27.90	27.68	96.0	27.40	27.68	100.7
17/06/2018 6:26:22 PM	3612068782	1013.00	27.62	27.68	98.6	27.42	27.68	100.5	27.90	27.68	96.0	27.44	27.68	100.3
17/06/2018 6:26:23 PM	3612068783	1013.00	27.63	27.67	98.5	27.46	27.67	100.1	27.91	27.67	96.0	27.41	27.67	100.6
17/06/2018 6:26:24 PM	3612068784	1013.00	27.65	27.67	98.3	27.44	27.67	100.3	27.85	27.67	96.5	27.41	27.67	100.6
17/06/2018 6:26:25 PM	3612068785	1013.00	27.64	27.67	98.4	27.44	27.67	100.3	27.89	27.67	96.2	27.44	27.67	100.3
17/06/2018 6:26:26 PM	3612068786	1013.00	27.65	27.67	98.3	27.43	27.67	100.4	27.90	27.67	96.1	27.43	27.67	100.4
17/06/2018 6:26:27 PM	3612068787	1013.00	27.62	27.66	98.6	27.40	27.66	100.7	27.90	27.66	96.1	27.45	27.66	100.2
17/06/2018 6:26:28 PM	3612068788	1013.00	27.65	27.67	98.3	27.41	27.67	100.6	27.90	27.67	96.1	27.44	27.67	100.3
17/06/2018 6:26:29 PM	3612068789	1013.00	27.64	27.68	98.4	27.43	27.68	100.4	27.87	27.68	96.3	27.46	27.68	100.1
17/06/2018 6:26:30 PM	3612068790	1013.00	27.63	27.68	98.5	27.44	27.68	100.3	27.88	27.68	96.2	27.43	27.68	100.4
17/06/2018 6:26:31 PM	3612068791	1013.00	27.67	27.68	98.1	27.48	27.68	99.9	27.89	27.68	96.1	27.45	27.68	100.2
17/06/2018 6:26:32 PM	3612068792	1013.00	27.64	27.69	98.4	27.48	27.69	99.9	27.89	27.69	96.1	27.44	27.69	100.3
17/06/2018 6:26:33 PM	3612068793	1013.00	27.65	27.69	98.3	27.46	27.69	100.1	27.93	27.69	95.8	27.44	27.69	100.3
17/06/2018 6:26:34 PM	3612068794	1013.00	27.66	27.69	98.2	27.47	27.69	100.0	27.95	27.69	95.6	27.41	27.69	100.5
17/06/2018 6:26:35 PM	3612068795	1013.00	27.66	27.69	98.2	27.44	27.69	100.3	27.90	27.69	96.0	27.44	27.69	100.3
17/06/2018 6:26:36 PM	3612068796	1013.00	27.66	27.70	98.2	27.44	27.70	100.2	27.93	27.70	95.7	27.46	27.70	100.0
17/06/2018 6:26:37 PM	3612068797	1013.00	27.67	27.70	98.1	27.49	27.70	99.8	27.93	27.70	95.7	27.44	27.70	100.2
17/06/2018 6:26:38 PM	3612068798	1013.00	27.69	27.70	97.9	26.35	27.70	111.2	27.89	27.70	96.1	27.47	27.70	100.0
17/06/2018 6:26:39 PM	3612068799	1013.00	27.68	27.70	98.0	27.50	27.70	99.7	27.92	27.70	95.8	27.48	27.70	99.9
17/06/2018 6:26:40 PM	3612068800	1013.00	27.69	27.70	97.9	27.50	27.70	99.7	27.93	27.70	95.7	27.48	27.70	99.9
17/06/2018 6:26:41 PM	3612068801	1013.00	27.68	27.70	98.0	27.52	27.70	99.5	27.94	27.70	95.7	27.44	27.70	100.2
17/06/2018 6:26:42 PM	3612068802	1013.00	27.69	27.70	97.9	27.54	27.70	99.3	27.93	27.70	95.7	27.47	27.70	100.0
17/06/2018 6:26:43 PM	3612068803	1013.00	27.70	27.71	97.8	27.50	27.71	99.7	27.95	27.71	95.5	27.47	27.71	99.9
17/06/2018 6:26:44 PM	3612068804	1013.00	27.70	27.71	97.8	27.53	27.71	99.4	27.96	27.71	95.5	27.46	27.71	100.0
17/06/2018 6:26:45 PM	3612068805	1013.00	27.66	27.71	98.2	27.52	27.71	99.5	27.94	27.71	95.6	27.46	27.71	100.0
17/06/2018 6:26:46 PM	3612068806	1013.00	27.71	27.71	97.7	26.45	27.71	110.1	27.96	27.71	95.5	27.51	27.71	99.6
17/06/2018 6:26:47 PM	3612068807	1013.00	27.68	27.71	98.0	27.57	27.71	99.0	28.00	27.71	95.1	27.45	27.71	100.1
17/06/2018 6:26:48 PM	3612068808	1013.00	27.70	27.70	97.8	27.64	27.70	98.4	27.99	27.70	95.2	27.47	27.70	100.0
17/06/2018 6:26:49 PM	3612068809	1013.00	27.69	27.70	97.9	27.63	27.70	98.5	28.01	27.70	95.0	27.48	27.70	99.9
17/06/2018 6:26:50 PM	3612068810	1013.00	27.71	27.70	97.7	27.64	27.70	98.4	27.99	27.70	95.2	27.46	27.70	100.0
17/06/2018 6:26:51 PM	3612068811	1013.00	27.71	27.70	97.7	27.67	27.70	98.1	28.01	27.70	95.0	27.50	27.70	99.7
17/06/2018 6:26:52 PM	3612068812	1013.00	27.72	27.70	97.6	27.69	27.70	97.9	27.98	27.70	95.3	27.48	27.70	99.9
17/06/2018 6:26:53 PM	3612068813	1013.00	27.73	27.71	97.5	27.72	27.71	97.6	27.98	27.71	95.3	27.51	27.71	99.6
17/06/2018 6:26:54 PM	3612068814	1013.00	27.69	27.71	97.9	27.72	27.71	97.6	28.00	27.71	95.1	27.47	27.71	99.9
17/06/2018 6:26:55 PM	3612068815	1013.00	27.73	27.71	97.5	27.72	27.71	97.6	27.98	27.71	95.3	27.46	27.71	100.0
17/06/2018 6:26:56 PM	3612068816	1013.00	27.71	27.70	97.7	27.74	27.70	97.5	27.96	27.70	95.5	27.49	27.70	99.8
17/06/2018 6:26:57 PM	3612068817	1013.00	27.72	27.70	97.6	27.79	27.70	97.0	28.04	27.70	94.8	27.52	27.70	99.5
17/06/2018 6:26:58 PM	3612068818	1013.00	27.74	27.70	97.5	27.74	27.70	97.5	28.03	27.70	94.9	27.50	27.70	99.7
17/06/2018 6:26:59 PM	3612068819	1013.00	27.71	27.70	97.7	27.79	27.70	97.0	28.03	27.70	94.9	27.51	27.70	99.6
17/06/2018 6:27:00 PM	3612068820	1013.00	27.70	27.70	97.8	27.78	27.70	97.1	28.04	27.70	94.8	27.51	27.70	99.6
17/06/2018 6:27:01 PM	3612068821	1013.00	27.73	27.70	97.5	27.83	27.70	96.6	28.03	27.70	94.9	27.51	27.70	99.6
17/06/2018 6:27:02 PM	3612068822	1013.00	27.76	27.70	97.3	27.79	27.70	97.0	28.06	27.70	94.6	27.51	27.70	99.6
17/06/2018 6:27:03 PM	3612068823	1013.00	27.74	27.70	97.5	27.85	27.70	96.5	28.03	27.70	94.9	27.48	27.70	99.9
17/06/2018 6:27:04 PM	3612068824	1013.00	27.76	27.70	97.3	27.86	27.70	96.4	28.06	27.70	94.6	27.52	27.70	99.5
17/06/2018 6:27:05 PM	3612068825	1013.00	27.74	27.71	97.4	27.90	27.71	96.0	28.04	27.71	94.8	27.50	27.71	99.7
17/06/2018 6:27:06 PM	3612068826	1013.00	27.74	27.71	97.4	27.93	27.71	95.7	28.05	27.71	94.7	27.54	27.71	99.3
17/06/2018 6:27:07 PM	3612068827	1013.00	27.78	27.71	97.1	27.90	27.71	96.0	28.06	27.71	94.6	27.54	27.71	99.3
17/06/2018 6:27:08 PM	3612068828	1013.00	27.77	27.70	97.2	27.89	27.70	96.1	28.08	27.70	94.4	27.54	27.70	99.3
17/06/2018 6:27:09 PM	3612068829	1013.00	27.77	27.71	97.2	27.91	27.71	95.9	28.05	27.71	94.7	27.56	27.71	99.1
17/06/2018 6:27:10 PM	3612068830	1013.00	27.80	27.70	96.9	27.91	27.70	95.9	28.06	27.70	94.6	27.56	27.70	99.1
17/06/2018 6:27:11 PM	3612068831	1013.00	27.76	27.70	97.3	27.92	27.70	95.8	28.06	27.70	94.6	27.56	27.70	99.1
17/06/2018 6:27:12 PM	3612068832	1013.00	27.74	27.70	97.5	27.92	27.70	95.8	28.05	27.70	94.7	27.54	27.70	99.3
17/06/2018 6:27:13 PM	3612068833	1013.00	27.77	27.69	97.2	27.90	27.69	96.0	28.07	27.69	94.5	27.58	27.69	98.9
17/06/2018 6:27:14 PM	3612068834	1013.00	27.78	27.69	97.1	27.90	27.69	96.0	28.07	27.69	94.5	27.56	27.69	99.1
17/06/2018 6:27:15 PM	3612068835	1013.00	27.80	27.69	96.9	27.91	27.69	95.9	28.08	27.69	94.4	27.58	27.69	98.9
17/06/2018 6:27:16 PM	3612068836	1013.00	27.79	27.69	97.0	27.95	27.69	95.6	28.08	27.69	94.4	27.59	27.69	98.9
17/06/2018 6:27:17 PM	3612068837	1013.00	27.78	27.69	97.1	27.93	27.69	95.8	28.10	27.69	94.3	27.58	27.69	98.9
17/06/2018 6:27:18 PM	3612068838	1013.00	27.78	27.69	97.1	27.92	27.69	95.8	28.14	27.69	93.9	27.59	27.69	98.9
17/06/2018 6:27:20 PM	3612068840	1013.00	27.79	27.69	97.0	27.88	27.69	96.2	28.11	27.69	94.2	27.61	27.69	98.7
17/06/2018 6:27:20 PM	3612068840	1013.00	27.81	27.70	96.8	27.92	27.70	95.8	28.11	27.70	94.2	27.62	27.70	98.6
17/06/2018 6:27:21 PM	3612068841	1013.00	27.81	27.68	96.9	27.96	27.68	95.5	28.10	27.68	94.3	27.59	27.68	98.9
17/06/2018 6:27:22 PM	3612068842	1013.00	27.82	27.68	96.8	27.89	27.68	96.1	28.15	27.68	93.8	27.62	27.68	98.6
17/06/2018 6:27:23 PM	3612068843	1013.00	27.81	27.68	96.9	27.93	27.68	95.8	28.15	27.68	93.8	27.62	27.68	98.6
17/06/2018 6:27:24 PM	3612068844	1013.00	27.83	27.67	96.7	27.94	27.67	95.7	28.17	27.67	93.7	27.62	27.67	98.6
17/06/2018 6:27:25 PM	3612068845	1013.00	27.81	27.66	96.9	27.97	27.66	95.5	28.19	27.66	93.5	27.62	27.66	98.6
17/06/2018 6:27:26 PM	3612068846	1013.00	27.81	27.67	96.9	27.94	27.67	95.7	28.19	27.67	93.5	27.63	27.67	98.5
17/06/2018 6:27:27 PM	3612068847	1013.00	27.82	27.68	96.8	28.00	27.68	95.2	28.24	27.68	93.1	27.64	27.68	98.4
17/06/2018 6:27:28 PM	3612068848	1013.00	27.80	27.68	96.9	28.03	27.68	94.9	28.26	27.68	92.9	27.68	27.68	98.0
17/06/2018 6:27:29 PM	3612068849	1013.00	27.83	27.68	96.7	28.08	27.68	94.4	28.27	27.68	92.8	27.66	27.68	98.2
17/06/2018 6:27:30 PM	3612068850	1013.00	27.84	27.68	96.6	28.07	27.68	94.5	28.27	27.68	92.8	27.68	27.68	98.0
17/06/2018 6:27:31 PM	3612068851	1013.00	27.82	27.68	96.8	28.08	27.68	94.4	28.26	27.68	92.9	27.66	27.68	98.2
17/06/2018 6:27:32 PM	3612068852	1013.00	27.85	27.67	96.5	28.09	27.67	94.4	28.26	27.67	92.9	27.73	27.67	97.6
17/06/2018 6:27:34 PM	3612068854	1013.00	27.82	27.67	96.8	28.14	27.67	93.9	28.26	27.67	92.9	27.69	27.67	98.0
17/06/2018 6:27:34 PM	3612068854	1013.00	27.85	27.67	96.5	28.10	27.67	94.3	28.28	27.67	92.7	27.69	27.67	98.0
17/06/2018 6:27:35 PM	3612068855	1013.00	27.87	27.67	96.3	28.16	27.67	93.8	28.25	27.67	93.0	27.72	27.67	97.7
17/06/2018 6:27:36 PM	3612068856	1013.00	27.83	27.67	96.7	28.18	27.67	93.6	28.32	27.67	92.4	27.74	27.67	97.5
17/06/2018 6:27:37 PM	3612068857	1013.00	27.85	27.67	96.5	28.19	27.67	93.5	28.29	27.67	92.6	27.72	27.67	97.7
17/06/2018 6:27:38 PM	3612068858	1013.00	27.87	27.67	96.3	28.21	27.67	93.3	28.25	27.67	93.0	27.76	27.67	97.3
17/06/2018 6:27:39 PM	3612068859	1013.00	27.85	27.67	96.5	28.24	27.67	93.1	28.37	27.67	92.0	27.76	27.67	97.3
17/06/2018 6:27:40 PM	3612068860	1013.00	27.87	27.66	96.3	28.24	27.66	93.1	28.31	27.66	92.5	27.75	27.66	97.4
17/06/2018 6:27:41 PM	3612068861	1013.00	27.89	27.66	96.2	28.22	27.66	93.3	28.32	27.66	92.4	27.77	27.66	97.3
17/06/2018 6:27:42 PM	3612068862	1013.00	27.87	27.66	96.3	28.25	27.66	93.0	28.35	27.66	92.1	27.73	27.66	97.6
17/06/2018 6:27:43 PM	3612068863	1013.00	27.88	27.66	96.3	28.26	27.66	92.9	28.36	27.66	92.1	27.77	27.66	97.3
17/06/2018 6:27:44 PM	3612068864	1013.00	27.88	27.66	96.3	28.26	27.66	92.9	28.37	27.66	92.0	27.74	27.66	97.5
17/06/2018 6:27:45 PM	3612068865	1013.00	27.87	27.66	96.3	28.26	27.66	92.9	28.37	27.66	92.0	27.75	27.66	97.4
17/06/2018 6:27:46 PM	3612068866	1013.00	27.87	27.66	96.3	28.29	27.66	92.7	28.36	27.66	92.1	27.78	27.66	97.2
17/06/2018 6:27:47 PM	3612068867	1013.00	27.87	27.66	96.3	28.29	27.66	92.7	28.39	27.66	91.8	27.78	27.66	97.2
17/06/2018 6:27:48 PM	3612068868	1013.00	27.91	27.67	96.0	28.28	27.67	92.7	28.37	27.67	92.0	27.77	27.67	97.2
17/06/2018 6:27:49 PM	3612068869	1013.00	27.89	27.68	96.1	28.29	27.68	92.6	28.34	27.68	92.2	27.77	27.68	97.2
17/06/2018 6:27:50 PM	3612068870	1013.00	27.89	27.68	96.1	28.28	27.68	92.7	28.37	27.68	91.9	27.80	27.68	96.9
17/06/2018 6:27:51 PM	3612068871	1013.00	27.91	27.67	96.0	28.30	27.67	92.6	28.39	27.67	91.8	27.76	27.67	97.3
17/06/2018 6:27:52 PM	3612068872	1013.00	27.92	27.67	95.9	28.28	27.67	92.7	28.42	27.67	91.5	27.76	27.67	97.3
17/06/2018 6:27:53 PM	3612068873	1013.00	27.91	27.67	96.0	28.30	27.67	92.6	28.36	27.67	92.0	27.79	27.67	97.1
17/06/2018 6:27:54 PM	3612068874	1013.00	27.89	27.66	96.2	28.34	27.66	92.2	28.43	27.66	91.5	27.79	27.66	97.1
17/06/2018 6:27:55 PM	3612068875	1013.00	27.93	27.66	95.8	28.23	27.66	93.2	28.38	27.66	91.9	27.80	27.66	97.0
17/06/2018 6:27:56 PM	3612068876	1013.00	27.93	27.67	95.8	28.27	27.67	92.8	28.42	27.67	91.5	27.77	27.67	97.2
17/06/2018 6:27:57 PM	3612068877	1013.00	27.92	27.66	95.9	28.32	27.66	92.4	28.38	27.66	91.9	27.82	27.66	96.8
17/06/2018 6:27:58 PM	3612068878	1013.00	27.94	27.66	95.7	28.32	27.66	92.4	28.40	27.66	91.7	27.80	27.66	97.0
17/06/2018 6:27:59 PM	3612068879	1013.00	27.93	27.66	95.8	28.31	27.66	92.5	28.40	27.66	91.7	27.81	27.66	96.9
17/06/2018 6:28:00 PM	3612068880	1013.00	27.94	27.67	95.7	28.31	27.67	92.5	28.39	27.67	91.8	27.81	27.67	96.9
17/06/2018 6:28:01 PM	3612068881	1013.00	27.93	27.67	95.8	28.30	27.67	92.6	28.44	27.67	91.4	27.81	27.67	96.9
17/06/2018 6:28:02 PM	3612068882	1013.00	27.95	27.66	95.6	28.35	27.66	92.1	28.42	27.66	91.6	27.84	27.66	96.6
17/06/2018 6:28:03 PM	3612068883	1013.00	27.94	27.66	95.7	28.37	27.66	92.0	28.40	27.66	91.7	27.84	27.66	96.6
17/06/2018 6:28:04 PM	3612068884	1013.00	27.95	27.67	95.6	28.37	27.67	92.0	28.44	27.67	91.4	27.82	27.67	96.8
17/06/2018 6:28:05 PM	3612068885	1013.00	27.97	27.66	95.5	28.42	27.66	91.6	28.40	27.66	91.7	27.85	27.66	96.5
17/06/2018 6:28:06 PM	3612068886	1013.00	27.99	27.67	95.3	28.41	27.67	91.6	28.41	27.67	91.6	27.86	27.67	96.4
17/06/2018 6:28:07 PM	3612068887	1013.00	27.97	27.67	95.4	28.39	27.67	91.8	28.44	27.67	91.4	27.85	27.67	96.5
17/06/2018 6:28:09 PM	3612068889	1013.00	27.99	27.67	95.3	28.40	27.67	91.7	28.42	27.67	91.5	27.83	27.67	96.7
17/06/2018 6:28:09 PM	3612068889	1013.00	27.97	27.66	95.5	28.41	27.66	91.6	28.45	27.66	91.3	27.82	27.66	96.8
17/06/2018 6:28:10 PM	3612068890	1013.00	27.98	27.67	95.3	28.49	27.67	91.0	28.44	27.67	91.4	27.82	27.67	96.8
17/06/2018 6:28:11 PM	3612068891	1013.00	28.02	27.66	95.0	28.42	27.66	91.6	28.47	27.66	91.1	27.85	27.66	96.5
17/06/2018 6:28:12 PM	3612068892	1013.00	28.00	27.67	95.2	28.46	27.67	91.2	28.45	27.67	91.3	27.86	27.67	96.4
17/06/2018 6:28:13 PM	3612068893	1013.00	28.01	27.67	95.1	28.45	27.67	91.3	28.46	27.67	91.2	27.86	27.67	96.4
17/06/2018 6:28:14 PM	3612068894	1013.00	28.03	27.67	94.9	28.48	27.67	91.0	28.44	27.67	91.4	27.86	27.67	96.4
17/06/2018 6:28:15 PM	3612068895	1013.00	28.00	27.67	95.2	28.47	27.67	91.1	28.45	27.67	91.3	27.88	27.67	96.2
17/06/2018 6:28:16 PM	3612068896	1013.00	28.02	27.67	95.0	28.46	27.67	91.2	28.46	27.67	91.2	27.85	27.67	96.5
17/06/2018 6:28:17 PM	3612068897	1013.00	28.02	27.66	95.0	28.46	27.66	91.2	28.44	27.66	91.4	27.88	27.66	96.3
17/06/2018 6:28:18 PM	3612068898	1013.00	28.02	27.66	95.0	28.52	27.66	90.7	28.47	27.66	91.1	27.85	27.66	96.5
17/06/2018 6:28:19 PM	3612068899	1013.00	28.03	27.66	94.9	28.50	27.66	90.9	28.46	27.66	91.2	27.85	27.66	96.5
17/06/2018 6:28:20 PM	3612068900	1013.00	28.05	27.66	94.7	28.47	27.66	91.1	28.50	27.66	90.9	27.85	27.66	96.5
17/06/2018 6:28:21 PM	3612068901	1013.00	28.05	27.66	94.7	28.49	27.66	91.0	28.49	27.66	91.0	27.87	27.66	96.3
17/06/2018 6:28:22 PM	3612068902	1013.00	28.07	27.66	94.6	28.46	27.66	91.2	28.50	27.66	90.9	27.88	27.66	96.3
17/06/2018 6:28:23 PM	3612068903	1013.00	28.04	27.67	94.8	28.46	27.67	91.2	28.48	27.67	91.0	27.88	27.67	96.2
17/06/2018 6:28:24 PM	3612068904	1013.00	28.08	27.67	94.5	28.45	27.67	91.3	28.51	27.67	90.8	27.87	27.67	96.3
17/06/2018 6:28:26 PM	3612068906	1013.00	28.06	27.67	94.6	28.45	27.67	91.3	28.52	27.67	90.7	27.89	27.67	96.2
17/06/2018 6:28:26 PM	3612068906	1013.00	28.06	27.67	94.6	28.51	27.67	90.8	28.51	27.67	90.8	27.89	27.67	96.2
17/06/2018 6:28:27 PM	3612068907	1013.00	28.06	27.67	94.6	28.45	27.67	91.3	28.49	27.67	91.0	27.90	27.67	96.1
17/06/2018 6:28:28 PM	3612068908	1013.00	28.06	27.67	94.6	28.42	27.67	91.5	28.54	27.67	90.5	27.90	27.67	96.1
17/06/2018 6:28:29 PM	3612068909	1013.00	28.09	27.67	94.4	28.43	27.67	91.5	28.52	27.67	90.7	27.91	27.67	96.0
17/06/2018 6:28:30 PM	3612068910	1013.00	28.06	27.67	94.6	28.46	27.67	91.2	28.55	27.67	90.4	27.90	27.67	96.1
17/06/2018 6:28:31 PM	3612068911	1013.00	28.08	27.68	94.4	28.45	27.68	91.3	28.52	27.68	90.7	27.91	27.68	96.0
17/06/2018 6:28:32 PM	3612068912	1013.00	28.08	27.68	94.4	28.49	27.68	90.9	28.58	27.68	90.2	27.91	27.68	96.0
17/06/2018 6:28:33 PM	3612068913	1013.00	28.10	27.68	94.3	28.45	27.68	91.3	28.54	27.68	90.5	27.91	27.68	96.0
17/06/2018 6:28:34 PM	3612068914	1013.00	28.10	27.68	94.3	28.45	27.68	91.3	28.58	27.68	90.2	27.94	27.68	95.7
17/06/2018 6:28:35 PM	3612068915	1013.00	28.09	27.69	94.3	28.46	27.69	91.2	28.56	27.69	90.3	27.93	27.69	95.8
17/06/2018 6:28:36 PM	3612068916	1013.00	28.09	27.69	94.3	28.49	27.69	90.9	28.56	27.69	90.3	27.92	27.69	95.8
17/06/2018 6:28:37 PM	3612068917	1013.00	28.10	27.69	94.3	28.48	27.69	91.0	28.60	27.69	90.0	27.94	27.69	95.7
17/06/2018 6:28:38 PM	3612068918	1013.00	28.11	27.69	94.2	28.48	27.69	91.0	28.61	27.69	89.9	27.95	27.69	95.6
17/06/2018 6:28:39 PM	3612068919	1013.00	28.10	27.69	94.3	28.45	27.69	91.3	28.60	27.69	90.0	27.95	27.69	95.6
17/06/2018 6:28:40 PM	3612068920	1013.00	28.12	27.69	94.1	28.48	27.69	91.0	28.59	27.69	90.1	27.91	27.69	95.9
17/06/2018 6:28:41 PM	3612068921	1013.00	28.12	27.68	94.1	28.46	27.68	91.2	28.58	27.68	90.2	27.95	27.68	95.6
17/06/2018 6:28:42 PM	3612068922	1013.00	28.12	27.68	94.1	28.45	27.68	91.3	28.62	27.68	89.9	27.94	27.68	95.7
17/06/2018 6:28:43 PM	3612068923	1013.00	28.09	27.68	94.4	28.45	27.68	91.3	28.60	27.68	90.0	27.95	27.68	95.6
17/06/2018 6:28:44 PM	3612068924	1013.00	28.11	27.68	94.2	28.44	27.68	91.4	28.61	27.68	89.9	27.95	27.68	95.6
17/06/2018 6:28:45 PM	3612068925	1013.00	28.12	27.68	94.1	28.42	27.68	91.5	28.63	27.68	89.8	27.97	27.68	95.4
17/06/2018 6:28:46 PM	3612068926	1013.00	28.14	27.68	93.9	28.41	27.68	91.6	28.59	27.68	90.1	28.00	27.68	95.2
17/06/2018 6:28:47 PM	3612068927	1013.00	28.15	27.69	93.8	28.37	27.69	91.9	28.61	27.69	89.9	28.00	27.69	95.1
17/06/2018 6:28:48 PM	3612068928	1013.00	28.13	27.69	94.0	28.40	27.69	91.7	28.66	27.69	89.5	27.99	27.69	95.2
17/06/2018 6:28:49 PM	3612068929	1013.00	28.17	27.69	93.6	28.42	27.69	91.5	28.64	27.69	89.7	27.99	27.69	95.2
17/06/2018 6:28:50 PM	3612068930	1013.00	28.17	27.69	93.6	28.48	27.69	91.0	28.64	27.69	89.7	28.00	27.69	95.1
17/06/2018 6:28:51 PM	3612068931	1013.00	28.12	27.70	94.1	28.42	27.70	91.5	28.63	27.70	89.7	28.00	27.70	95.1
17/06/2018 6:28:52 PM	3612068932	1013.00	28.14	27.69	93.9	28.40	27.69	91.7	28.66	27.69	89.5	28.02	27.69	95.0
17/06/2018 6:28:53 PM	3612068933	1013.00	28.17	27.69	93.6	28.45	27.69	91.3	28.66	27.69	89.5	28.00	27.69	95.1
17/06/2018 6:28:54 PM	3612068934	1013.00	28.15	27.70	93.8	28.44	27.70	91.3	28.63	27.70	89.7	28.00	27.70	95.1
17/06/2018 6:28:55 PM	3612068935	1013.00	28.14	27.69	93.9	28.46	27.69	91.2	28.65	27.69	89.6	28.02	27.69	95.0
17/06/2018 6:28:56 PM	3612068936	1013.00	28.18	27.69	93.6	28.50	27.69	90.8	28.67	27.69	89.4	28.02	27.69	95.0
17/06/2018 6:28:57 PM	3612068937	1013.00	28.18	27.69	93.6	28.50	27.69	90.8	28.68	27.69	89.3	28.01	27.69	95.0
17/06/2018 6:28:58 PM	3612068938	1013.00	28.18	27.69	93.6	28.54	27.69	90.5	28.64	27.69	89.7	28.02	27.69	95.0
17/06/2018 6:28:59 PM	3612068939	1013.00	28.15	27.69	93.8	28.53	27.69	90.6	28.69	27.69	89.3	28.02	27.69	95.0
17/06/2018 6:29:00 PM	3612068940	1013.00	28.17	27.68	93.7	28.52	27.68	90.7	28.68	27.68	89.4	28.02	27.68	95.0
17/06/2018 6:29:02 PM	3612068942	1013.00	28.21	27.69	93.3	28.57	27.69	90.3	28.64	27.69	89.7	28.04	27.69	94.8
17/06/2018 6:29:02 PM	3612068942	1013.00	28.22	27.69	93.2	28.55	27.69	90.4	28.69	27.69	89.3	28.03	27.69	94.9
17/06/2018 6:29:03 PM	3612068943	1013.00	28.22	27.69	93.2	28.55	27.69	90.4	28.69	27.69	89.3	28.05	27.69	94.7
17/06/2018 6:29:04 PM	3612068944	1013.00	28.25	27.69	93.0	28.52	27.69	90.7	28.64	27.69	89.7	28.05	27.69	94.7
17/06/2018 6:29:05 PM	3612068945	1013.00	28.24	27.69	93.0	28.54	27.69	90.5	28.70	27.69	89.2	28.06	27.69	94.6
17/06/2018 6:29:06 PM	3612068946	1013.00	28.29	27.69	92.6	28.57	27.69	90.3	28.66	27.69	89.5	28.04	27.69	94.8
17/06/2018 6:29:07 PM	3612068947	1013.00	28.26	27.69	92.9	28.58	27.69	90.2	28.69	27.69	89.3	28.04	27.69	94.8
17/06/2018 6:29:08 PM	3612068948	1013.00	28.25	27.69	93.0	28.55	27.69	90.4	28.69	27.69	89.3	28.06	27.69	94.6
17/06/2018 6:29:09 PM	3612068949	1013.00	28.27	27.69	92.8	28.62	27.69	89.8	28.71	27.69	89.1	28.03	27.69	94.9
17/06/2018 6:29:10 PM	3612068950	1013.00	28.26	27.70	92.9	28.59	27.70	90.1	28.65	27.70	89.6	28.09	27.70	94.3
17/06/2018 6:29:11 PM	3612068951	1013.00	28.27	27.70	92.8	28.57	27.70	90.2	28.68	27.70	89.3	28.07	27.70	94.5
17/06/2018 6:29:12 PM	3612068952	1013.00	28.28	27.70	92.7	28.61	27.70	89.9	28.70	27.70	89.2	28.07	27.70	94.5
17/06/2018 6:29:13 PM	3612068953	1013.00	28.27	27.70	92.8	28.62	27.70	89.8	28.71	27.70	89.1	28.07	27.70	94.5
17/06/2018 6:29:14 PM	3612068954	1013.00	28.27	27.69	92.8	28.62	27.69	89.8	28.69	27.69	89.3	28.09	27.69	94.3
17/06/2018 6:29:15 PM	3612068955	1013.00	28.30	27.69	92.5	28.67	27.69	89.4	28.72	27.69	89.0	28.09	27.69	94.3
17/06/2018 6:29:16 PM	3612068956	1013.00	28.31	27.69	92.4	28.66	27.69	89.5	28.68	27.69	89.3	28.07	27.69	94.5
17/06/2018 6:29:17 PM	3612068957	1013.00	28.29	27.70	92.6	28.66	27.70	89.5	28.74	27.70	88.8	28.09	27.70	94.3
17/06/2018 6:29:18 PM	3612068958	1013.00	28.30	27.70	92.5	28.62	27.70	89.8	28.69	27.70	89.2	28.13	27.70	94.0
17/06/2018 6:29:19 PM	3612068959	1013.00	28.32	27.71	92.3	28.63	27.71	89.7	28.73	27.71	88.9	28.11	27.71	94.1
17/06/2018 6:29:20 PM	3612068960	1013.00	28.29	27.71	92.6	28.69	27.71	89.2	28.73	27.71	88.9	28.12	27.71	94.0
17/06/2018 6:29:21 PM	3612068961	1013.00	28.30	27.71	92.5	28.66	27.71	89.5	28.71	27.71	89.1	28.09	27.71	94.3
17/06/2018 6:29:23 PM	3612068963	1013.00	28.32	27.72	92.3	28.67	27.72	89.4	28.77	27.72	88.6	28.12	27.72	94.0
17/06/2018 6:29:23 PM	3612068963	1013.00	28.33	27.72	92.2	28.71	27.72	89.1	28.71	27.72	89.1	28.11	27.72	94.1
17/06/2018 6:29:24 PM	3612068964	1013.00	28.32	27.72	92.3	28.67	27.72	89.4	28.72	27.72	89.0	28.17	27.72	93.6
17/06/2018 6:29:25 PM	3612068965	1013.00	28.33	27.72	92.2	28.69	27.72	89.2	28.76	27.72	88.6	28.14	27.72	93.9
17/06/2018 6:29:26 PM	3612068966	1013.00	28.35	27.71	92.1	28.70	27.71	89.1	28.72	27.71	89.0	28.14	27.71	93.9
17/06/2018 6:29:27 PM	3612068967	1013.00	28.32	27.72	92.3	28.73	27.72	88.9	28.77	27.72	88.6	28.14	27.72	93.9
17/06/2018 6:29:28 PM	3612068968	1013.00	28.35	27.71	92.1	28.73	27.71	88.9	28.74	27.71	88.8	28.13	27.71	94.0
17/06/2018 6:29:29 PM	3612068969	1013.00	28.35	27.71	92.1	28.75	27.71	88.7	28.75	27.71	88.7	28.13	27.71	94.0
17/06/2018 6:29:30 PM	3612068970	1013.00	28.35	27.70	92.1	28.72	27.70	89.0	28.72	27.70	89.0	28.17	27.70	93.6
17/06/2018 6:29:31 PM	3612068971	1013.00	28.36	27.70	92.0	28.72	27.70	89.0	28.73	27.70	88.9	28.17	27.70	93.6
17/06/2018 6:29:32 PM	3612068972	1013.00	28.38	27.69	91.8	28.73	27.69	88.9	28.74	27.69	88.9	28.15	27.69	93.8
17/06/2018 6:29:33 PM	3612068973	1013.00	28.35	27.69	92.1	28.74	27.69	88.9	28.76	27.69	88.7	28.21	27.69	93.3
17/06/2018 6:29:34 PM	3612068974	1013.00	28.34	27.70	92.2	28.75	27.70	88.8	28.75	27.70	88.8	28.21	27.70	93.3
17/06/2018 6:29:35 PM	3612068975	1013.00	28.41	27.70	91.6	28.75	27.70	88.8	28.77	27.70	88.6	28.19	27.70	93.5
17/06/2018 6:29:36 PM	3612068976	1013.00	28.38	27.70	91.8	28.80	27.70	88.4	28.78	27.70	88.5	28.21	27.70	93.3
17/06/2018 6:29:37 PM	3612068977	1013.00	28.38	27.70	91.8	28.79	27.70	88.4	28.80	27.70	88.4	28.20	27.70	93.4
17/06/2018 6:29:38 PM	3612068978	1013.00	28.38	27.71	91.8	28.74	27.71	88.8	28.82	27.71	88.2	28.20	27.71	93.4
17/06/2018 6:29:39 PM	3612068979	1013.00	28.40	27.70	91.7	28.75	27.70	88.8	28.78	27.70	88.5	28.24	27.70	93.0
17/06/2018 6:29:40 PM	3612068980	1013.00	28.40	27.69	91.7	28.80	27.69	88.4	28.82	27.69	88.2	28.26	27.69	92.9
17/06/2018 6:29:41 PM	3612068981	1013.00	28.41	27.69	91.6	28.77	27.69	88.6	28.77	27.69	88.6	28.21	27.69	93.3
17/06/2018 6:29:42 PM	3612068982	1013.00	28.41	27.69	91.6	28.79	27.69	88.4	28.79	27.69	88.4	28.23	27.69	93.1
17/06/2018 6:29:43 PM	3612068983	1013.00	28.40	27.69	91.7	28.78	27.69	88.5	28.81	27.69	88.3	28.23	27.69	93.1
17/06/2018 6:29:44 PM	3612068984	1013.00	28.40	27.69	91.7	28.83	27.69	88.1	28.77	27.69	88.6	28.24	27.69	93.0
17/06/2018 6:29:45 PM	3612068985	1013.00	28.43	27.70	91.4	28.73	27.70	88.9	28.79	27.70	88.4	28.22	27.70	93.2
17/06/2018 6:29:46 PM	3612068986	1013.00	28.42	27.70	91.5	28.80	27.70	88.4	28.82	27.70	88.2	28.24	27.70	93.0
17/06/2018 6:29:47 PM	3612068987	1013.00	28.44	27.69	91.3	28.81	27.69	88.3	28.85	27.69	88.0	28.24	27.69	93.0
17/06/2018 6:29:48 PM	3612068988	1013.00	28.42	27.68	91.5	28.76	27.68	88.7	28.86	27.68	87.9	28.23	27.68	93.1
17/06/2018 6:29:49 PM	3612068989	1013.00	28.41	27.68	91.6	28.76	27.68	88.7	28.88	27.68	87.7	28.30	27.68	92.5
17/06/2018 6:29:50 PM	3612068990	1013.00	28.44	27.68	91.4	28.78	27.68	88.5	28.84	27.68	88.1	28.25	27.68	93.0
17/06/2018 6:29:51 PM	3612068991	1013.00	28.42	27.68	91.5	28.79	27.68	88.5	28.90	27.68	87.6	28.26	27.68	92.9
17/06/2018 6:29:52 PM	3612068992	1013.00	28.41	27.68	91.6	28.78	27.68	88.5	28.87	27.68	87.8	28.29	27.68	92.6
17/06/2018 6:29:53 PM	3612068993	1013.00	28.43	27.69	91.4	28.81	27.69	88.3	28.92	27.69	87.4	28.26	27.69	92.9
17/06/2018 6:29:54 PM	3612068994	1013.00	28.40	27.70	91.7	28.80	27.70	88.4	28.85	27.70	87.9	28.28	27.70	92.7
17/06/2018 6:29:55 PM	3612068995	1013.00	28.45	27.71	91.2	28.75	27.71	88.7	28.94	27.71	87.2	28.28	27.71	92.7
17/06/2018 6:29:56 PM	3612068996	1013.00	28.46	27.71	91.1	28.79	27.71	88.4	28.92	27.71	87.4	28.27	27.71	92.8
17/06/2018 6:29:57 PM	3612068997	1013.00	28.45	27.71	91.2	28.74	27.71	88.8	28.89	27.71	87.6	28.30	27.71	92.5
17/06/2018 6:29:58 PM	3612068998	1013.00	28.46	27.70	91.2	28.79	27.70	88.4	28.93	27.70	87.3	28.30	27.70	92.5
17/06/2018 6:29:59 PM	3612068999	1013.00	28.47	27.70	91.1	28.73	27.70	88.9	28.86	27.70	87.9	28.29	27.70	92.6
17/06/2018 6:30:00 PM	3612069000	1013.00	28.50	27.71	90.8	28.74	27.71	88.8	28.91	27.71	87.5	28.34	27.71	92.2
17/06/2018 6:30:02 PM	3612069002	1013.00	28.50	27.70	90.8	28.78	27.70	88.5	28.93	27.70	87.3	28.29	27.70	92.6
17/06/2018 6:30:02 PM	3612069002	1013.00	28.51	27.71	90.7	28.79	27.71	88.4	28.91	27.71	87.5	28.30	27.71	92.5
17/06/2018 6:30:03 PM	3612069003	1013.00	28.51	27.72	90.7	28.73	27.72	88.9	28.93	27.72	87.3	28.31	27.72	92.4
17/06/2018 6:30:04 PM	3612069004	1013.00	28.53	27.71	90.6	28.74	27.71	88.8	28.97	27.71	87.0	28.31	27.71	92.4
17/06/2018 6:30:05 PM	3612069005	1013.00	28.56	27.70	90.3	28.77	27.70	88.6	28.95	27.70	87.1	28.31	27.70	92.4
17/06/2018 6:30:06 PM	3612069006	1013.00	28.55	27.71	90.4	28.75	27.71	88.7	28.94	27.71	87.2	28.32	27.71	92.3
17/06/2018 6:30:07 PM	3612069007	1013.00	28.57	27.72	90.2	28.73	27.72	88.9	28.95	27.72	87.1	28.34	27.72	92.1
17/06/2018 6:30:08 PM	3612069008	1013.00	28.56	27.71	90.3	28.72	27.71	89.0	29.00	27.71	86.7	28.35	27.71	92.1
17/06/2018 6:30:09 PM	3612069009	1013.00	28.59	27.72	90.0	28.70	27.72	89.1	28.97	27.72	87.0	28.36	27.72	92.0
17/06/2018 6:30:10 PM	3612069010	1013.00	28.57	27.71	90.2	28.68	27.71	89.3	28.98	27.71	86.9	28.36	27.71	92.0
17/06/2018 6:30:11 PM	3612069011	1013.00	28.60	27.71	90.0	28.74	27.71	88.8	29.02	27.71	86.6	28.42	27.71	91.5
17/06/2018 6:30:12 PM	3612069012	1013.00	28.59	27.69	90.1	28.72	27.69	89.0	29.01	27.69	86.7	28.40	27.69	91.7
17/06/2018 6:30:13 PM	3612069013	1013.00	28.63	27.69	89.8	28.75	27.69	88.8	28.98	27.69	86.9	28.42	27.69	91.5
17/06/2018 6:30:14 PM	3612069014	1013.00	28.58	27.69	90.2	28.70	27.69	89.2	29.02	27.69	86.6	28.40	27.69	91.7
17/06/2018 6:30:15 PM	3612069015	1013.00	28.61	27.69	89.9	28.66	27.69	89.5	29.02	27.69	86.6	28.41	27.69	91.6
17/06/2018 6:30:16 PM	3612069016	1013.00	28.61	27.69	89.9	28.68	27.69	89.3	29.07	27.69	86.2	28.44	27.69	91.3
17/06/2018 6:30:18 PM	3612069018	1013.00	28.61	27.70	89.9	28.71	27.70	89.1	29.06	27.70	86.3	28.44	27.70	91.3
17/06/2018 6:30:18 PM	3612069018	1013.00	28.62	27.70	89.8	28.66	27.70	89.5	29.04	27.70	86.4	28.43	27.70	91.4
17/06/2018 6:30:19 PM	3612069019	1013.00	28.65	27.70	89.6	28.72	27.70	89.0	29.08	27.70	86.1	28.47	27.70	91.1
17/06/2018 6:30:20 PM	3612069020	1013.00	28.62	27.69	89.8	28.70	27.69	89.2	29.07	27.69	86.2	28.47	27.69	91.1
17/06/2018 6:30:21 PM	3612069021	1013.00	28.64	27.69	89.7	28.69	27.69	89.3	29.08	27.69	86.1	28.45	27.69	91.3
17/06/2018 6:30:22 PM	3612069022	1013.00	28.62	27.69	89.8	28.67	27.69	89.4	29.09	27.69	86.1	28.46	27.69	91.2
17/06/2018 6:30:23 PM	3612069023	1013.00	28.62	27.68	89.9	28.66	27.68	89.5	29.09	27.68	86.1	28.52	27.68	90.7
17/06/2018 6:30:24 PM	3612069024	1013.00	28.62	27.69	89.8	28.65	27.69	89.6	29.10	27.69	86.0	28.48	27.69	91.0
17/06/2018 6:30:25 PM	3612069025	1013.00	28.63	27.69	89.8	28.66	27.69	89.5	29.10	27.69	86.0	28.50	27.69	90.8
17/06/2018 6:30:26 PM	3612069026	1013.00	28.66	27.70	89.5	28.66	27.70	89.5	29.09	27.70	86.0	28.53	27.70	90.6
17/06/2018 6:30:27 PM	3612069027	1013.00	28.63	27.70	89.7	28.69	27.70	89.2	29.10	27.70	86.0	28.53	27.70	90.6
17/06/2018 6:30:28 PM	3612069028	1013.00	28.66	27.70	89.5	28.67	27.70	89.4	29.15	27.70	85.6	28.49	27.70	90.9
17/06/2018 6:30:29 PM	3612069029	1013.00	28.65	27.70	89.6	28.67	27.70	89.4	29.13	27.70	85.7	28.54	27.70	90.5
17/06/2018 6:30:31 PM	3612069031	1013.00	28.64	27.70	89.7	28.65	27.70	89.6	29.16	27.70	85.5	28.50	27.70	90.8
17/06/2018 6:30:31 PM	3612069031	1013.00	28.62	27.70	89.8	28.68	27.70	89.3	29.12	27.70	85.8	28.54	27.70	90.5
17/06/2018 6:30:32 PM	3612069032	1013.00	28.66	27.70	89.5	28.65	27.70	89.6	29.17	27.70	85.4	28.53	27.70	90.6
17/06/2018 6:30:33 PM	3612069033	1013.00	28.65	27.70	89.6	28.65	27.70	89.6	29.22	27.70	85.0	28.53	27.70	90.6
17/06/2018 6:30:34 PM	3612069034	1013.00	28.65	27.69	89.6	28.57	27.69	90.3	29.15	27.69	85.6	28.55	27.69	90.4
17/06/2018 6:30:35 PM	3612069035	1013.00	28.68	27.69	89.3	28.67	27.69	89.4	29.19	27.69	85.3	28.54	27.69	90.5
17/06/2018 6:30:36 PM	3612069036	1013.00	28.68	27.70	89.3	28.66	27.70	89.5	29.20	27.70	85.2	28.54	27.70	90.5
17/06/2018 6:30:37 PM	3612069037	1013.00	28.66	27.70	89.5	28.62	27.70	89.8	29.23	27.70	85.0	28.54	27.70	90.5
17/06/2018 6:30:38 PM	3612069038	1013.00	28.66	27.70	89.5	28.59	27.70	90.1	29.23	27.70	85.0	28.58	27.70	90.2
17/06/2018 6:30:39 PM	3612069039	1013.00	28.70	27.70	89.2	28.69	27.70	89.2	29.22	27.70	85.0	28.59	27.70	90.1
17/06/2018 6:30:40 PM	3612069040	1013.00	28.69	27.70	89.2	28.69	27.70	89.2	29.23	27.70	85.0	28.58	27.70	90.2
17/06/2018 6:30:41 PM	3612069041	1013.00	28.72	27.70	89.0	28.72	27.70	89.0	29.23	27.70	85.0	28.61	27.70	89.9
17/06/2018 6:30:42 PM	3612069042	1013.00	28.69	27.70	89.2	28.69	27.70	89.2	29.26	27.70	84.7	28.60	27.70	90.0
17/06/2018 6:30:43 PM	3612069043	1013.00	28.72	27.69	89.0	28.76	27.69	88.7	29.27	27.69	84.7	28.60	27.69	90.0
17/06/2018 6:30:44 PM	3612069044	1013.00	28.72	27.69	89.0	28.79	27.69	88.4	29.23	27.69	85.0	28.60	27.69	90.0
17/06/2018 6:30:45 PM	3612069045	1013.00	28.69	27.69	89.3	28.79	27.69	88.4	29.24	27.69	84.9	28.61	27.69	89.9
17/06/2018 6:30:46 PM	3612069046	1013.00	28.70	27.68	89.2	28.75	27.68	88.8	29.30	27.68	84.4	28.61	27.68	89.9
17/06/2018 6:30:47 PM	3612069047	1013.00	28.71	27.68	89.1	28.80	27.68	88.4	29.24	27.68	84.9	28.63	27.68	89.8
17/06/2018 6:30:48 PM	3612069048	1013.00	28.71	27.68	89.1	28.79	27.68	88.5	29.29	27.68	84.5	28.60	27.68	90.0
17/06/2018 6:30:49 PM	3612069049	1013.00	28.72	27.68	89.0	28.84	27.68	88.1	29.31	27.68	84.4	28.63	27.68	89.8
17/06/2018 6:30:50 PM	3612069050	1013.00	28.69	27.68	89.3	28.86	27.68	87.9	29.33	27.68	84.2	28.60	27.68	90.0
17/06/2018 6:30:51 PM	3612069051	1013.00	28.72	27.68	89.0	28.83	27.68	88.1	29.36	27.68	84.0	28.60	27.68	90.0
17/06/2018 6:30:52 PM	3612069052	1013.00	28.75	27.69	88.8	28.84	27.69	88.0	29.34	27.69	84.1	28.66	27.69	89.5
17/06/2018 6:30:53 PM	3612069053	1013.00	28.70	27.68	89.2	28.84	27.68	88.1	29.33	27.68	84.2	28.65	27.68	89.6
17/06/2018 6:30:54 PM	3612069054	1013.00	28.72	27.69	89.0	28.80	27.69	88.4	29.36	27.69	84.0	28.66	27.69	89.5
17/06/2018 6:30:55 PM	3612069055	1013.00	28.72	27.70	89.0	28.83	27.70	88.1	29.34	27.70	84.1	28.68	27.70	89.3
17/06/2018 6:30:56 PM	3612069056	1013.00	28.74	27.69	88.9	28.88	27.69	87.7	29.36	27.69	84.0	28.65	27.69	89.6
17/06/2018 6:30:57 PM	3612069057	1013.00	28.72	27.69	89.0	28.87	27.69	87.8	29.34	27.69	84.1	28.69	27.69	89.3
17/06/2018 6:30:58 PM	3612069058	1013.00	28.75	27.70	88.8	28.86	27.70	87.9	29.34	27.70	84.1	28.69	27.70	89.2
17/06/2018 6:30:59 PM	3612069059	1013.00	28.71	27.68	89.1	28.83	27.68	88.1	29.40	27.68	83.7	28.68	27.68	89.4
17/06/2018 6:31:00 PM	3612069060	1013.00	28.74	27.68	88.9	28.88	27.68	87.7	29.41	27.68	83.6	28.69	27.68	89.3
17/06/2018 6:31:01 PM	3612069061	1013.00	28.71	27.68	89.1	28.89	27.68	87.7	29.37	27.68	83.9	28.73	27.68	89.0
17/06/2018 6:31:02 PM	3612069062	1013.00	28.72	27.68	89.0	28.87	27.68	87.8	29.40	27.68	83.7	28.75	27.68	88.8
17/06/2018 6:31:03 PM	3612069063	1013.00	28.75	27.68	88.8	28.88	27.68	87.7	29.37	27.68	83.9	28.73	27.68	89.0
17/06/2018 6:31:04 PM	3612069064	1013.00	28.73	27.68	89.0	28.89	27.68	87.7	29.39	27.68	83.8	28.71	27.68	89.1
17/06/2018 6:31:05 PM	3612069065	1013.00	28.76	27.68	88.7	28.89	27.68	87.7	29.41	27.68	83.6	28.72	27.68	89.0
17/06/2018 6:31:06 PM	3612069066	1013.00	28.76	27.69	88.7	28.85	27.69	88.0	29.39	27.69	83.7	28.73	27.69	88.9
17/06/2018 6:31:07 PM	3612069067	1013.00	28.71	27.67	89.1	28.86	27.67	87.9	29.42	27.67	83.5	28.72	27.67	89.0
17/06/2018 6:31:08 PM	3612069068	1013.00	28.73	27.68	89.0	28.87	27.68	87.8	29.42	27.68	83.5	28.75	27.68	88.8
17/06/2018 6:31:09 PM	3612069069	1013.00	28.74	27.68	88.9	28.86	27.68	87.9	29.42	27.68	83.5	28.79	27.68	88.5
17/06/2018 6:31:10 PM	3612069070	1013.00	28.75	27.68	88.8	28.84	27.68	88.1	29.46	27.68	83.2	28.75	27.68	88.8
17/06/2018 6:31:11 PM	3612069071	1013.00	28.73	27.68	89.0	28.87	27.68	87.8	29.46	27.68	83.2	28.73	27.68	89.0
17/06/2018 6:31:12 PM	3612069072	1013.00	28.76	27.68	88.7	28.85	27.68	88.0	29.45	27.68	83.3	28.75	27.68	88.8
17/06/2018 6:31:13 PM	3612069073	1013.00	28.73	27.69	88.9	28.89	27.69	87.6	29.44	27.69	83.4	28.74	27.69	88.9
17/06/2018 6:31:14 PM	3612069074	1013.00	28.76	27.69	88.7	28.87	27.69	87.8	29.48	27.69	83.1	28.76	27.69	88.7
17/06/2018 6:31:15 PM	3612069075	1013.00	28.74	27.69	88.9	28.85	27.69	88.0	29.44	27.69	83.4	28.78	27.69	88.5
17/06/2018 6:31:16 PM	3612069076	1013.00	28.77	27.68	88.6	28.88	27.68	87.7	29.46	27.68	83.2	28.80	27.68	88.4
17/06/2018 6:31:17 PM	3612069077	1013.00	28.75	27.69	88.8	28.82	27.69	88.2	29.45	27.69	83.3	28.81	27.69	88.3
17/06/2018 6:31:18 PM	3612069078	1013.00	28.76	27.68	88.7	28.88	27.68	87.7	29.47	27.68	83.2	28.86	27.68	87.9
17/06/2018 6:31:19 PM	3612069079	1013.00	28.77	27.67	88.6	28.86	27.67	87.9	29.49	27.67	83.0	28.86	27.67	87.9
17/06/2018 6:31:20 PM	3612069080	1013.00	28.76	27.68	88.7	28.80	27.68	88.4	29.44	27.68	83.4	28.86	27.68	87.9
17/06/2018 6:31:21 PM	3612069081	1013.00	28.79	27.68	88.5	28.86	27.68	87.9	29.47	27.68	83.2	28.86	27.68	87.9
17/06/2018 6:31:22 PM	3612069082	1013.00	28.76	27.68	88.7	28.84	27.68	88.1	29.43	27.68	83.5	28.86	27.68	87.9
17/06/2018 6:31:23 PM	3612069083	1013.00	28.80	27.69	88.4	28.83	27.69	88.1	29.50	27.69	82.9	28.91	27.69	87.5
17/06/2018 6:31:24 PM	3612069084	1013.00	28.77	27.69	88.6	28.81	27.69	88.3	29.50	27.69	82.9	28.87	27.69	87.8
17/06/2018 6:31:26 PM	3612069086	1013.00	28.81	27.70	88.3	28.82	27.70	88.2	29.48	27.70	83.1	28.89	27.70	87.6
17/06/2018 6:31:26 PM	3612069086	1013.00	28.81	27.70	88.3	28.86	27.70	87.9	29.49	27.70	83.0	28.90	27.70	87.5
17/06/2018 6:31:28 PM	3612069088	1013.00	28.86	27.70	87.9	28.83	27.70	88.1	29.52	27.70	82.8	28.91	27.70	87.5
17/06/2018 6:31:28 PM	3612069088	1013.00	28.85	27.71	87.9	28.81	27.71	88.3	29.54	27.71	82.6	28.90	27.71	87.5
17/06/2018 6:31:29 PM	3612069089	1013.00	28.89	27.71	87.6	28.83	27.71	88.1	29.50	27.71	82.9	28.95	27.71	87.1
17/06/2018 6:31:30 PM	3612069090	1013.00	28.91	27.70	87.5	28.81	27.70	88.3	29.51	27.70	82.8	28.94	27.70	87.2
17/06/2018 6:31:31 PM	3612069091	1013.00	28.93	27.70	87.3	28.82	27.70	88.2	29.56	27.70	82.5	28.94	27.70	87.2
17/06/2018 6:31:32 PM	3612069092	1013.00	28.94	27.70	87.2	28.81	27.70	88.3	29.55	27.70	82.5	28.99	27.70	86.8
17/06/2018 6:31:33 PM	3612069093	1013.00	28.90	27.69	87.6	28.77	27.69	88.6	29.59	27.69	82.2	29.00	27.69	86.8
17/06/2018 6:31:34 PM	3612069094	1013.00	28.96	27.70	87.1	28.79	27.70	88.4	29.64	27.70	81.9	29.02	27.70	86.6
17/06/2018 6:31:35 PM	3612069095	1013.00	28.93	27.69	87.3	28.84	27.69	88.0	29.63	27.69	81.9	29.04	27.69	86.5
17/06/2018 6:31:36 PM	3612069096	1013.00	28.96	27.69	87.1	28.82	27.69	88.2	29.69	27.69	81.5	29.04	27.69	86.5
17/06/2018 6:31:37 PM	3612069097	1013.00	28.96	27.70	87.1	28.87	27.70	87.8	29.69	27.70	81.5	29.07	27.70	86.2
17/06/2018 6:31:38 PM	3612069098	1013.00	29.01	27.70	86.7	28.85	27.70	87.9	29.72	27.70	81.3	29.06	27.70	86.3
17/06/2018 6:31:39 PM	3612069099	1013.00	28.96	27.70	87.1	28.90	27.70	87.5	29.69	27.70	81.5	29.08	27.70	86.1
17/06/2018 6:31:40 PM	3612069100	1013.00	28.99	27.69	86.8	28.94	27.69	87.2	29.71	27.69	81.4	29.13	27.69	85.7
17/06/2018 6:31:41 PM	3612069101	1013.00	28.98	27.70	86.9	28.88	27.70	87.7	29.69	27.70	81.5	29.13	27.70	85.7
17/06/2018 6:31:42 PM	3612069102	1013.00	29.01	27.70	86.7	28.94	27.70	87.2	29.73	27.70	81.2	29.12	27.70	85.8
17/06/2018 6:31:44 PM	3612069104	1013.00	28.99	27.69	86.8	28.95	27.69	87.2	29.72	27.69	81.3	29.14	27.69	85.7
17/06/2018 6:31:44 PM	3612069104	1013.00	29.00	27.68	86.8	28.97	27.68	87.0	29.71	27.68	81.4	29.15	27.68	85.6
17/06/2018 6:31:45 PM	3612069105	1013.00	29.01	27.70	86.7	28.96	27.70	87.1	29.75	27.70	81.1	29.17	27.70	85.4
17/06/2018 6:31:46 PM	3612069106	1013.00	29.01	27.69	86.7	28.97	27.69	87.0	29.77	27.69	80.9	29.18	27.69	85.4
17/06/2018 6:31:47 PM	3612069107	1013.00	29.01	27.69	86.7	28.98	27.69	86.9	29.80	27.69	80.7	29.13	27.69	85.7
17/06/2018 6:31:48 PM	3612069108	1013.00	29.01	27.70	86.7	29.00	27.70	86.8	29.83	27.70	80.5	29.15	27.70	85.6
17/06/2018 6:31:49 PM	3612069109	1013.00	29.03	27.70	86.5	29.00	27.70	86.8	29.89	27.70	80.0	29.16	27.70	85.5
17/06/2018 6:31:50 PM	3612069110	1013.00	29.03	27.70	86.5	28.99	27.70	86.8	29.84	27.70	80.4	29.18	27.70	85.3
17/06/2018 6:31:51 PM	3612069111	1013.00	29.02	27.70	86.6	29.03	27.70	86.5	29.85	27.70	80.3	29.19	27.70	85.3
17/06/2018 6:31:52 PM	3612069112	1013.00	29.06	27.70	86.3	29.02	27.70	86.6	29.86	27.70	80.3	29.20	27.70	85.2
17/06/2018 6:31:53 PM	3612069113	1013.00	29.04	27.69	86.5	29.03	27.69	86.5	29.88	27.69	80.1	29.16	27.69	85.5
17/06/2018 6:31:54 PM	3612069114	1013.00	29.04	27.69	86.5	29.06	27.69	86.3	29.89	27.69	80.1	29.19	27.69	85.3
17/06/2018 6:31:55 PM	3612069115	1013.00	29.04	27.69	86.5	29.05	27.69	86.4	29.91	27.69	79.9	29.17	27.69	85.4
17/06/2018 6:31:56 PM	3612069116	1013.00	29.07	27.69	86.2	29.07	27.69	86.2	29.88	27.69	80.1	29.20	27.69	85.2
17/06/2018 6:31:57 PM	3612069117	1013.00	29.02	27.69	86.6	29.13	27.69	85.7	29.89	27.69	80.1	29.22	27.69	85.0
17/06/2018 6:31:58 PM	3612069118	1013.00	29.07	27.69	86.2	29.14	27.69	85.7	29.95	27.69	79.6	29.19	27.69	85.3
17/06/2018 6:31:59 PM	3612069119	1013.00	29.04	27.69	86.5	29.10	27.69	86.0	29.89	27.69	80.1	29.21	27.69	85.1
17/06/2018 6:32:00 PM	3612069120	1013.00	29.07	27.69	86.2	29.14	27.69	85.7	29.91	27.69	79.9	29.20	27.69	85.2
17/06/2018 6:32:02 PM	3612069122	1013.00	29.06	27.70	86.3	29.18	27.70	85.3	29.89	27.70	80.0	29.22	27.70	85.0
17/06/2018 6:32:02 PM	3612069122	1013.00	29.09	27.70	86.0	29.17	27.70	85.4	29.93	27.70	79.8	29.23	27.70	85.0
17/06/2018 6:32:03 PM	3612069123	1013.00	29.09	27.71	86.0	29.15	27.71	85.6	29.92	27.71	79.8	29.24	27.71	84.9
17/06/2018 6:32:04 PM	3612069124	1013.00	29.08	27.71	86.1	29.16	27.71	85.5	29.92	27.71	79.8	29.25	27.71	84.8
17/06/2018 6:32:06 PM	3612069126	1013.00	29.09	27.70	86.0	29.18	27.70	85.3	29.93	27.70	79.8	29.23	27.70	85.0
17/06/2018 6:32:06 PM	3612069126	1013.00	29.13	27.69	85.7	29.20	27.69	85.2	29.93	27.69	79.8	29.25	27.69	84.8
17/06/2018 6:32:07 PM	3612069127	1013.00	29.11	27.70	85.9	29.18	27.70	85.3	29.94	27.70	79.7	29.25	27.70	84.8
17/06/2018 6:32:08 PM	3612069128	1013.00	29.10	27.70	86.0	29.19	27.70	85.3	29.95	27.70	79.6	29.24	27.70	84.9
17/06/2018 6:32:09 PM	3612069129	1013.00	29.10	27.70	86.0	29.15	27.70	85.6	29.96	27.70	79.5	29.26	27.70	84.7
17/06/2018 6:32:10 PM	3612069130	1013.00	29.09	27.70	86.0	29.25	27.70	84.8	29.92	27.70	79.8	29.27	27.70	84.6
17/06/2018 6:32:11 PM	3612069131	1013.00	29.11	27.71	85.9	29.21	27.71	85.1	29.98	27.71	79.4	29.31	27.71	84.3
17/06/2018 6:32:12 PM	3612069132	1013.00	29.11	27.70	85.9	29.17	27.70	85.4	29.99	27.70	79.3	29.29	27.70	84.5
17/06/2018 6:32:13 PM	3612069133	1013.00	29.10	27.70	86.0	29.20	27.70	85.2	29.99	27.70	79.3	29.34	27.70	84.1
17/06/2018 6:32:14 PM	3612069134	1013.00	29.10	27.70	86.0	29.26	27.70	84.7	30.02	27.70	79.1	29.32	27.70	84.3
17/06/2018 6:32:15 PM	3612069135	1013.00	29.11	27.70	85.9	29.26	27.70	84.7	30.10	27.70	78.5	29.39	27.70	83.7
17/06/2018 6:32:16 PM	3612069136	1013.00	29.12	27.69	85.8	29.22	27.69	85.0	30.10	27.69	78.6	29.41	27.69	83.6
17/06/2018 6:32:17 PM	3612069137	1013.00	29.10	27.70	86.0	29.24	27.70	84.9	30.10	27.70	78.5	29.39	27.70	83.7
17/06/2018 6:32:18 PM	3612069138	1013.00	29.13	27.70	85.7	29.26	27.70	84.7	30.12	27.70	78.4	29.42	27.70	83.5
17/06/2018 6:32:19 PM	3612069139	1013.00	29.09	27.69	86.1	29.22	27.69	85.0	30.14	27.69	78.3	29.44	27.69	83.4
17/06/2018 6:32:20 PM	3612069140	1013.00	29.12	27.70	85.8	29.26	27.70	84.7	30.13	27.70	78.3	29.48	27.70	83.1
17/06/2018 6:32:21 PM	3612069141	1013.00	29.12	27.71	85.8	29.26	27.71	84.7	30.18	27.71	78.0	29.45	27.71	83.3
17/06/2018 6:32:22 PM	3612069142	1013.00	29.13	27.72	85.7	29.29	27.72	84.5	30.17	27.72	78.0	29.45	27.72	83.2
17/06/2018 6:32:23 PM	3612069143	1013.00	29.15	27.72	85.5	29.35	27.72	84.0	30.19	27.72	77.9	29.48	27.72	83.0
17/06/2018 6:32:24 PM	3612069144	1013.00	29.13	27.72	85.7	29.35	27.72	84.0	30.28	27.72	77.3	29.49	27.72	82.9
17/06/2018 6:32:25 PM	3612069145	1013.00	29.16	27.71	85.5	29.32	27.71	84.2	30.21	27.71	77.8	29.48	27.71	83.0
17/06/2018 6:32:26 PM	3612069146	1013.00	29.14	27.72	85.6	29.30	27.72	84.4	30.23	27.72	77.6	29.48	27.72	83.0
17/06/2018 6:32:27 PM	3612069147	1013.00	29.16	27.70	85.5	29.29	27.70	84.5	30.26	27.70	77.4	29.50	27.70	82.9
17/06/2018 6:32:28 PM	3612069148	1013.00	29.17	27.71	85.4	29.31	27.71	84.3	30.19	27.71	77.9	29.47	27.71	83.1
17/06/2018 6:32:29 PM	3612069149	1013.00	29.16	27.70	85.5	29.33	27.70	84.2	30.21	27.70	77.8	29.49	27.70	83.0
17/06/2018 6:32:30 PM	3612069150	1013.00	29.18	27.70	85.3	29.32	27.70	84.3	30.22	27.70	77.7	29.52	27.70	82.8
17/06/2018 6:32:31 PM	3612069151	1013.00	29.18	27.70	85.3	29.34	27.70	84.1	30.29	27.70	77.2	29.52	27.70	82.8
17/06/2018 6:32:32 PM	3612069152	1013.00	29.18	27.71	85.3	29.39	27.71	83.7	30.26	27.71	77.4	29.52	27.71	82.7
17/06/2018 6:32:33 PM	3612069153	1013.00	29.18	27.71	85.3	29.41	27.71	83.6	30.25	27.71	77.5	29.54	27.71	82.6
17/06/2018 6:32:34 PM	3612069154	1013.00	29.17	27.72	85.4	29.42	27.72	83.5	30.27	27.72	77.3	29.52	27.72	82.7
17/06/2018 6:32:35 PM	3612069155	1013.00	29.18	27.73	85.3	29.43	27.73	83.4	30.29	27.73	77.2	29.55	27.73	82.5
17/06/2018 6:32:36 PM	3612069156	1013.00	29.19	27.72	85.2	29.42	27.72	83.5	30.25	27.72	77.5	29.51	27.72	82.8
17/06/2018 6:32:37 PM	3612069157	1013.00	29.21	27.72	85.1	29.41	27.72	83.5	30.28	27.72	77.3	29.56	27.72	82.4
17/06/2018 6:32:38 PM	3612069158	1013.00	29.19	27.72	85.2	29.44	27.72	83.3	30.32	27.72	77.0	29.56	27.72	82.4
17/06/2018 6:32:39 PM	3612069159	1013.00	29.22	27.72	85.0	29.44	27.72	83.3	30.29	27.72	77.2	29.55	27.72	82.5
17/06/2018 6:32:40 PM	3612069160	1013.00	29.21	27.72	85.1	29.43	27.72	83.4	30.30	27.72	77.1	29.55	27.72	82.5
17/06/2018 6:32:41 PM	3612069161	1013.00	29.21	27.72	85.1	29.45	27.72	83.2	30.31	27.72	77.1	29.57	27.72	82.3
17/06/2018 6:32:42 PM	3612069162	1013.00	29.25	27.72	84.8	29.45	27.72	83.2	30.32	27.72	77.0	29.58	27.72	82.3
17/06/2018 6:32:43 PM	3612069163	1013.00	29.24	27.73	84.8	29.38	27.73	83.8	30.33	27.73	76.9	29.56	27.73	82.4
17/06/2018 6:32:44 PM	3612069164	1013.00	29.28	27.73	84.5	29.46	27.73	83.2	30.30	27.73	77.1	29.57	27.73	82.3
17/06/2018 6:32:45 PM	3612069165	1013.00	29.30	27.73	84.4	29.44	27.73	83.3	30.32	27.73	77.0	29.60	27.73	82.1
17/06/2018 6:32:46 PM	3612069166	1013.00	29.27	27.73	84.6	29.42	27.73	83.5	30.34	27.73	76.8	29.58	27.73	82.3
17/06/2018 6:32:47 PM	3612069167	1013.00	29.33	27.72	84.2	29.42	27.72	83.5	30.38	27.72	76.6	29.60	27.72	82.1
17/06/2018 6:32:48 PM	3612069168	1013.00	29.33	27.73	84.1	29.41	27.73	83.5	30.33	27.73	76.9	29.61	27.73	82.0
17/06/2018 6:32:49 PM	3612069169	1013.00	29.31	27.73	84.3	29.44	27.73	83.3	30.31	27.73	77.0	29.61	27.73	82.0
17/06/2018 6:32:50 PM	3612069170	1013.00	29.34	27.73	84.1	29.45	27.73	83.2	30.35	27.73	76.8	29.60	27.73	82.1
17/06/2018 6:32:51 PM	3612069171	1013.00	29.33	27.74	84.1	29.46	27.74	83.1	30.36	27.74	76.7	29.63	27.74	81.9
17/06/2018 6:32:52 PM	3612069172	1013.00	29.38	27.74	83.7	29.42	27.74	83.4	30.38	27.74	76.6	29.63	27.74	81.9
17/06/2018 6:32:53 PM	3612069173	1013.00	29.35	27.73	84.0	29.45	27.73	83.2	30.34	27.73	76.8	29.64	27.73	81.8
