Date & time of file creation	18/06/2018 7:09 PM													
Data file path	C:\Users\ameli\Desktop\Luke Strasiotto\18062018\Old_18.txt													
														
														
CALIBRATION DATA														
Parameter/Channel	N moving average	LO phase [r.U.]	HI phase [r.U.]	LO oxygen [%air saturation]	HI oxygen [%air saturation]	LO temperature [°C]	HI temperature [°C]	Salinity [‰]						
S WOT 0041 000001   , CH 1	1	60.31	28.58	0.00	100.00	19.00	19.00	0.000						
S WOT 0041 000001   , CH 2	1	60.31	28.58	0.00	100.00	19.00	19.00	0.000						
S WOT 0041 000001   , CH 3	1	60.31	28.58	0.00	100.00	19.00	19.00	0.000						
S WOT 0041 000001   , CH 4	1	60.31	28.58	0.00	100.00	19.00	19.00	0.000						
														
														
Date &Time [DD-MM-YYYY HH:MM:SS]	Time stamp code	Barometric pressure [hPa]	S WOT 0041 000001   , CH 1 phase [r.U.]	S WOT 0041 000001   , CH 1 temp [°C]	S WOT 0041 000001   , CH 1 O2 [% air saturation]	S WOT 0041 000001   , CH 2 phase [r.U.]	S WOT 0041 000001   , CH 2 temp [°C]	S WOT 0041 000001   , CH 2 O2 [% air saturation]	S WOT 0041 000001   , CH 3 phase [r.U.]	S WOT 0041 000001   , CH 3 temp [°C]	S WOT 0041 000001   , CH 3 O2 [% air saturation]	S WOT 0041 000001   , CH 4 phase [r.U.]	S WOT 0041 000001   , CH 4 temp [°C]	S WOT 0041 000001   , CH 4 O2 [% air saturation]
18/06/2018 7:09:44 PM	3612157784	1013.00	28.38	18.93	102.0	28.52	18.93	100.7	28.31	18.93	102.6	28.28	18.93	102.9
18/06/2018 7:09:45 PM	3612157785	1013.00	28.39	18.93	101.9	28.46	18.93	101.2	28.30	18.93	102.7	28.26	18.93	103.1
18/06/2018 7:09:46 PM	3612157786	1013.00	28.39	18.93	101.9	28.47	18.93	101.1	28.31	18.93	102.6	28.30	18.93	102.7
18/06/2018 7:09:47 PM	3612157787	1013.00	28.39	18.94	101.9	28.48	18.94	101.0	28.32	18.94	102.5	28.32	18.94	102.5
18/06/2018 7:09:48 PM	3612157788	1013.00	28.40	18.93	101.8	28.52	18.93	100.7	28.32	18.93	102.5	28.29	18.93	102.8
18/06/2018 7:09:49 PM	3612157789	1013.00	28.40	18.93	101.8	28.48	18.93	101.1	28.31	18.93	102.6	28.28	18.93	102.9
18/06/2018 7:09:50 PM	3612157790	1013.00	28.40	18.93	101.8	28.47	18.93	101.1	28.31	18.93	102.6	28.28	18.93	102.9
18/06/2018 7:09:51 PM	3612157791	1013.00	28.40	18.94	101.8	28.45	18.94	101.3	28.29	18.94	102.8	28.30	18.94	102.7
18/06/2018 7:09:52 PM	3612157792	1013.00	28.39	18.93	101.9	28.48	18.93	101.1	28.30	18.93	102.7	28.30	18.93	102.7
18/06/2018 7:09:53 PM	3612157793	1013.00	28.38	18.93	102.0	28.52	18.93	100.7	28.33	18.93	102.5	28.29	18.93	102.8
18/06/2018 7:09:54 PM	3612157794	1013.00	28.40	18.94	101.8	28.50	18.94	100.8	28.31	18.94	102.6	28.29	18.94	102.8
18/06/2018 7:09:55 PM	3612157795	1013.00	28.38	18.94	102.0	28.49	18.94	100.9	28.29	18.94	102.8	28.29	18.94	102.8
18/06/2018 7:09:56 PM	3612157796	1013.00	28.37	18.94	102.1	28.47	18.94	101.1	28.29	18.94	102.8	28.26	18.94	103.1
18/06/2018 7:09:57 PM	3612157797	1013.00	28.40	18.94	101.8	28.45	18.94	101.3	28.28	18.94	102.9	28.29	18.94	102.8
18/06/2018 7:09:58 PM	3612157798	1013.00	28.37	18.94	102.1	28.48	18.94	101.0	28.29	18.94	102.8	28.28	18.94	102.9
18/06/2018 7:09:59 PM	3612157799	1013.00	28.40	18.94	101.8	28.47	18.94	101.1	28.28	18.94	102.9	28.27	18.94	103.0
18/06/2018 7:10:00 PM	3612157800	1013.00	28.42	18.94	101.6	28.50	18.94	100.8	28.31	18.94	102.6	28.27	18.94	103.0
18/06/2018 7:10:01 PM	3612157801	1013.00	28.41	18.93	101.7	28.45	18.93	101.3	28.31	18.93	102.6	28.30	18.93	102.7
18/06/2018 7:10:02 PM	3612157802	1013.00	28.39	18.93	101.9	28.46	18.93	101.2	28.27	18.93	103.0	28.30	18.93	102.7
18/06/2018 7:10:03 PM	3612157803	1013.00	28.39	18.93	101.9	28.45	18.93	101.3	28.31	18.93	102.6	28.28	18.93	102.9
18/06/2018 7:10:04 PM	3612157804	1013.00	28.38	18.93	102.0	28.48	18.93	101.1	28.33	18.93	102.5	28.27	18.93	103.0
18/06/2018 7:10:05 PM	3612157805	1013.00	28.39	18.93	101.9	28.48	18.93	101.1	28.33	18.93	102.5	28.30	18.93	102.7
18/06/2018 7:10:06 PM	3612157806	1013.00	28.38	18.93	102.0	28.51	18.93	100.8	28.29	18.93	102.8	28.28	18.93	102.9
18/06/2018 7:10:07 PM	3612157807	1013.00	28.39	18.93	101.9	28.47	18.93	101.1	28.29	18.93	102.8	28.28	18.93	102.9
18/06/2018 7:10:08 PM	3612157808	1013.00	28.40	18.93	101.8	28.50	18.93	100.9	28.28	18.93	102.9	28.28	18.93	102.9
18/06/2018 7:10:09 PM	3612157809	1013.00	28.39	18.93	101.9	28.44	18.93	101.4	28.32	18.93	102.5	28.28	18.93	102.9
18/06/2018 7:10:10 PM	3612157810	1013.00	28.39	18.93	101.9	28.43	18.93	101.5	28.32	18.93	102.5	28.28	18.93	102.9
18/06/2018 7:10:11 PM	3612157811	1013.00	28.40	18.93	101.8	28.51	18.93	100.8	28.30	18.93	102.7	28.28	18.93	102.9
18/06/2018 7:10:12 PM	3612157812	1013.00	28.41	18.93	101.7	28.47	18.93	101.1	28.32	18.93	102.5	28.28	18.93	102.9
18/06/2018 7:10:13 PM	3612157813	1013.00	28.40	18.93	101.8	28.52	18.93	100.7	28.34	18.93	102.4	28.28	18.93	102.9
18/06/2018 7:10:14 PM	3612157814	1013.00	28.38	18.93	102.0	28.48	18.93	101.1	28.29	18.93	102.8	28.31	18.93	102.6
18/06/2018 7:10:15 PM	3612157815	1013.00	28.42	18.93	101.6	28.46	18.93	101.2	28.32	18.93	102.5	28.31	18.93	102.6
18/06/2018 7:10:16 PM	3612157816	1013.00	28.37	18.94	102.1	28.44	18.94	101.4	28.30	18.94	102.7	28.31	18.94	102.6
18/06/2018 7:10:17 PM	3612157817	1013.00	28.38	18.94	102.0	28.46	18.94	101.2	28.29	18.94	102.8	28.29	18.94	102.8
18/06/2018 7:10:18 PM	3612157818	1013.00	28.40	18.94	101.8	28.46	18.94	101.2	28.35	18.94	102.2	28.31	18.94	102.6
18/06/2018 7:10:19 PM	3612157819	1013.00	28.39	18.94	101.9	28.47	18.94	101.1	28.31	18.94	102.6	28.27	18.94	103.0
18/06/2018 7:10:20 PM	3612157820	1013.00	28.40	18.92	101.8	28.49	18.92	101.0	28.33	18.92	102.5	28.30	18.92	102.8
18/06/2018 7:10:21 PM	3612157821	1013.00	28.41	18.92	101.7	28.49	18.92	101.0	28.34	18.92	102.4	28.30	18.92	102.8
18/06/2018 7:10:22 PM	3612157822	1013.00	28.39	18.92	101.9	28.48	18.92	101.1	28.34	18.92	102.4	28.28	18.92	102.9
18/06/2018 7:10:23 PM	3612157823	1013.00	28.38	18.92	102.0	28.49	18.92	101.0	28.30	18.92	102.8	28.29	18.92	102.9
18/06/2018 7:10:24 PM	3612157824	1013.00	28.41	18.92	101.7	28.50	18.92	100.9	28.32	18.92	102.6	28.29	18.92	102.9
18/06/2018 7:10:25 PM	3612157825	1013.00	28.38	18.93	102.0	28.48	18.93	101.1	28.31	18.93	102.6	28.28	18.93	102.9
18/06/2018 7:10:26 PM	3612157826	1013.00	28.41	18.93	101.7	28.45	18.93	101.3	28.34	18.93	102.4	28.29	18.93	102.8
18/06/2018 7:10:27 PM	3612157827	1013.00	28.40	18.94	101.8	28.46	18.94	101.2	28.30	18.94	102.7	28.32	18.94	102.5
18/06/2018 7:10:28 PM	3612157828	1013.00	28.37	18.93	102.1	28.53	18.93	100.6	28.34	18.93	102.4	28.29	18.93	102.8
18/06/2018 7:10:29 PM	3612157829	1013.00	28.38	18.93	102.0	28.45	18.93	101.3	28.33	18.93	102.5	28.31	18.93	102.6
18/06/2018 7:10:30 PM	3612157830	1013.00	28.40	18.92	101.8	28.47	18.92	101.2	28.33	18.92	102.5	28.31	18.92	102.7
18/06/2018 7:10:31 PM	3612157831	1013.00	28.39	18.92	101.9	28.47	18.92	101.2	28.32	18.92	102.6	28.29	18.92	102.9
18/06/2018 7:10:32 PM	3612157832	1013.00	28.37	18.92	102.1	28.44	18.92	101.4	28.31	18.92	102.7	28.28	18.92	102.9
18/06/2018 7:10:33 PM	3612157833	1013.00	28.42	18.92	101.6	28.53	18.92	100.6	28.33	18.92	102.5	28.31	18.92	102.7
18/06/2018 7:10:34 PM	3612157834	1013.00	28.40	18.92	101.8	28.48	18.92	101.1	28.32	18.92	102.6	28.28	18.92	102.9
18/06/2018 7:10:35 PM	3612157835	1013.00	28.38	18.93	102.0	28.46	18.93	101.2	28.30	18.93	102.7	28.28	18.93	102.9
18/06/2018 7:10:36 PM	3612157836	1013.00	28.40	18.94	101.8	28.47	18.94	101.1	28.32	18.94	102.5	28.29	18.94	102.8
18/06/2018 7:10:37 PM	3612157837	1013.00	28.40	18.94	101.8	28.49	18.94	100.9	28.33	18.94	102.4	28.27	18.94	103.0
18/06/2018 7:10:38 PM	3612157838	1013.00	28.39	18.94	101.9	28.50	18.94	100.8	28.35	18.94	102.2	28.29	18.94	102.8
18/06/2018 7:10:39 PM	3612157839	1013.00	28.42	18.93	101.6	28.47	18.93	101.1	28.33	18.93	102.5	28.28	18.93	102.9
18/06/2018 7:10:40 PM	3612157840	1013.00	28.42	18.93	101.6	28.46	18.93	101.2	28.35	18.93	102.3	28.28	18.93	102.9
18/06/2018 7:10:41 PM	3612157841	1013.00	28.41	18.92	101.7	28.45	18.92	101.3	28.37	18.92	102.1	28.30	18.92	102.8
18/06/2018 7:10:42 PM	3612157842	1013.00	28.39	18.91	101.9	28.45	18.91	101.4	28.34	18.91	102.4	28.29	18.91	102.9
18/06/2018 7:10:43 PM	3612157843	1013.00	28.39	18.92	101.9	28.46	18.92	101.3	28.37	18.92	102.1	28.28	18.92	102.9
18/06/2018 7:10:44 PM	3612157844	1013.00	28.44	18.92	101.4	28.49	18.92	101.0	28.37	18.92	102.1	28.27	18.92	103.0
18/06/2018 7:10:45 PM	3612157845	1013.00	28.39	18.93	101.9	28.44	18.93	101.4	28.35	18.93	102.3	28.30	18.93	102.7
18/06/2018 7:10:46 PM	3612157846	1013.00	28.41	18.93	101.7	28.45	18.93	101.3	28.36	18.93	102.2	28.29	18.93	102.8
18/06/2018 7:10:47 PM	3612157847	1013.00	28.40	18.94	101.8	28.50	18.94	100.8	28.33	18.94	102.4	28.28	18.94	102.9
18/06/2018 7:10:48 PM	3612157848	1013.00	28.38	18.93	102.0	28.45	18.93	101.3	28.35	18.93	102.3	28.30	18.93	102.7
18/06/2018 7:10:49 PM	3612157849	1013.00	28.39	18.93	101.9	28.48	18.93	101.1	28.37	18.93	102.1	28.30	18.93	102.7
18/06/2018 7:10:50 PM	3612157850	1013.00	28.41	18.93	101.7	28.47	18.93	101.1	28.37	18.93	102.1	28.30	18.93	102.7
18/06/2018 7:10:51 PM	3612157851	1013.00	28.40	18.93	101.8	28.49	18.93	101.0	28.36	18.93	102.2	28.29	18.93	102.8
18/06/2018 7:10:52 PM	3612157852	1013.00	28.40	18.92	101.8	28.52	18.92	100.7	28.37	18.92	102.1	28.26	18.92	103.1
18/06/2018 7:10:53 PM	3612157853	1013.00	28.42	18.93	101.6	28.50	18.93	100.9	28.36	18.93	102.2	28.30	18.93	102.7
18/06/2018 7:10:54 PM	3612157854	1013.00	28.41	18.93	101.7	28.51	18.93	100.8	28.37	18.93	102.1	28.28	18.93	102.9
18/06/2018 7:10:55 PM	3612157855	1013.00	28.40	18.93	101.8	28.46	18.93	101.2	28.35	18.93	102.3	28.31	18.93	102.6
18/06/2018 7:10:56 PM	3612157856	1013.00	28.42	18.93	101.6	28.49	18.93	101.0	28.39	18.93	101.9	28.26	18.93	103.1
18/06/2018 7:10:57 PM	3612157857	1013.00	28.40	18.93	101.8	28.47	18.93	101.1	28.38	18.93	102.0	28.30	18.93	102.7
18/06/2018 7:10:58 PM	3612157858	1013.00	28.42	18.92	101.6	28.54	18.92	100.5	28.41	18.92	101.7	28.29	18.92	102.9
18/06/2018 7:10:59 PM	3612157859	1013.00	28.40	18.92	101.8	28.52	18.92	100.7	28.39	18.92	101.9	28.31	18.92	102.7
18/06/2018 7:11:00 PM	3612157860	1013.00	28.41	18.92	101.7	28.53	18.92	100.6	28.41	18.92	101.7	28.31	18.92	102.7
18/06/2018 7:11:01 PM	3612157861	1013.00	28.42	18.93	101.6	28.51	18.93	100.8	28.40	18.93	101.8	28.29	18.93	102.8
18/06/2018 7:11:02 PM	3612157862	1013.00	28.43	18.93	101.5	28.54	18.93	100.5	28.40	18.93	101.8	28.29	18.93	102.8
18/06/2018 7:11:03 PM	3612157863	1013.00	28.40	18.93	101.8	28.50	18.93	100.9	28.43	18.93	101.5	28.29	18.93	102.8
18/06/2018 7:11:04 PM	3612157864	1013.00	28.42	18.93	101.6	28.52	18.93	100.7	28.39	18.93	101.9	28.27	18.93	103.0
18/06/2018 7:11:05 PM	3612157865	1013.00	28.44	18.93	101.4	28.53	18.93	100.6	28.42	18.93	101.6	28.28	18.93	102.9
18/06/2018 7:11:06 PM	3612157866	1013.00	28.45	18.93	101.3	28.52	18.93	100.7	28.41	18.93	101.7	28.32	18.93	102.5
18/06/2018 7:11:07 PM	3612157867	1013.00	28.41	18.93	101.7	28.57	18.93	100.2	28.43	18.93	101.5	28.29	18.93	102.8
18/06/2018 7:11:08 PM	3612157868	1013.00	28.41	18.93	101.7	28.51	18.93	100.8	28.41	18.93	101.7	28.31	18.93	102.6
18/06/2018 7:11:09 PM	3612157869	1013.00	28.44	18.93	101.4	28.53	18.93	100.6	28.48	18.93	101.1	28.30	18.93	102.7
18/06/2018 7:11:10 PM	3612157870	1013.00	28.43	18.94	101.5	28.52	18.94	100.7	28.46	18.94	101.2	28.32	18.94	102.5
18/06/2018 7:11:11 PM	3612157871	1013.00	28.42	18.93	101.6	28.57	18.93	100.2	28.49	18.93	101.0	28.30	18.93	102.7
18/06/2018 7:11:12 PM	3612157872	1013.00	28.46	18.93	101.2	28.55	18.93	100.4	28.49	18.93	101.0	28.27	18.93	103.0
18/06/2018 7:11:13 PM	3612157873	1013.00	28.45	18.94	101.3	28.56	18.94	100.3	28.47	18.94	101.1	28.27	18.94	103.0
18/06/2018 7:11:14 PM	3612157874	1013.00	28.45	18.94	101.3	28.57	18.94	100.2	28.47	18.94	101.1	28.27	18.94	103.0
18/06/2018 7:11:15 PM	3612157875	1013.00	28.44	18.93	101.4	28.54	18.93	100.5	28.49	18.93	101.0	28.31	18.93	102.6
18/06/2018 7:11:16 PM	3612157876	1013.00	28.42	18.93	101.6	28.58	18.93	100.1	28.49	18.93	101.0	28.30	18.93	102.7
18/06/2018 7:11:17 PM	3612157877	1013.00	28.43	18.93	101.5	28.59	18.93	100.0	28.48	18.93	101.1	28.28	18.93	102.9
18/06/2018 7:11:18 PM	3612157878	1013.00	28.43	18.92	101.5	28.56	18.92	100.3	28.49	18.92	101.0	28.30	18.92	102.8
18/06/2018 7:11:19 PM	3612157879	1013.00	28.45	18.92	101.3	28.55	18.92	100.4	28.49	18.92	101.0	28.26	18.92	103.1
18/06/2018 7:11:20 PM	3612157880	1013.00	28.43	18.92	101.5	28.58	18.92	100.1	28.48	18.92	101.1	28.30	18.92	102.8
18/06/2018 7:11:21 PM	3612157881	1013.00	28.43	18.93	101.5	28.58	18.93	100.1	28.50	18.93	100.9	28.31	18.93	102.6
18/06/2018 7:11:22 PM	3612157882	1013.00	28.45	18.93	101.3	28.52	18.93	100.7	28.51	18.93	100.8	28.29	18.93	102.8
18/06/2018 7:11:23 PM	3612157883	1013.00	28.44	18.92	101.4	28.57	18.92	100.2	28.51	18.92	100.8	28.32	18.92	102.6
18/06/2018 7:11:24 PM	3612157884	1013.00	28.44	18.92	101.4	28.58	18.92	100.1	28.54	18.92	100.5	28.30	18.92	102.8
18/06/2018 7:11:25 PM	3612157885	1013.00	28.44	18.93	101.4	28.56	18.93	100.3	28.50	18.93	100.9	28.29	18.93	102.8
18/06/2018 7:11:26 PM	3612157886	1013.00	28.44	18.92	101.4	28.59	18.92	100.1	28.53	18.92	100.6	28.29	18.92	102.9
18/06/2018 7:11:27 PM	3612157887	1013.00	28.46	18.92	101.3	28.55	18.92	100.4	28.49	18.92	101.0	28.29	18.92	102.9
18/06/2018 7:11:28 PM	3612157888	1013.00	28.44	18.93	101.4	28.55	18.93	100.4	28.51	18.93	100.8	28.29	18.93	102.8
18/06/2018 7:11:29 PM	3612157889	1013.00	28.46	18.92	101.3	28.54	18.92	100.5	28.51	18.92	100.8	28.31	18.92	102.7
18/06/2018 7:11:30 PM	3612157890	1013.00	28.44	18.92	101.4	28.56	18.92	100.3	28.55	18.92	100.4	28.32	18.92	102.6
18/06/2018 7:11:31 PM	3612157891	1013.00	28.43	18.92	101.5	28.58	18.92	100.1	28.55	18.92	100.4	28.26	18.92	103.1
18/06/2018 7:11:32 PM	3612157892	1013.00	28.45	18.92	101.3	28.61	18.92	99.9	28.56	18.92	100.3	28.27	18.92	103.0
18/06/2018 7:11:33 PM	3612157893	1013.00	28.46	18.92	101.3	28.56	18.92	100.3	28.55	18.92	100.4	28.27	18.92	103.0
18/06/2018 7:11:34 PM	3612157894	1013.00	28.44	18.92	101.4	28.54	18.92	100.5	28.57	18.92	100.2	28.30	18.92	102.8
18/06/2018 7:11:35 PM	3612157895	1013.00	28.45	18.93	101.3	28.58	18.93	100.1	28.60	18.93	99.9	28.28	18.93	102.9
18/06/2018 7:11:36 PM	3612157896	1013.00	28.43	18.93	101.5	28.61	18.93	99.9	28.58	18.93	100.1	28.30	18.93	102.7
18/06/2018 7:11:37 PM	3612157897	1013.00	28.45	18.93	101.3	28.58	18.93	100.1	28.55	18.93	100.4	28.33	18.93	102.5
18/06/2018 7:11:38 PM	3612157898	1013.00	28.43	18.93	101.5	28.59	18.93	100.0	28.58	18.93	100.1	28.29	18.93	102.8
18/06/2018 7:11:39 PM	3612157899	1013.00	28.47	18.94	101.1	28.55	18.94	100.4	28.59	18.94	100.0	28.31	18.94	102.6
18/06/2018 7:11:40 PM	3612157900	1013.00	28.45	18.93	101.3	28.64	18.93	99.6	28.59	18.93	100.0	28.31	18.93	102.6
18/06/2018 7:11:41 PM	3612157901	1013.00	28.45	18.93	101.3	28.59	18.93	100.0	28.58	18.93	100.1	28.28	18.93	102.9
18/06/2018 7:11:42 PM	3612157902	1013.00	28.45	18.94	101.3	28.59	18.94	100.0	28.63	18.94	99.7	28.29	18.94	102.8
18/06/2018 7:11:43 PM	3612157903	1013.00	28.43	18.93	101.5	28.60	18.93	99.9	28.58	18.93	100.1	28.29	18.93	102.8
18/06/2018 7:11:44 PM	3612157904	1013.00	28.46	18.93	101.2	28.61	18.93	99.9	28.61	18.93	99.9	28.29	18.93	102.8
18/06/2018 7:11:45 PM	3612157905	1013.00	28.45	18.93	101.3	28.62	18.93	99.8	28.56	18.93	100.3	28.33	18.93	102.5
18/06/2018 7:11:46 PM	3612157906	1013.00	28.45	18.93	101.3	28.60	18.93	99.9	28.63	18.93	99.7	28.26	18.93	103.1
18/06/2018 7:11:47 PM	3612157907	1013.00	28.46	18.93	101.2	28.62	18.93	99.8	28.62	18.93	99.8	28.30	18.93	102.7
18/06/2018 7:11:48 PM	3612157908	1013.00	28.47	18.93	101.1	28.63	18.93	99.7	28.64	18.93	99.6	28.30	18.93	102.7
18/06/2018 7:11:49 PM	3612157909	1013.00	28.43	18.93	101.5	28.57	18.93	100.2	28.62	18.93	99.8	28.28	18.93	102.9
18/06/2018 7:11:50 PM	3612157910	1013.00	28.45	18.93	101.3	28.61	18.93	99.9	28.65	18.93	99.5	28.28	18.93	102.9
18/06/2018 7:11:51 PM	3612157911	1013.00	28.43	18.93	101.5	28.60	18.93	99.9	28.63	18.93	99.7	28.29	18.93	102.8
18/06/2018 7:11:52 PM	3612157912	1013.00	28.43	18.93	101.5	28.63	18.93	99.7	28.65	18.93	99.5	28.30	18.93	102.7
18/06/2018 7:11:53 PM	3612157913	1013.00	28.47	18.93	101.1	28.60	18.93	99.9	28.68	18.93	99.2	28.27	18.93	103.0
18/06/2018 7:11:54 PM	3612157914	1013.00	28.46	18.93	101.2	28.59	18.93	100.0	28.70	18.93	99.0	28.31	18.93	102.6
18/06/2018 7:11:55 PM	3612157915	1013.00	28.47	18.93	101.1	28.59	18.93	100.0	28.69	18.93	99.1	28.27	18.93	103.0
18/06/2018 7:11:56 PM	3612157916	1013.00	28.44	18.92	101.4	28.62	18.92	99.8	28.70	18.92	99.0	28.29	18.92	102.9
18/06/2018 7:11:57 PM	3612157917	1013.00	28.46	18.92	101.3	28.59	18.92	100.1	28.69	18.92	99.1	28.31	18.92	102.7
18/06/2018 7:11:58 PM	3612157918	1013.00	28.47	18.92	101.2	28.62	18.92	99.8	28.68	18.92	99.2	28.29	18.92	102.9
18/06/2018 7:11:59 PM	3612157919	1013.00	28.43	18.92	101.5	28.63	18.92	99.7	28.70	18.92	99.0	28.29	18.92	102.9
18/06/2018 7:12:00 PM	3612157920	1013.00	28.44	18.91	101.5	28.62	18.91	99.8	28.73	18.91	98.8	28.29	18.91	102.9
18/06/2018 7:12:01 PM	3612157921	1013.00	28.46	18.92	101.3	28.61	18.92	99.9	28.74	18.92	98.7	28.30	18.92	102.8
18/06/2018 7:12:02 PM	3612157922	1013.00	28.45	18.92	101.3	28.61	18.92	99.9	28.73	18.92	98.8	28.32	18.92	102.6
18/06/2018 7:12:03 PM	3612157923	1013.00	28.49	18.92	101.0	28.66	18.92	99.4	28.74	18.92	98.7	28.29	18.92	102.9
18/06/2018 7:12:04 PM	3612157924	1013.00	28.44	18.92	101.4	28.59	18.92	100.1	28.75	18.92	98.6	28.31	18.92	102.7
18/06/2018 7:12:05 PM	3612157925	1013.00	28.47	18.92	101.2	28.64	18.92	99.6	28.77	18.92	98.4	28.31	18.92	102.7
18/06/2018 7:12:06 PM	3612157926	1013.00	28.44	18.92	101.4	28.62	18.92	99.8	28.74	18.92	98.7	28.30	18.92	102.8
18/06/2018 7:12:07 PM	3612157927	1013.00	28.48	18.93	101.1	28.67	18.93	99.3	28.75	18.93	98.6	28.27	18.93	103.0
18/06/2018 7:12:08 PM	3612157928	1013.00	28.47	18.93	101.1	28.61	18.93	99.9	28.77	18.93	98.4	28.32	18.93	102.5
18/06/2018 7:12:09 PM	3612157929	1013.00	28.49	18.92	101.0	28.61	18.92	99.9	28.75	18.92	98.6	28.33	18.92	102.5
18/06/2018 7:12:10 PM	3612157930	1013.00	28.48	18.92	101.1	28.62	18.92	99.8	28.77	18.92	98.4	28.31	18.92	102.7
18/06/2018 7:12:11 PM	3612157931	1013.00	28.49	18.92	101.0	28.58	18.92	100.1	28.76	18.92	98.5	28.31	18.92	102.7
18/06/2018 7:12:12 PM	3612157932	1013.00	28.47	18.92	101.2	28.63	18.92	99.7	28.79	18.92	98.2	28.30	18.92	102.8
18/06/2018 7:12:13 PM	3612157933	1013.00	28.47	18.91	101.2	28.62	18.91	99.8	28.78	18.91	98.3	28.32	18.91	102.6
18/06/2018 7:12:14 PM	3612157934	1013.00	28.47	18.92	101.2	28.63	18.92	99.7	28.79	18.92	98.2	28.31	18.92	102.7
18/06/2018 7:12:15 PM	3612157935	1013.00	28.45	18.92	101.3	28.63	18.92	99.7	28.77	18.92	98.4	28.32	18.92	102.6
18/06/2018 7:12:16 PM	3612157936	1013.00	28.49	18.92	101.0	28.63	18.92	99.7	28.80	18.92	98.1	28.30	18.92	102.8
18/06/2018 7:12:17 PM	3612157937	1013.00	28.46	18.93	101.2	28.61	18.93	99.9	28.81	18.93	98.0	28.32	18.93	102.5
18/06/2018 7:12:18 PM	3612157938	1013.00	28.48	18.93	101.1	28.63	18.93	99.7	28.82	18.93	98.0	28.32	18.93	102.5
18/06/2018 7:12:19 PM	3612157939	1013.00	28.47	18.93	101.1	28.59	18.93	100.0	28.82	18.93	98.0	28.32	18.93	102.5
18/06/2018 7:12:20 PM	3612157940	1013.00	28.46	18.94	101.2	28.60	18.94	99.9	28.81	18.94	98.0	28.30	18.94	102.7
18/06/2018 7:12:21 PM	3612157941	1013.00	28.47	18.94	101.1	28.57	18.94	100.2	28.83	18.94	97.8	28.34	18.94	102.3
18/06/2018 7:12:22 PM	3612157942	1013.00	28.48	18.93	101.1	28.66	18.93	99.4	28.82	18.93	98.0	28.31	18.93	102.6
18/06/2018 7:12:23 PM	3612157943	1013.00	28.48	18.93	101.1	28.68	18.93	99.2	28.82	18.93	98.0	28.33	18.93	102.5
18/06/2018 7:12:24 PM	3612157944	1013.00	28.46	18.93	101.2	28.62	18.93	99.8	28.85	18.93	97.7	28.35	18.93	102.3
18/06/2018 7:12:25 PM	3612157945	1013.00	28.47	18.92	101.2	28.62	18.92	99.8	28.85	18.92	97.7	28.32	18.92	102.6
18/06/2018 7:12:26 PM	3612157946	1013.00	28.47	18.92	101.2	28.64	18.92	99.6	28.83	18.92	97.9	28.35	18.92	102.3
18/06/2018 7:12:27 PM	3612157947	1013.00	28.49	18.92	101.0	28.62	18.92	99.8	28.88	18.92	97.4	28.31	18.92	102.7
18/06/2018 7:12:28 PM	3612157948	1013.00	28.48	18.92	101.1	28.65	18.92	99.5	28.89	18.92	97.3	28.33	18.92	102.5
18/06/2018 7:12:29 PM	3612157949	1013.00	28.49	18.92	101.0	28.60	18.92	100.0	28.86	18.92	97.6	28.33	18.92	102.5
18/06/2018 7:12:30 PM	3612157950	1013.00	28.47	18.92	101.2	28.64	18.92	99.6	28.91	18.92	97.2	28.33	18.92	102.5
18/06/2018 7:12:31 PM	3612157951	1013.00	28.45	18.93	101.3	28.62	18.93	99.8	28.84	18.93	97.8	28.31	18.93	102.6
18/06/2018 7:12:32 PM	3612157952	1013.00	28.50	18.93	100.9	28.62	18.93	99.8	28.88	18.93	97.4	28.32	18.93	102.5
18/06/2018 7:12:33 PM	3612157953	1013.00	28.49	18.93	101.0	28.68	18.93	99.2	28.88	18.93	97.4	28.32	18.93	102.5
18/06/2018 7:12:34 PM	3612157954	1013.00	28.49	18.93	101.0	28.62	18.93	99.8	28.92	18.93	97.1	28.34	18.93	102.4
18/06/2018 7:12:35 PM	3612157955	1013.00	28.48	18.93	101.1	28.67	18.93	99.3	28.91	18.93	97.2	28.32	18.93	102.5
18/06/2018 7:12:36 PM	3612157956	1013.00	28.48	18.93	101.1	28.70	18.93	99.0	28.98	18.93	96.5	28.33	18.93	102.5
18/06/2018 7:12:37 PM	3612157957	1013.00	28.49	18.93	101.0	28.68	18.93	99.2	28.93	18.93	97.0	28.35	18.93	102.3
18/06/2018 7:12:38 PM	3612157958	1013.00	28.48	18.92	101.1	28.71	18.92	99.0	28.94	18.92	96.9	28.32	18.92	102.6
18/06/2018 7:12:39 PM	3612157959	1013.00	28.50	18.92	100.9	28.72	18.92	98.9	28.96	18.92	96.7	28.33	18.92	102.5
18/06/2018 7:12:40 PM	3612157960	1013.00	28.49	18.92	101.0	28.76	18.92	98.5	28.93	18.92	97.0	28.31	18.92	102.7
18/06/2018 7:12:41 PM	3612157961	1013.00	28.51	18.93	100.8	28.74	18.93	98.7	28.98	18.93	96.5	28.31	18.93	102.6
18/06/2018 7:12:42 PM	3612157962	1013.00	28.47	18.93	101.1	28.74	18.93	98.7	28.99	18.93	96.4	28.32	18.93	102.5
18/06/2018 7:12:43 PM	3612157963	1013.00	28.52	18.93	100.7	28.73	18.93	98.8	28.96	18.93	96.7	28.30	18.93	102.7
18/06/2018 7:12:44 PM	3612157964	1013.00	28.49	18.92	101.0	28.79	18.92	98.2	28.98	18.92	96.6	28.33	18.92	102.5
18/06/2018 7:12:45 PM	3612157965	1013.00	28.50	18.92	100.9	28.77	18.92	98.4	29.00	18.92	96.4	28.34	18.92	102.4
18/06/2018 7:12:46 PM	3612157966	1013.00	28.49	18.92	101.0	28.80	18.92	98.1	29.00	18.92	96.4	28.32	18.92	102.6
18/06/2018 7:12:47 PM	3612157967	1013.00	28.51	18.92	100.8	28.79	18.92	98.2	29.04	18.92	96.0	28.32	18.92	102.6
18/06/2018 7:12:48 PM	3612157968	1013.00	28.50	18.93	100.9	28.79	18.93	98.2	29.07	18.93	95.7	28.32	18.93	102.5
18/06/2018 7:12:49 PM	3612157969	1013.00	28.50	18.93	100.9	28.82	18.93	98.0	29.04	18.93	96.0	28.32	18.93	102.5
18/06/2018 7:12:50 PM	3612157970	1013.00	28.51	18.93	100.8	28.79	18.93	98.2	29.04	18.93	96.0	28.34	18.93	102.4
18/06/2018 7:12:51 PM	3612157971	1013.00	28.51	18.93	100.8	28.81	18.93	98.0	29.06	18.93	95.8	28.31	18.93	102.6
18/06/2018 7:12:52 PM	3612157972	1013.00	28.51	18.92	100.8	28.86	18.92	97.6	29.05	18.92	95.9	28.33	18.92	102.5
18/06/2018 7:12:53 PM	3612157973	1013.00	28.53	18.92	100.6	28.85	18.92	97.7	29.04	18.92	96.0	28.33	18.92	102.5
18/06/2018 7:12:54 PM	3612157974	1013.00	28.50	18.92	100.9	28.84	18.92	97.8	29.05	18.92	95.9	28.35	18.92	102.3
18/06/2018 7:12:55 PM	3612157975	1013.00	28.52	18.93	100.7	28.83	18.93	97.9	29.08	18.93	95.7	28.32	18.93	102.5
18/06/2018 7:12:56 PM	3612157976	1013.00	28.52	18.93	100.7	28.86	18.93	97.6	29.09	18.93	95.6	28.31	18.93	102.6
18/06/2018 7:12:57 PM	3612157977	1013.00	28.52	18.93	100.7	28.86	18.93	97.6	29.09	18.93	95.6	28.32	18.93	102.5
18/06/2018 7:12:58 PM	3612157978	1013.00	28.53	18.93	100.6	28.83	18.93	97.9	29.06	18.93	95.8	28.35	18.93	102.3
18/06/2018 7:12:59 PM	3612157979	1013.00	28.52	18.94	100.7	28.85	18.94	97.7	29.13	18.94	95.2	28.35	18.94	102.2
18/06/2018 7:13:00 PM	3612157980	1013.00	28.54	18.94	100.5	28.88	18.94	97.4	29.14	18.94	95.1	28.35	18.94	102.2
18/06/2018 7:13:01 PM	3612157981	1013.00	28.53	18.93	100.6	28.87	18.93	97.5	29.11	18.93	95.4	28.35	18.93	102.3
18/06/2018 7:13:02 PM	3612157982	1013.00	28.53	18.93	100.6	28.89	18.93	97.3	29.12	18.93	95.3	28.33	18.93	102.5
18/06/2018 7:13:03 PM	3612157983	1013.00	28.54	18.93	100.5	28.89	18.93	97.3	29.11	18.93	95.4	28.34	18.93	102.4
18/06/2018 7:13:04 PM	3612157984	1013.00	28.54	18.93	100.5	28.93	18.93	97.0	29.15	18.93	95.1	28.34	18.93	102.4
18/06/2018 7:13:05 PM	3612157985	1013.00	28.55	18.92	100.4	28.95	18.92	96.8	29.12	18.92	95.3	28.33	18.92	102.5
18/06/2018 7:13:06 PM	3612157986	1013.00	28.55	18.92	100.4	28.95	18.92	96.8	29.16	18.92	95.0	28.36	18.92	102.2
18/06/2018 7:13:07 PM	3612157987	1013.00	28.53	18.93	100.6	28.98	18.93	96.5	29.15	18.93	95.1	28.33	18.93	102.5
18/06/2018 7:13:08 PM	3612157988	1013.00	28.56	18.92	100.3	29.01	18.92	96.3	29.16	18.92	95.0	28.34	18.92	102.4
18/06/2018 7:13:09 PM	3612157989	1013.00	28.53	18.92	100.6	28.95	18.92	96.8	29.15	18.92	95.1	28.33	18.92	102.5
18/06/2018 7:13:10 PM	3612157990	1013.00	28.57	18.93	100.2	28.95	18.93	96.8	29.17	18.93	94.9	28.36	18.93	102.2
18/06/2018 7:13:11 PM	3612157991	1013.00	28.55	18.93	100.4	28.97	18.93	96.6	29.18	18.93	94.8	28.33	18.93	102.5
18/06/2018 7:13:12 PM	3612157992	1013.00	28.57	18.93	100.2	28.98	18.93	96.5	29.19	18.93	94.7	28.33	18.93	102.5
18/06/2018 7:13:13 PM	3612157993	1013.00	28.57	18.93	100.2	28.98	18.93	96.5	29.20	18.93	94.6	28.34	18.93	102.4
18/06/2018 7:13:14 PM	3612157994	1013.00	28.55	18.94	100.4	28.96	18.94	96.7	29.21	18.94	94.5	28.36	18.94	102.2
18/06/2018 7:13:15 PM	3612157995	1013.00	28.55	18.93	100.4	28.94	18.93	96.9	29.19	18.93	94.7	28.31	18.93	102.6
18/06/2018 7:13:16 PM	3612157996	1013.00	28.55	18.94	100.4	28.97	18.94	96.6	29.15	18.94	95.0	28.33	18.94	102.4
18/06/2018 7:13:17 PM	3612157997	1013.00	28.54	18.94	100.5	28.98	18.94	96.5	29.17	18.94	94.9	28.35	18.94	102.2
18/06/2018 7:13:18 PM	3612157998	1013.00	28.58	18.93	100.1	29.00	18.93	96.4	29.19	18.93	94.7	28.31	18.93	102.6
18/06/2018 7:13:19 PM	3612157999	1013.00	28.56	18.92	100.3	28.97	18.92	96.6	29.20	18.92	94.6	28.34	18.92	102.4
18/06/2018 7:13:20 PM	3612158000	1013.00	28.56	18.93	100.3	29.01	18.93	96.3	29.20	18.93	94.6	28.34	18.93	102.4
18/06/2018 7:13:21 PM	3612158001	1013.00	28.57	18.92	100.2	29.04	18.92	96.0	29.21	18.92	94.6	28.34	18.92	102.4
18/06/2018 7:13:22 PM	3612158002	1013.00	28.56	18.92	100.3	28.99	18.92	96.5	29.22	18.92	94.5	28.37	18.92	102.1
18/06/2018 7:13:23 PM	3612158003	1013.00	28.55	18.92	100.4	29.01	18.92	96.3	29.21	18.92	94.6	28.33	18.92	102.5
18/06/2018 7:13:24 PM	3612158004	1013.00	28.57	18.92	100.2	29.01	18.92	96.3	29.27	18.92	94.0	28.34	18.92	102.4
18/06/2018 7:13:25 PM	3612158005	1013.00	28.57	18.92	100.2	29.04	18.92	96.0	29.23	18.92	94.4	28.39	18.92	101.9
18/06/2018 7:13:26 PM	3612158006	1013.00	28.58	18.92	100.1	29.00	18.92	96.4	29.28	18.92	94.0	28.36	18.92	102.2
18/06/2018 7:13:27 PM	3612158007	1013.00	28.57	18.91	100.3	29.00	18.91	96.4	29.28	18.91	94.0	28.35	18.91	102.3
18/06/2018 7:13:28 PM	3612158008	1013.00	28.56	18.92	100.3	28.99	18.92	96.5	29.24	18.92	94.3	28.39	18.92	101.9
18/06/2018 7:13:29 PM	3612158009	1013.00	28.58	18.92	100.1	29.02	18.92	96.2	29.25	18.92	94.2	28.36	18.92	102.2
18/06/2018 7:13:30 PM	3612158010	1013.00	28.58	18.92	100.1	29.04	18.92	96.0	29.29	18.92	93.9	28.34	18.92	102.4
18/06/2018 7:13:31 PM	3612158011	1013.00	28.57	18.92	100.2	29.03	18.92	96.1	29.30	18.92	93.8	28.37	18.92	102.1
18/06/2018 7:13:32 PM	3612158012	1013.00	28.57	18.92	100.2	29.06	18.92	95.9	29.27	18.92	94.0	28.37	18.92	102.1
18/06/2018 7:13:33 PM	3612158013	1013.00	28.57	18.92	100.2	29.06	18.92	95.9	29.32	18.92	93.6	28.34	18.92	102.4
18/06/2018 7:13:34 PM	3612158014	1013.00	28.58	18.92	100.1	29.03	18.92	96.1	29.29	18.92	93.9	28.35	18.92	102.3
18/06/2018 7:13:35 PM	3612158015	1013.00	28.59	18.92	100.1	29.09	18.92	95.6	29.32	18.92	93.6	28.33	18.92	102.5
18/06/2018 7:13:36 PM	3612158016	1013.00	28.56	18.92	100.3	29.07	18.92	95.8	29.29	18.92	93.9	28.37	18.92	102.1
18/06/2018 7:13:37 PM	3612158017	1013.00	28.60	18.92	100.0	29.08	18.92	95.7	29.31	18.92	93.7	28.36	18.92	102.2
18/06/2018 7:13:38 PM	3612158018	1013.00	28.60	18.92	100.0	29.09	18.92	95.6	29.30	18.92	93.8	28.38	18.92	102.0
18/06/2018 7:13:39 PM	3612158019	1013.00	28.58	18.91	100.2	29.06	18.91	95.9	29.32	18.91	93.6	28.37	18.91	102.1
18/06/2018 7:13:40 PM	3612158020	1013.00	28.56	18.91	100.3	29.11	18.91	95.4	29.34	18.91	93.5	28.36	18.91	102.2
18/06/2018 7:13:41 PM	3612158021	1013.00	28.59	18.91	100.1	29.08	18.91	95.7	29.32	18.91	93.6	28.34	18.91	102.4
18/06/2018 7:13:42 PM	3612158022	1013.00	28.58	18.91	100.2	29.09	18.91	95.6	29.31	18.91	93.7	28.34	18.91	102.4
18/06/2018 7:13:43 PM	3612158023	1013.00	28.60	18.91	100.0	29.09	18.91	95.6	29.36	18.91	93.3	28.36	18.91	102.2
18/06/2018 7:13:44 PM	3612158024	1013.00	28.59	18.91	100.1	29.03	18.91	96.1	29.37	18.91	93.2	28.38	18.91	102.0
18/06/2018 7:13:45 PM	3612158025	1013.00	28.60	18.92	100.0	29.04	18.92	96.0	29.37	18.92	93.2	28.36	18.92	102.2
18/06/2018 7:13:46 PM	3612158026	1013.00	28.60	18.92	100.0	29.08	18.92	95.7	29.35	18.92	93.4	28.36	18.92	102.2
18/06/2018 7:13:47 PM	3612158027	1013.00	28.59	18.92	100.1	29.10	18.92	95.5	29.41	18.92	92.9	28.38	18.92	102.0
18/06/2018 7:13:48 PM	3612158028	1013.00	28.60	18.91	100.0	29.05	18.91	96.0	29.42	18.91	92.8	28.38	18.91	102.0
18/06/2018 7:13:49 PM	3612158029	1013.00	28.59	18.92	100.1	29.08	18.92	95.7	29.42	18.92	92.8	28.36	18.92	102.2
18/06/2018 7:13:50 PM	3612158030	1013.00	28.60	18.92	100.0	29.13	18.92	95.2	29.45	18.92	92.5	28.38	18.92	102.0
18/06/2018 7:13:51 PM	3612158031	1013.00	28.60	18.93	99.9	29.06	18.93	95.8	29.45	18.93	92.5	28.36	18.93	102.2
18/06/2018 7:13:52 PM	3612158032	1013.00	28.60	18.93	99.9	28.04	18.93	105.2	29.48	18.93	92.3	28.37	18.93	102.1
18/06/2018 7:13:53 PM	3612158033	1013.00	28.60	18.94	99.9	29.11	18.94	95.4	29.49	18.94	92.2	28.37	18.94	102.1
18/06/2018 7:13:54 PM	3612158034	1013.00	28.61	18.94	99.8	29.12	18.94	95.3	29.43	18.94	92.7	28.37	18.94	102.1
18/06/2018 7:13:55 PM	3612158035	1013.00	28.60	18.93	99.9	29.06	18.93	95.8	29.45	18.93	92.5	28.38	18.93	102.0
18/06/2018 7:13:56 PM	3612158036	1013.00	28.61	18.93	99.9	29.10	18.93	95.5	29.48	18.93	92.3	28.37	18.93	102.1
18/06/2018 7:13:57 PM	3612158037	1013.00	28.62	18.93	99.8	29.06	18.93	95.8	29.47	18.93	92.3	28.40	18.93	101.8
18/06/2018 7:13:58 PM	3612158038	1013.00	28.62	18.93	99.8	29.06	18.93	95.8	29.47	18.93	92.3	28.36	18.93	102.2
18/06/2018 7:13:59 PM	3612158039	1013.00	28.61	18.93	99.9	29.12	18.93	95.3	29.45	18.93	92.5	28.39	18.93	101.9
18/06/2018 7:14:00 PM	3612158040	1013.00	28.62	18.93	99.8	29.09	18.93	95.6	29.46	18.93	92.4	28.36	18.93	102.2
18/06/2018 7:14:01 PM	3612158041	1013.00	28.60	18.93	99.9	29.11	18.93	95.4	29.48	18.93	92.3	28.41	18.93	101.7
18/06/2018 7:14:02 PM	3612158042	1013.00	28.61	18.93	99.9	29.08	18.93	95.7	29.44	18.93	92.6	28.38	18.93	102.0
18/06/2018 7:14:03 PM	3612158043	1013.00	28.63	18.93	99.7	29.09	18.93	95.6	29.48	18.93	92.3	28.40	18.93	101.8
18/06/2018 7:14:04 PM	3612158044	1013.00	28.61	18.93	99.9	29.06	18.93	95.8	29.45	18.93	92.5	28.38	18.93	102.0
18/06/2018 7:14:05 PM	3612158045	1013.00	28.61	18.93	99.9	29.10	18.93	95.5	29.52	18.93	91.9	28.38	18.93	102.0
18/06/2018 7:14:06 PM	3612158046	1013.00	28.60	18.92	100.0	29.08	18.92	95.7	29.48	18.92	92.3	28.37	18.92	102.1
18/06/2018 7:14:07 PM	3612158047	1013.00	28.61	18.92	99.9	29.09	18.92	95.6	29.50	18.92	92.1	28.39	18.92	101.9
18/06/2018 7:14:08 PM	3612158048	1013.00	28.63	18.92	99.7	29.15	18.92	95.1	29.50	18.92	92.1	28.40	18.92	101.8
18/06/2018 7:14:09 PM	3612158049	1013.00	28.63	18.92	99.7	29.10	18.92	95.5	29.52	18.92	91.9	28.37	18.92	102.1
18/06/2018 7:14:10 PM	3612158050	1013.00	28.61	18.92	99.9	29.08	18.92	95.7	29.53	18.92	91.9	28.39	18.92	101.9
18/06/2018 7:14:11 PM	3612158051	1013.00	28.62	18.92	99.8	29.14	18.92	95.2	29.54	18.92	91.8	28.39	18.92	101.9
18/06/2018 7:14:12 PM	3612158052	1013.00	28.66	18.92	99.4	29.09	18.92	95.6	29.52	18.92	91.9	28.39	18.92	101.9
18/06/2018 7:14:13 PM	3612158053	1013.00	28.65	18.92	99.5	29.10	18.92	95.5	29.57	18.92	91.5	28.38	18.92	102.0
18/06/2018 7:14:14 PM	3612158054	1013.00	28.65	18.92	99.5	29.12	18.92	95.3	29.56	18.92	91.6	28.41	18.92	101.7
18/06/2018 7:14:15 PM	3612158055	1013.00	28.65	18.92	99.5	29.11	18.92	95.4	29.58	18.92	91.4	28.40	18.92	101.8
18/06/2018 7:14:16 PM	3612158056	1013.00	28.65	18.93	99.5	29.10	18.93	95.5	29.57	18.93	91.5	28.40	18.93	101.8
18/06/2018 7:14:17 PM	3612158057	1013.00	28.66	18.92	99.4	29.10	18.92	95.5	29.57	18.92	91.5	28.40	18.92	101.8
18/06/2018 7:14:18 PM	3612158058	1013.00	28.64	18.92	99.6	29.12	18.92	95.3	29.60	18.92	91.3	28.38	18.92	102.0
18/06/2018 7:14:19 PM	3612158059	1013.00	28.64	18.92	99.6	29.12	18.92	95.3	29.61	18.92	91.2	28.41	18.92	101.7
18/06/2018 7:14:20 PM	3612158060	1013.00	28.69	18.92	99.1	29.09	18.92	95.6	29.63	18.92	91.0	28.43	18.92	101.5
18/06/2018 7:14:21 PM	3612158061	1013.00	28.65	18.92	99.5	29.12	18.92	95.3	29.64	18.92	91.0	28.39	18.92	101.9
18/06/2018 7:14:22 PM	3612158062	1013.00	28.68	18.92	99.2	29.11	18.92	95.4	29.66	18.92	90.8	28.42	18.92	101.6
18/06/2018 7:14:23 PM	3612158063	1013.00	28.68	18.92	99.2	29.11	18.92	95.4	29.67	18.92	90.7	28.43	18.92	101.5
18/06/2018 7:14:24 PM	3612158064	1013.00	28.69	18.93	99.1	29.12	18.93	95.3	29.66	18.93	90.8	28.40	18.93	101.8
18/06/2018 7:14:25 PM	3612158065	1013.00	28.71	18.92	99.0	29.14	18.92	95.2	29.69	18.92	90.5	28.42	18.92	101.6
18/06/2018 7:14:26 PM	3612158066	1013.00	28.72	18.92	98.9	29.07	18.92	95.8	29.67	18.92	90.7	28.38	18.92	102.0
18/06/2018 7:14:27 PM	3612158067	1013.00	28.69	18.93	99.1	29.12	18.93	95.3	29.71	18.93	90.4	28.41	18.93	101.7
18/06/2018 7:14:28 PM	3612158068	1013.00	28.71	18.93	98.9	29.13	18.93	95.2	29.68	18.93	90.6	28.41	18.93	101.7
18/06/2018 7:14:29 PM	3612158069	1013.00	28.71	18.92	99.0	29.12	18.92	95.3	29.69	18.92	90.5	28.43	18.92	101.5
18/06/2018 7:14:30 PM	3612158070	1013.00	28.74	18.92	98.7	29.07	18.92	95.8	29.69	18.92	90.5	28.42	18.92	101.6
18/06/2018 7:14:31 PM	3612158071	1013.00	28.74	18.92	98.7	29.12	18.92	95.3	29.69	18.92	90.5	28.42	18.92	101.6
18/06/2018 7:14:32 PM	3612158072	1013.00	28.73	18.92	98.8	29.11	18.92	95.4	29.66	18.92	90.8	28.44	18.92	101.4
18/06/2018 7:14:33 PM	3612158073	1013.00	28.74	18.92	98.7	29.14	18.92	95.2	29.71	18.92	90.4	28.41	18.92	101.7
18/06/2018 7:14:34 PM	3612158074	1013.00	28.76	18.92	98.5	29.13	18.92	95.2	29.73	18.92	90.2	28.45	18.92	101.3
18/06/2018 7:14:35 PM	3612158075	1013.00	28.74	18.92	98.7	29.15	18.92	95.1	29.74	18.92	90.1	28.41	18.92	101.7
18/06/2018 7:14:36 PM	3612158076	1013.00	28.75	18.92	98.6	29.11	18.92	95.4	29.71	18.92	90.4	28.43	18.92	101.5
18/06/2018 7:14:37 PM	3612158077	1013.00	28.77	18.92	98.4	29.16	18.92	95.0	29.72	18.92	90.3	28.44	18.92	101.4
18/06/2018 7:14:38 PM	3612158078	1013.00	28.78	18.92	98.3	29.12	18.92	95.3	29.73	18.92	90.2	28.43	18.92	101.5
18/06/2018 7:14:39 PM	3612158079	1013.00	28.78	18.92	98.3	29.13	18.92	95.2	29.75	18.92	90.1	28.45	18.92	101.3
18/06/2018 7:14:40 PM	3612158080	1013.00	28.76	18.93	98.5	29.10	18.93	95.5	29.74	18.93	90.1	28.42	18.93	101.6
18/06/2018 7:14:41 PM	3612158081	1013.00	28.78	18.92	98.3	29.15	18.92	95.1	29.79	18.92	89.7	28.42	18.92	101.6
18/06/2018 7:14:42 PM	3612158082	1013.00	28.75	18.92	98.6	29.12	18.92	95.3	29.78	18.92	89.8	28.42	18.92	101.6
18/06/2018 7:14:43 PM	3612158083	1013.00	28.80	18.92	98.1	29.10	18.92	95.5	29.81	18.92	89.6	28.43	18.92	101.5
18/06/2018 7:14:44 PM	3612158084	1013.00	28.77	18.92	98.4	29.11	18.92	95.4	29.82	18.92	89.5	28.45	18.92	101.3
18/06/2018 7:14:45 PM	3612158085	1013.00	28.78	18.92	98.3	29.07	18.92	95.8	29.82	18.92	89.5	28.43	18.92	101.5
18/06/2018 7:14:46 PM	3612158086	1013.00	28.77	18.92	98.4	29.10	18.92	95.5	29.81	18.92	89.6	28.44	18.92	101.4
18/06/2018 7:14:47 PM	3612158087	1013.00	28.79	18.92	98.2	29.14	18.92	95.2	29.83	18.92	89.4	28.46	18.92	101.3
18/06/2018 7:14:48 PM	3612158088	1013.00	28.79	18.92	98.2	29.15	18.92	95.1	29.83	18.92	89.4	28.43	18.92	101.5
18/06/2018 7:14:49 PM	3612158089	1013.00	28.80	18.92	98.1	29.15	18.92	95.1	29.87	18.92	89.1	28.44	18.92	101.4
18/06/2018 7:14:50 PM	3612158090	1013.00	28.81	18.91	98.1	29.12	18.91	95.3	29.84	18.91	89.4	28.45	18.91	101.4
18/06/2018 7:14:51 PM	3612158091	1013.00	28.80	18.91	98.2	29.14	18.91	95.2	29.85	18.91	89.3	28.44	18.91	101.5
18/06/2018 7:14:52 PM	3612158092	1013.00	28.80	18.91	98.2	29.14	18.91	95.2	29.83	18.91	89.4	28.46	18.91	101.3
18/06/2018 7:14:53 PM	3612158093	1013.00	28.81	18.91	98.1	29.12	18.91	95.3	29.84	18.91	89.4	28.42	18.91	101.6
18/06/2018 7:14:54 PM	3612158094	1013.00	28.80	18.91	98.2	29.16	18.91	95.0	29.88	18.91	89.0	28.43	18.91	101.6
18/06/2018 7:14:55 PM	3612158095	1013.00	28.80	18.92	98.1	29.14	18.92	95.2	29.89	18.92	88.9	28.46	18.92	101.3
18/06/2018 7:14:56 PM	3612158096	1013.00	28.80	18.92	98.1	29.11	18.92	95.4	29.92	18.92	88.7	28.43	18.92	101.5
18/06/2018 7:14:57 PM	3612158097	1013.00	28.80	18.93	98.1	29.16	18.93	95.0	29.96	18.93	88.4	28.44	18.93	101.4
18/06/2018 7:14:58 PM	3612158098	1013.00	28.82	18.93	98.0	29.16	18.93	95.0	29.94	18.93	88.5	28.43	18.93	101.5
18/06/2018 7:14:59 PM	3612158099	1013.00	28.83	18.93	97.9	29.17	18.93	94.9	29.93	18.93	88.6	28.42	18.93	101.6
18/06/2018 7:15:00 PM	3612158100	1013.00	28.83	18.93	97.9	29.15	18.93	95.1	29.93	18.93	88.6	28.46	18.93	101.2
18/06/2018 7:15:01 PM	3612158101	1013.00	28.82	18.93	98.0	29.13	18.93	95.2	29.94	18.93	88.5	28.44	18.93	101.4
18/06/2018 7:15:02 PM	3612158102	1013.00	28.83	18.92	97.9	29.13	18.92	95.2	29.95	18.92	88.5	28.45	18.92	101.3
18/06/2018 7:15:03 PM	3612158103	1013.00	28.80	18.92	98.1	29.14	18.92	95.2	29.94	18.92	88.5	28.46	18.92	101.3
18/06/2018 7:15:04 PM	3612158104	1013.00	28.82	18.91	98.0	29.16	18.91	95.0	29.96	18.91	88.4	28.45	18.91	101.4
18/06/2018 7:15:05 PM	3612158105	1013.00	28.84	18.91	97.8	29.16	18.91	95.0	29.99	18.91	88.2	28.45	18.91	101.4
18/06/2018 7:15:06 PM	3612158106	1013.00	28.83	18.91	97.9	29.13	18.91	95.3	29.97	18.91	88.3	28.43	18.91	101.6
18/06/2018 7:15:07 PM	3612158107	1013.00	28.84	18.91	97.8	29.16	18.91	95.0	29.98	18.91	88.2	28.45	18.91	101.4
18/06/2018 7:15:08 PM	3612158108	1013.00	28.80	18.91	98.2	29.17	18.91	94.9	29.98	18.91	88.2	28.43	18.91	101.6
18/06/2018 7:15:09 PM	3612158109	1013.00	28.83	18.92	97.9	29.15	18.92	95.1	30.01	18.92	88.0	28.45	18.92	101.3
18/06/2018 7:15:10 PM	3612158110	1013.00	28.83	18.92	97.9	29.15	18.92	95.1	29.97	18.92	88.3	28.43	18.92	101.5
18/06/2018 7:15:11 PM	3612158111	1013.00	28.82	18.92	98.0	29.15	18.92	95.1	30.01	18.92	88.0	28.44	18.92	101.4
18/06/2018 7:15:12 PM	3612158112	1013.00	28.86	18.92	97.6	29.13	18.92	95.2	29.99	18.92	88.1	28.44	18.92	101.4
18/06/2018 7:15:13 PM	3612158113	1013.00	28.83	18.93	97.9	29.14	18.93	95.1	30.01	18.93	88.0	28.45	18.93	101.3
18/06/2018 7:15:14 PM	3612158114	1013.00	28.86	18.93	97.6	29.15	18.93	95.1	30.05	18.93	87.7	28.45	18.93	101.3
18/06/2018 7:15:15 PM	3612158115	1013.00	28.83	18.92	97.9	29.16	18.92	95.0	30.02	18.92	87.9	28.46	18.92	101.3
18/06/2018 7:15:16 PM	3612158116	1013.00	28.85	18.92	97.7	29.18	18.92	94.8	30.02	18.92	87.9	28.46	18.92	101.3
18/06/2018 7:15:17 PM	3612158117	1013.00	28.84	18.92	97.8	29.16	18.92	95.0	30.01	18.92	88.0	28.47	18.92	101.2
18/06/2018 7:15:18 PM	3612158118	1013.00	28.84	18.91	97.8	29.13	18.91	95.3	30.03	18.91	87.9	28.44	18.91	101.5
18/06/2018 7:15:19 PM	3612158119	1013.00	28.84	18.90	97.8	29.19	18.90	94.8	30.07	18.90	87.6	28.45	18.90	101.4
18/06/2018 7:15:20 PM	3612158120	1013.00	28.85	18.91	97.7	29.14	18.91	95.2	30.08	18.91	87.5	28.43	18.91	101.6
18/06/2018 7:15:21 PM	3612158121	1013.00	28.86	18.91	97.6	29.15	18.91	95.1	30.06	18.91	87.6	28.46	18.91	101.3
18/06/2018 7:15:22 PM	3612158122	1013.00	28.86	18.91	97.6	29.18	18.91	94.8	30.10	18.91	87.3	28.48	18.91	101.1
18/06/2018 7:15:23 PM	3612158123	1013.00	28.85	18.92	97.7	29.18	18.92	94.8	30.11	18.92	87.2	28.46	18.92	101.3
18/06/2018 7:15:24 PM	3612158124	1013.00	28.85	18.92	97.7	29.15	18.92	95.1	30.09	18.92	87.4	28.47	18.92	101.2
18/06/2018 7:15:25 PM	3612158125	1013.00	28.87	18.93	97.5	29.17	18.93	94.9	30.11	18.93	87.2	28.43	18.93	101.5
18/06/2018 7:15:26 PM	3612158126	1013.00	28.86	18.92	97.6	29.13	18.92	95.2	30.13	18.92	87.1	28.44	18.92	101.4
18/06/2018 7:15:27 PM	3612158127	1013.00	28.87	18.92	97.5	29.16	18.92	95.0	30.12	18.92	87.1	28.47	18.92	101.2
18/06/2018 7:15:28 PM	3612158128	1013.00	28.85	18.92	97.7	29.15	18.92	95.1	30.14	18.92	87.0	28.46	18.92	101.3
18/06/2018 7:15:29 PM	3612158129	1013.00	28.86	18.92	97.6	29.15	18.92	95.1	30.14	18.92	87.0	28.45	18.92	101.3
18/06/2018 7:15:30 PM	3612158130	1013.00	28.88	18.91	97.5	29.16	18.91	95.0	30.14	18.91	87.0	28.47	18.91	101.2
18/06/2018 7:15:31 PM	3612158131	1013.00	28.87	18.92	97.5	29.18	18.92	94.8	30.13	18.92	87.1	28.45	18.92	101.3
18/06/2018 7:15:32 PM	3612158132	1013.00	28.87	18.92	97.5	29.17	18.92	94.9	30.16	18.92	86.8	28.50	18.92	100.9
18/06/2018 7:15:33 PM	3612158133	1013.00	28.89	18.92	97.3	29.18	18.92	94.8	30.18	18.92	86.7	28.46	18.92	101.3
18/06/2018 7:15:34 PM	3612158134	1013.00	28.88	18.92	97.4	29.17	18.92	94.9	30.12	18.92	87.1	28.44	18.92	101.4
18/06/2018 7:15:35 PM	3612158135	1013.00	28.88	18.93	97.4	29.16	18.93	95.0	30.15	18.93	86.9	28.49	18.93	101.0
18/06/2018 7:15:36 PM	3612158136	1013.00	28.87	18.93	97.5	29.18	18.93	94.8	30.17	18.93	86.7	28.47	18.93	101.1
18/06/2018 7:15:37 PM	3612158137	1013.00	28.87	18.93	97.5	29.19	18.93	94.7	30.18	18.93	86.7	28.44	18.93	101.4
18/06/2018 7:15:38 PM	3612158138	1013.00	28.88	18.93	97.4	29.16	18.93	95.0	30.20	18.93	86.5	28.46	18.93	101.2
18/06/2018 7:15:39 PM	3612158139	1013.00	28.88	18.93	97.4	29.19	18.93	94.7	30.20	18.93	86.5	28.45	18.93	101.3
18/06/2018 7:15:40 PM	3612158140	1013.00	28.88	18.92	97.4	29.20	18.92	94.6	30.20	18.92	86.5	28.48	18.92	101.1
18/06/2018 7:15:41 PM	3612158141	1013.00	28.87	18.92	97.5	29.22	18.92	94.5	30.21	18.92	86.4	28.48	18.92	101.1
18/06/2018 7:15:42 PM	3612158142	1013.00	28.86	18.93	97.6	29.18	18.93	94.8	30.24	18.93	86.2	28.46	18.93	101.2
18/06/2018 7:15:43 PM	3612158143	1013.00	28.89	18.93	97.3	29.23	18.93	94.4	30.23	18.93	86.3	28.45	18.93	101.3
18/06/2018 7:15:44 PM	3612158144	1013.00	28.89	18.92	97.3	29.13	18.92	95.2	30.25	18.92	86.1	28.49	18.92	101.0
18/06/2018 7:15:45 PM	3612158145	1013.00	28.87	18.93	97.5	29.19	18.93	94.7	30.25	18.93	86.1	28.49	18.93	101.0
18/06/2018 7:15:46 PM	3612158146	1013.00	28.87	18.92	97.5	29.15	18.92	95.1	30.25	18.92	86.1	28.46	18.92	101.3
18/06/2018 7:15:47 PM	3612158147	1013.00	28.87	18.93	97.5	29.17	18.93	94.9	30.28	18.93	85.9	28.46	18.93	101.2
18/06/2018 7:15:48 PM	3612158148	1013.00	28.88	18.93	97.4	29.16	18.93	95.0	30.29	18.93	85.8	28.48	18.93	101.1
18/06/2018 7:15:49 PM	3612158149	1013.00	28.88	18.93	97.4	29.20	18.93	94.6	30.31	18.93	85.7	28.45	18.93	101.3
18/06/2018 7:15:50 PM	3612158150	1013.00	28.90	18.94	97.2	29.15	18.94	95.0	30.30	18.94	85.7	28.47	18.94	101.1
18/06/2018 7:15:51 PM	3612158151	1013.00	28.88	18.94	97.4	29.16	18.94	95.0	30.32	18.94	85.6	28.49	18.94	100.9
18/06/2018 7:15:52 PM	3612158152	1013.00	28.88	18.94	97.4	29.19	18.94	94.7	30.28	18.94	85.9	28.45	18.94	101.3
18/06/2018 7:15:53 PM	3612158153	1013.00	28.89	18.94	97.3	29.21	18.94	94.5	30.32	18.94	85.6	28.47	18.94	101.1
18/06/2018 7:15:54 PM	3612158154	1013.00	28.91	18.94	97.1	29.18	18.94	94.8	30.34	18.94	85.4	28.45	18.94	101.3
18/06/2018 7:15:55 PM	3612158155	1013.00	28.91	18.93	97.2	29.13	18.93	95.2	30.32	18.93	85.6	28.48	18.93	101.1
18/06/2018 7:15:56 PM	3612158156	1013.00	28.90	18.93	97.2	29.20	18.93	94.6	30.32	18.93	85.6	28.50	18.93	100.9
18/06/2018 7:15:57 PM	3612158157	1013.00	28.90	18.93	97.2	29.16	18.93	95.0	30.33	18.93	85.5	28.44	18.93	101.4
18/06/2018 7:15:58 PM	3612158158	1013.00	28.88	18.94	97.4	29.19	18.94	94.7	30.33	18.94	85.5	28.48	18.94	101.0
18/06/2018 7:15:59 PM	3612158159	1013.00	28.91	18.93	97.2	29.18	18.93	94.8	30.33	18.93	85.5	28.44	18.93	101.4
18/06/2018 7:16:00 PM	3612158160	1013.00	28.89	18.93	97.3	29.15	18.93	95.1	30.33	18.93	85.5	28.47	18.93	101.1
18/06/2018 7:16:01 PM	3612158161	1013.00	28.90	18.93	97.2	29.18	18.93	94.8	30.35	18.93	85.4	28.45	18.93	101.3
18/06/2018 7:16:02 PM	3612158162	1013.00	28.92	18.92	97.1	29.21	18.92	94.6	30.35	18.92	85.4	28.46	18.92	101.3
18/06/2018 7:16:03 PM	3612158163	1013.00	28.91	18.92	97.2	29.19	18.92	94.7	30.36	18.92	85.3	28.46	18.92	101.3
18/06/2018 7:16:04 PM	3612158164	1013.00	28.90	18.92	97.3	29.18	18.92	94.8	30.35	18.92	85.4	28.47	18.92	101.2
18/06/2018 7:16:05 PM	3612158165	1013.00	28.90	18.92	97.3	29.19	18.92	94.7	30.37	18.92	85.2	28.48	18.92	101.1
18/06/2018 7:16:06 PM	3612158166	1013.00	28.91	18.93	97.2	29.20	18.93	94.6	30.35	18.93	85.4	28.47	18.93	101.1
18/06/2018 7:16:07 PM	3612158167	1013.00	28.90	18.93	97.2	29.16	18.93	95.0	30.41	18.93	84.9	28.48	18.93	101.1
18/06/2018 7:16:08 PM	3612158168	1013.00	28.89	18.93	97.3	29.18	18.93	94.8	30.42	18.93	84.8	28.49	18.93	101.0
18/06/2018 7:16:09 PM	3612158169	1013.00	28.92	18.94	97.0	29.16	18.94	95.0	30.41	18.94	84.9	28.50	18.94	100.8
18/06/2018 7:16:10 PM	3612158170	1013.00	28.92	18.93	97.1	29.20	18.93	94.6	30.42	18.93	84.8	28.48	18.93	101.1
18/06/2018 7:16:11 PM	3612158171	1013.00	28.92	18.93	97.1	29.19	18.93	94.7	30.42	18.93	84.8	28.47	18.93	101.1
18/06/2018 7:16:12 PM	3612158172	1013.00	28.91	18.93	97.2	29.15	18.93	95.1	30.44	18.93	84.7	28.47	18.93	101.1
18/06/2018 7:16:13 PM	3612158173	1013.00	28.91	18.92	97.2	29.20	18.92	94.6	30.47	18.92	84.5	28.48	18.92	101.1
18/06/2018 7:16:14 PM	3612158174	1013.00	28.93	18.92	97.0	29.18	18.92	94.8	30.46	18.92	84.5	28.45	18.92	101.3
18/06/2018 7:16:15 PM	3612158175	1013.00	28.91	18.92	97.2	29.16	18.92	95.0	30.46	18.92	84.5	28.47	18.92	101.2
18/06/2018 7:16:16 PM	3612158176	1013.00	28.89	18.92	97.3	29.19	18.92	94.7	30.50	18.92	84.2	28.48	18.92	101.1
18/06/2018 7:16:17 PM	3612158177	1013.00	28.92	18.93	97.1	29.19	18.93	94.7	30.53	18.93	84.0	28.46	18.93	101.2
18/06/2018 7:16:18 PM	3612158178	1013.00	28.91	18.93	97.2	29.15	18.93	95.1	30.52	18.93	84.1	28.49	18.93	101.0
18/06/2018 7:16:19 PM	3612158179	1013.00	28.92	18.93	97.1	29.17	18.93	94.9	30.53	18.93	84.0	28.48	18.93	101.1
18/06/2018 7:16:20 PM	3612158180	1013.00	28.93	18.93	97.0	29.18	18.93	94.8	30.60	18.93	83.5	28.48	18.93	101.1
18/06/2018 7:16:21 PM	3612158181	1013.00	28.93	18.93	97.0	29.18	18.93	94.8	30.56	18.93	83.8	28.49	18.93	101.0
18/06/2018 7:16:22 PM	3612158182	1013.00	28.94	18.92	96.9	29.23	18.92	94.4	30.57	18.92	83.7	28.47	18.92	101.2
18/06/2018 7:16:23 PM	3612158183	1013.00	28.92	18.92	97.1	29.20	18.92	94.6	30.61	18.92	83.4	28.48	18.92	101.1
18/06/2018 7:16:24 PM	3612158184	1013.00	28.92	18.92	97.1	29.14	18.92	95.2	30.63	18.92	83.3	28.49	18.92	101.0
18/06/2018 7:16:25 PM	3612158185	1013.00	28.94	18.93	96.9	29.19	18.93	94.7	30.61	18.93	83.4	28.48	18.93	101.1
18/06/2018 7:16:26 PM	3612158186	1013.00	28.93	18.93	97.0	29.20	18.93	94.6	30.61	18.93	83.4	28.45	18.93	101.3
18/06/2018 7:16:27 PM	3612158187	1013.00	28.92	18.94	97.0	29.13	18.94	95.2	30.64	18.94	83.2	28.46	18.94	101.2
18/06/2018 7:16:28 PM	3612158188	1013.00	28.91	18.93	97.2	29.19	18.93	94.7	30.61	18.93	83.4	28.49	18.93	101.0
18/06/2018 7:16:29 PM	3612158189	1013.00	28.93	18.93	97.0	29.18	18.93	94.8	30.62	18.93	83.3	28.47	18.93	101.1
18/06/2018 7:16:30 PM	3612158190	1013.00	28.95	18.92	96.8	29.18	18.92	94.8	30.63	18.92	83.3	28.47	18.92	101.2
18/06/2018 7:16:31 PM	3612158191	1013.00	28.94	18.93	96.9	29.17	18.93	94.9	30.65	18.93	83.1	28.47	18.93	101.1
18/06/2018 7:16:32 PM	3612158192	1013.00	28.91	18.92	97.2	29.21	18.92	94.6	30.64	18.92	83.2	28.48	18.92	101.1
18/06/2018 7:16:33 PM	3612158193	1013.00	28.94	18.93	96.9	29.19	18.93	94.7	30.62	18.93	83.3	28.47	18.93	101.1
18/06/2018 7:16:34 PM	3612158194	1013.00	28.95	18.93	96.8	29.19	18.93	94.7	30.64	18.93	83.2	28.48	18.93	101.1
18/06/2018 7:16:35 PM	3612158195	1013.00	28.92	18.93	97.1	29.19	18.93	94.7	30.68	18.93	82.9	28.48	18.93	101.1
18/06/2018 7:16:36 PM	3612158196	1013.00	28.91	18.93	97.2	29.22	18.93	94.5	30.69	18.93	82.8	28.50	18.93	100.9
18/06/2018 7:16:37 PM	3612158197	1013.00	28.95	18.93	96.8	29.24	18.93	94.3	30.70	18.93	82.7	28.49	18.93	101.0
18/06/2018 7:16:38 PM	3612158198	1013.00	28.94	18.93	96.9	29.21	18.93	94.5	30.72	18.93	82.6	28.50	18.93	100.9
18/06/2018 7:16:39 PM	3612158199	1013.00	28.95	18.93	96.8	29.16	18.93	95.0	30.75	18.93	82.4	28.48	18.93	101.1
18/06/2018 7:16:40 PM	3612158200	1013.00	28.94	18.93	96.9	29.18	18.93	94.8	30.76	18.93	82.3	28.47	18.93	101.1
18/06/2018 7:16:41 PM	3612158201	1013.00	28.94	18.93	96.9	29.20	18.93	94.6	30.78	18.93	82.2	28.47	18.93	101.1
18/06/2018 7:16:42 PM	3612158202	1013.00	28.95	18.93	96.8	29.22	18.93	94.5	30.76	18.93	82.3	28.48	18.93	101.1
18/06/2018 7:16:43 PM	3612158203	1013.00	28.94	18.93	96.9	29.25	18.93	94.2	30.78	18.93	82.2	28.48	18.93	101.1
18/06/2018 7:16:44 PM	3612158204	1013.00	28.97	18.93	96.6	30.28	18.93	85.9	30.77	18.93	82.2	28.50	18.93	100.9
18/06/2018 7:16:45 PM	3612158205	1013.00	28.95	18.93	96.8	29.19	18.93	94.7	30.79	18.93	82.1	28.49	18.93	101.0
18/06/2018 7:16:46 PM	3612158206	1013.00	28.94	18.93	96.9	29.20	18.93	94.6	30.80	18.93	82.0	28.47	18.93	101.1
18/06/2018 7:16:47 PM	3612158207	1013.00	28.96	18.92	96.7	29.26	18.92	94.1	30.81	18.92	82.0	28.51	18.92	100.8
18/06/2018 7:16:48 PM	3612158208	1013.00	28.93	18.92	97.0	29.17	18.92	94.9	30.83	18.92	81.8	28.49	18.92	101.0
18/06/2018 7:16:49 PM	3612158209	1013.00	28.95	18.92	96.8	29.20	18.92	94.6	30.87	18.92	81.5	28.46	18.92	101.3
18/06/2018 7:16:50 PM	3612158210	1013.00	28.96	18.92	96.7	29.18	18.92	94.8	30.87	18.92	81.5	28.50	18.92	100.9
18/06/2018 7:16:51 PM	3612158211	1013.00	28.95	18.92	96.8	29.19	18.92	94.7	30.87	18.92	81.5	28.50	18.92	100.9
18/06/2018 7:16:52 PM	3612158212	1013.00	28.95	18.92	96.8	29.17	18.92	94.9	30.89	18.92	81.4	28.48	18.92	101.1
18/06/2018 7:16:53 PM	3612158213	1013.00	28.96	18.92	96.7	29.23	18.92	94.4	30.90	18.92	81.3	28.48	18.92	101.1
18/06/2018 7:16:54 PM	3612158214	1013.00	28.96	18.92	96.7	29.21	18.92	94.6	30.90	18.92	81.3	28.46	18.92	101.3
18/06/2018 7:16:55 PM	3612158215	1013.00	28.95	18.92	96.8	29.17	18.92	94.9	30.95	18.92	81.0	28.48	18.92	101.1
18/06/2018 7:16:56 PM	3612158216	1013.00	28.95	18.92	96.8	29.20	18.92	94.6	30.92	18.92	81.2	28.48	18.92	101.1
18/06/2018 7:16:57 PM	3612158217	1013.00	28.95	18.92	96.8	29.22	18.92	94.5	30.94	18.92	81.0	28.52	18.92	100.7
18/06/2018 7:16:58 PM	3612158218	1013.00	28.96	18.92	96.7	29.19	18.92	94.7	30.96	18.92	80.9	28.49	18.92	101.0
18/06/2018 7:16:59 PM	3612158219	1013.00	28.94	18.93	96.9	29.21	18.93	94.5	30.98	18.93	80.7	28.49	18.93	101.0
18/06/2018 7:17:00 PM	3612158220	1013.00	28.96	18.93	96.7	29.20	18.93	94.6	30.99	18.93	80.7	28.51	18.93	100.8
18/06/2018 7:17:01 PM	3612158221	1013.00	28.97	18.93	96.6	29.20	18.93	94.6	30.96	18.93	80.9	28.50	18.93	100.9
18/06/2018 7:17:02 PM	3612158222	1013.00	28.96	18.93	96.7	29.17	18.93	94.9	30.95	18.93	80.9	28.52	18.93	100.7
18/06/2018 7:17:03 PM	3612158223	1013.00	28.94	18.94	96.9	29.23	18.94	94.4	30.94	18.94	81.0	28.51	18.94	100.8
18/06/2018 7:17:04 PM	3612158224	1013.00	28.96	18.93	96.7	29.14	18.93	95.1	31.00	18.93	80.6	28.50	18.93	100.9
18/06/2018 7:17:05 PM	3612158225	1013.00	28.97	18.93	96.6	29.23	18.93	94.4	30.97	18.93	80.8	28.53	18.93	100.6
18/06/2018 7:17:06 PM	3612158226	1013.00	28.98	18.93	96.5	29.20	18.93	94.6	31.01	18.93	80.5	28.52	18.93	100.7
18/06/2018 7:17:07 PM	3612158227	1013.00	28.97	18.93	96.6	29.22	18.93	94.5	30.98	18.93	80.7	28.50	18.93	100.9
18/06/2018 7:17:08 PM	3612158228	1013.00	28.98	18.92	96.6	29.19	18.92	94.7	31.00	18.92	80.6	28.52	18.92	100.7
18/06/2018 7:17:09 PM	3612158229	1013.00	28.94	18.92	96.9	29.20	18.92	94.6	31.02	18.92	80.5	28.51	18.92	100.8
18/06/2018 7:17:10 PM	3612158230	1013.00	28.98	18.92	96.6	29.25	18.92	94.2	31.01	18.92	80.5	28.53	18.92	100.6
18/06/2018 7:17:11 PM	3612158231	1013.00	28.98	18.92	96.6	29.22	18.92	94.5	31.04	18.92	80.3	28.52	18.92	100.7
18/06/2018 7:17:12 PM	3612158232	1013.00	28.99	18.92	96.5	29.22	18.92	94.5	31.02	18.92	80.5	28.54	18.92	100.5
18/06/2018 7:17:13 PM	3612158233	1013.00	28.98	18.92	96.6	29.22	18.92	94.5	31.10	18.92	79.9	28.51	18.92	100.8
18/06/2018 7:17:14 PM	3612158234	1013.00	28.98	18.92	96.6	29.24	18.92	94.3	31.07	18.92	80.1	28.52	18.92	100.7
18/06/2018 7:17:15 PM	3612158235	1013.00	28.99	18.92	96.5	29.23	18.92	94.4	31.08	18.92	80.0	28.52	18.92	100.7
18/06/2018 7:17:16 PM	3612158236	1013.00	28.99	18.92	96.5	29.21	18.92	94.6	31.10	18.92	79.9	28.51	18.92	100.8
18/06/2018 7:17:17 PM	3612158237	1013.00	28.97	18.92	96.6	29.25	18.92	94.2	31.11	18.92	79.8	28.52	18.92	100.7
18/06/2018 7:17:18 PM	3612158238	1013.00	28.98	18.92	96.6	29.24	18.92	94.3	31.13	18.92	79.7	28.49	18.92	101.0
18/06/2018 7:17:19 PM	3612158239	1013.00	29.01	18.91	96.3	29.27	18.91	94.1	31.11	18.91	79.8	28.53	18.91	100.6
18/06/2018 7:17:20 PM	3612158240	1013.00	28.99	18.91	96.5	29.27	18.91	94.1	31.15	18.91	79.6	28.53	18.91	100.6
18/06/2018 7:17:21 PM	3612158241	1013.00	29.02	18.91	96.2	29.29	18.91	93.9	31.12	18.91	79.8	28.54	18.91	100.5
18/06/2018 7:17:22 PM	3612158242	1013.00	29.01	18.91	96.3	29.27	18.91	94.1	31.13	18.91	79.7	28.54	18.91	100.5
18/06/2018 7:17:23 PM	3612158243	1013.00	29.02	18.92	96.2	29.28	18.92	94.0	31.17	18.92	79.4	28.56	18.92	100.3
18/06/2018 7:17:24 PM	3612158244	1013.00	29.00	18.93	96.4	29.29	18.93	93.9	31.16	18.93	79.5	28.53	18.93	100.6
18/06/2018 7:17:25 PM	3612158245	1013.00	29.03	18.93	96.1	29.27	18.93	94.0	31.16	18.93	79.5	28.54	18.93	100.5
18/06/2018 7:17:26 PM	3612158246	1013.00	29.01	18.93	96.3	29.29	18.93	93.9	31.17	18.93	79.4	28.55	18.93	100.4
18/06/2018 7:17:27 PM	3612158247	1013.00	29.02	18.93	96.2	29.31	18.93	93.7	31.16	18.93	79.5	28.55	18.93	100.4
18/06/2018 7:17:28 PM	3612158248	1013.00	29.02	18.92	96.2	29.30	18.92	93.8	31.18	18.92	79.3	28.55	18.92	100.4
18/06/2018 7:17:29 PM	3612158249	1013.00	29.03	18.92	96.1	29.29	18.92	93.9	31.13	18.92	79.7	28.55	18.92	100.4
18/06/2018 7:17:30 PM	3612158250	1013.00	29.02	18.91	96.2	29.33	18.91	93.6	31.15	18.91	79.6	28.54	18.91	100.5
18/06/2018 7:17:31 PM	3612158251	1013.00	29.05	18.92	95.9	29.34	18.92	93.5	31.20	18.92	79.2	28.57	18.92	100.2
18/06/2018 7:17:32 PM	3612158252	1013.00	29.02	18.93	96.2	29.31	18.93	93.7	31.18	18.93	79.3	28.53	18.93	100.6
18/06/2018 7:17:33 PM	3612158253	1013.00	29.03	18.94	96.1	29.32	18.94	93.6	31.18	18.94	79.3	28.53	18.94	100.6
18/06/2018 7:17:34 PM	3612158254	1013.00	29.05	18.94	95.9	29.32	18.94	93.6	31.23	18.94	79.0	28.55	18.94	100.4
18/06/2018 7:17:35 PM	3612158255	1013.00	29.02	18.94	96.2	29.30	18.94	93.8	31.21	18.94	79.1	28.53	18.94	100.6
18/06/2018 7:17:36 PM	3612158256	1013.00	29.04	18.94	96.0	29.34	18.94	93.4	31.16	18.94	79.5	28.55	18.94	100.4
18/06/2018 7:17:37 PM	3612158257	1013.00	29.02	18.94	96.2	29.33	18.94	93.5	31.22	18.94	79.0	28.58	18.94	100.1
18/06/2018 7:17:38 PM	3612158258	1013.00	29.06	18.93	95.8	29.28	18.93	93.9	31.23	18.93	79.0	28.53	18.93	100.6
18/06/2018 7:17:39 PM	3612158259	1013.00	29.03	18.93	96.1	29.32	18.93	93.6	31.20	18.93	79.2	28.53	18.93	100.6
18/06/2018 7:17:40 PM	3612158260	1013.00	29.04	18.93	96.0	29.34	18.93	93.4	31.23	18.93	79.0	28.54	18.93	100.5
18/06/2018 7:17:41 PM	3612158261	1013.00	29.03	18.92	96.1	29.37	18.92	93.2	31.25	18.92	78.9	28.57	18.92	100.2
18/06/2018 7:17:42 PM	3612158262	1013.00	29.03	18.92	96.1	29.36	18.92	93.3	31.25	18.92	78.9	28.56	18.92	100.3
18/06/2018 7:17:43 PM	3612158263	1013.00	29.03	18.93	96.1	29.37	18.93	93.2	31.23	18.93	79.0	28.56	18.93	100.3
18/06/2018 7:17:44 PM	3612158264	1013.00	29.05	18.93	95.9	29.32	18.93	93.6	31.25	18.93	78.8	28.55	18.93	100.4
18/06/2018 7:17:45 PM	3612158265	1013.00	29.02	18.92	96.2	29.33	18.92	93.5	31.26	18.92	78.8	28.58	18.92	100.1
18/06/2018 7:17:46 PM	3612158266	1013.00	29.03	18.93	96.1	29.36	18.93	93.3	31.27	18.93	78.7	28.56	18.93	100.3
18/06/2018 7:17:47 PM	3612158267	1013.00	29.05	18.93	95.9	29.38	18.93	93.1	31.27	18.93	78.7	28.56	18.93	100.3
18/06/2018 7:17:48 PM	3612158268	1013.00	29.06	18.92	95.9	29.33	18.92	93.5	31.29	18.92	78.6	28.53	18.92	100.6
18/06/2018 7:17:49 PM	3612158269	1013.00	29.04	18.92	96.0	29.36	18.92	93.3	31.27	18.92	78.7	28.57	18.92	100.2
18/06/2018 7:17:50 PM	3612158270	1013.00	29.04	18.93	96.0	29.39	18.93	93.0	31.27	18.93	78.7	28.57	18.93	100.2
18/06/2018 7:17:51 PM	3612158271	1013.00	29.05	18.92	95.9	29.39	18.92	93.0	31.29	18.92	78.6	28.55	18.92	100.4
18/06/2018 7:17:52 PM	3612158272	1013.00	29.07	18.92	95.8	29.42	18.92	92.8	31.26	18.92	78.8	28.54	18.92	100.5
18/06/2018 7:17:53 PM	3612158273	1013.00	29.07	18.92	95.8	29.38	18.92	93.1	31.29	18.92	78.6	28.58	18.92	100.1
18/06/2018 7:17:54 PM	3612158274	1013.00	29.05	18.92	95.9	29.39	18.92	93.0	31.29	18.92	78.6	28.56	18.92	100.3
18/06/2018 7:17:55 PM	3612158275	1013.00	29.06	18.92	95.9	29.38	18.92	93.1	31.32	18.92	78.4	28.56	18.92	100.3
18/06/2018 7:17:56 PM	3612158276	1013.00	29.08	18.92	95.7	29.43	18.92	92.7	31.32	18.92	78.4	28.58	18.92	100.1
18/06/2018 7:17:57 PM	3612158277	1013.00	29.06	18.92	95.9	29.41	18.92	92.9	31.31	18.92	78.4	28.56	18.92	100.3
18/06/2018 7:17:58 PM	3612158278	1013.00	29.08	18.92	95.7	29.40	18.92	92.9	31.35	18.92	78.2	28.58	18.92	100.1
18/06/2018 7:17:59 PM	3612158279	1013.00	29.09	18.93	95.6	29.44	18.93	92.6	31.33	18.93	78.3	28.58	18.93	100.1
18/06/2018 7:18:00 PM	3612158280	1013.00	29.09	18.93	95.6	29.47	18.93	92.3	31.36	18.93	78.1	28.54	18.93	100.5
18/06/2018 7:18:01 PM	3612158281	1013.00	29.10	18.93	95.5	29.44	18.93	92.6	31.38	18.93	77.9	28.59	18.93	100.0
18/06/2018 7:18:02 PM	3612158282	1013.00	29.10	18.93	95.5	29.43	18.93	92.7	31.38	18.93	77.9	28.56	18.93	100.3
18/06/2018 7:18:03 PM	3612158283	1013.00	29.09	18.93	95.6	29.44	18.93	92.6	31.41	18.93	77.7	28.56	18.93	100.3
18/06/2018 7:18:04 PM	3612158284	1013.00	29.09	18.93	95.6	29.41	18.93	92.8	31.40	18.93	77.8	28.59	18.93	100.0
18/06/2018 7:18:05 PM	3612158285	1013.00	29.11	18.93	95.4	29.46	18.93	92.4	31.40	18.93	77.8	28.58	18.93	100.1
18/06/2018 7:18:06 PM	3612158286	1013.00	29.09	18.92	95.6	29.45	18.92	92.5	31.42	18.92	77.7	28.60	18.92	100.0
18/06/2018 7:18:07 PM	3612158287	1013.00	29.09	18.92	95.6	29.47	18.92	92.4	31.44	18.92	77.6	28.59	18.92	100.1
18/06/2018 7:18:08 PM	3612158288	1013.00	29.10	18.93	95.5	29.48	18.93	92.3	31.44	18.93	77.5	28.57	18.93	100.2
18/06/2018 7:18:09 PM	3612158289	1013.00	29.11	18.93	95.4	29.49	18.93	92.2	31.45	18.93	77.5	28.57	18.93	100.2
18/06/2018 7:18:10 PM	3612158290	1013.00	29.11	18.92	95.4	29.46	18.92	92.4	31.42	18.92	77.7	28.58	18.92	100.1
18/06/2018 7:18:11 PM	3612158291	1013.00	29.12	18.93	95.3	29.47	18.93	92.3	31.46	18.93	77.4	28.58	18.93	100.1
18/06/2018 7:18:12 PM	3612158292	1013.00	29.08	18.93	95.7	29.46	18.93	92.4	31.45	18.93	77.5	28.57	18.93	100.2
18/06/2018 7:18:13 PM	3612158293	1013.00	29.11	18.93	95.4	29.47	18.93	92.3	31.47	18.93	77.3	28.59	18.93	100.0
18/06/2018 7:18:14 PM	3612158294	1013.00	29.11	18.93	95.4	29.51	18.93	92.0	31.47	18.93	77.3	28.58	18.93	100.1
18/06/2018 7:18:15 PM	3612158295	1013.00	29.12	18.93	95.3	29.50	18.93	92.1	31.49	18.93	77.2	28.58	18.93	100.1
18/06/2018 7:18:16 PM	3612158296	1013.00	29.13	18.93	95.2	29.53	18.93	91.8	31.53	18.93	76.9	28.58	18.93	100.1
18/06/2018 7:18:17 PM	3612158297	1013.00	29.10	18.92	95.5	29.54	18.92	91.8	31.47	18.92	77.4	28.58	18.92	100.1
18/06/2018 7:18:18 PM	3612158298	1013.00	29.11	18.93	95.4	29.51	18.93	92.0	31.51	18.93	77.1	28.59	18.93	100.0
18/06/2018 7:18:19 PM	3612158299	1013.00	29.12	18.93	95.3	29.53	18.93	91.8	31.54	18.93	76.9	28.58	18.93	100.1
18/06/2018 7:18:20 PM	3612158300	1013.00	29.13	18.93	95.2	29.53	18.93	91.8	31.56	18.93	76.7	28.59	18.93	100.0
18/06/2018 7:18:21 PM	3612158301	1013.00	29.13	18.93	95.2	29.54	18.93	91.8	31.54	18.93	76.9	28.58	18.93	100.1
18/06/2018 7:18:22 PM	3612158302	1013.00	29.12	18.93	95.3	29.56	18.93	91.6	31.52	18.93	77.0	28.57	18.93	100.2
18/06/2018 7:18:23 PM	3612158303	1013.00	29.13	18.93	95.2	29.56	18.93	91.6	31.54	18.93	76.9	28.59	18.93	100.0
18/06/2018 7:18:24 PM	3612158304	1013.00	29.13	18.92	95.2	29.52	18.92	91.9	31.58	18.92	76.6	28.56	18.92	100.3
18/06/2018 7:18:25 PM	3612158305	1013.00	29.15	18.92	95.1	29.54	18.92	91.8	31.53	18.92	76.9	28.58	18.92	100.1
18/06/2018 7:18:26 PM	3612158306	1013.00	29.14	18.92	95.2	29.55	18.92	91.7	31.55	18.92	76.8	28.60	18.92	100.0
18/06/2018 7:18:27 PM	3612158307	1013.00	29.15	18.92	95.1	29.58	18.92	91.4	31.57	18.92	76.7	28.60	18.92	100.0
18/06/2018 7:18:28 PM	3612158308	1013.00	29.16	18.92	95.0	29.62	18.92	91.1	31.56	18.92	76.7	28.59	18.92	100.1
18/06/2018 7:18:29 PM	3612158309	1013.00	29.14	18.93	95.1	29.60	18.93	91.3	31.55	18.93	76.8	28.59	18.93	100.0
18/06/2018 7:18:30 PM	3612158310	1013.00	29.16	18.93	95.0	29.55	18.93	91.7	31.57	18.93	76.7	28.58	18.93	100.1
18/06/2018 7:18:31 PM	3612158311	1013.00	29.16	18.93	95.0	29.59	18.93	91.4	31.57	18.93	76.7	28.58	18.93	100.1
18/06/2018 7:18:32 PM	3612158312	1013.00	29.14	18.93	95.1	29.58	18.93	91.4	31.58	18.93	76.6	28.58	18.93	100.1
18/06/2018 7:18:33 PM	3612158313	1013.00	29.15	18.93	95.1	29.62	18.93	91.1	31.60	18.93	76.5	28.60	18.93	99.9
18/06/2018 7:18:34 PM	3612158314	1013.00	29.17	18.92	94.9	29.61	18.92	91.2	31.59	18.92	76.5	28.58	18.92	100.1
18/06/2018 7:18:35 PM	3612158315	1013.00	29.17	18.92	94.9	29.64	18.92	91.0	31.59	18.92	76.5	28.60	18.92	100.0
18/06/2018 7:18:36 PM	3612158316	1013.00	29.19	18.91	94.7	29.65	18.91	90.9	31.59	18.91	76.6	28.57	18.91	100.3
18/06/2018 7:18:37 PM	3612158317	1013.00	29.17	18.91	94.9	29.65	18.91	90.9	31.59	18.91	76.6	28.61	18.91	99.9
18/06/2018 7:18:38 PM	3612158318	1013.00	29.19	18.92	94.7	29.62	18.92	91.1	31.64	18.92	76.2	28.58	18.92	100.1
18/06/2018 7:18:39 PM	3612158319	1013.00	29.18	18.91	94.8	29.64	18.91	91.0	31.64	18.91	76.2	28.60	18.91	100.0
18/06/2018 7:18:40 PM	3612158320	1013.00	29.20	18.92	94.6	29.65	18.92	90.9	31.61	18.92	76.4	28.62	18.92	99.8
18/06/2018 7:18:41 PM	3612158321	1013.00	29.19	18.92	94.7	29.65	18.92	90.9	31.64	18.92	76.2	28.58	18.92	100.1
18/06/2018 7:18:42 PM	3612158322	1013.00	29.23	18.92	94.4	29.60	18.92	91.3	31.69	18.92	75.9	28.58	18.92	100.1
18/06/2018 7:18:43 PM	3612158323	1013.00	29.21	18.92	94.6	29.63	18.92	91.0	31.72	18.92	75.7	28.61	18.92	99.9
18/06/2018 7:18:44 PM	3612158324	1013.00	29.22	18.92	94.5	29.63	18.92	91.0	31.71	18.92	75.8	28.57	18.92	100.2
18/06/2018 7:18:45 PM	3612158325	1013.00	29.25	18.92	94.2	29.67	18.92	90.7	31.74	18.92	75.6	28.59	18.92	100.1
18/06/2018 7:18:46 PM	3612158326	1013.00	29.22	18.92	94.5	29.63	18.92	91.0	31.77	18.92	75.4	28.60	18.92	100.0
18/06/2018 7:18:47 PM	3612158327	1013.00	29.23	18.93	94.4	29.64	18.93	90.9	31.80	18.93	75.1	28.59	18.93	100.0
18/06/2018 7:18:48 PM	3612158328	1013.00	29.23	18.92	94.4	29.70	18.92	90.5	31.80	18.92	75.2	28.62	18.92	99.8
18/06/2018 7:18:49 PM	3612158329	1013.00	29.22	18.92	94.5	29.68	18.92	90.6	31.82	18.92	75.0	28.62	18.92	99.8
18/06/2018 7:18:50 PM	3612158330	1013.00	29.24	18.92	94.3	29.66	18.92	90.8	31.82	18.92	75.0	28.59	18.92	100.1
18/06/2018 7:18:51 PM	3612158331	1013.00	29.24	18.92	94.3	29.69	18.92	90.5	31.82	18.92	75.0	28.60	18.92	100.0
18/06/2018 7:18:52 PM	3612158332	1013.00	29.24	18.92	94.3	29.72	18.92	90.3	31.81	18.92	75.1	28.62	18.92	99.8
18/06/2018 7:18:53 PM	3612158333	1013.00	29.29	18.93	93.9	29.70	18.93	90.5	31.80	18.93	75.1	28.61	18.93	99.9
18/06/2018 7:18:54 PM	3612158334	1013.00	29.23	18.92	94.4	29.71	18.92	90.4	31.81	18.92	75.1	28.63	18.92	99.7
18/06/2018 7:18:55 PM	3612158335	1013.00	29.26	18.92	94.1	29.71	18.92	90.4	31.86	18.92	74.8	28.62	18.92	99.8
18/06/2018 7:18:56 PM	3612158336	1013.00	29.25	18.92	94.2	29.68	18.92	90.6	31.85	18.92	74.8	28.60	18.92	100.0
18/06/2018 7:18:57 PM	3612158337	1013.00	29.26	18.92	94.1	29.70	18.92	90.5	31.82	18.92	75.0	28.61	18.92	99.9
18/06/2018 7:18:58 PM	3612158338	1013.00	29.27	18.92	94.0	29.71	18.92	90.4	31.87	18.92	74.7	28.63	18.92	99.7
18/06/2018 7:18:59 PM	3612158339	1013.00	29.28	18.92	94.0	29.71	18.92	90.4	31.94	18.92	74.3	28.64	18.92	99.6
18/06/2018 7:19:00 PM	3612158340	1013.00	29.28	18.92	94.0	29.73	18.92	90.2	31.93	18.92	74.3	28.63	18.92	99.7
18/06/2018 7:19:01 PM	3612158341	1013.00	29.27	18.92	94.0	29.73	18.92	90.2	31.93	18.92	74.3	28.63	18.92	99.7
18/06/2018 7:19:02 PM	3612158342	1013.00	29.30	18.92	93.8	29.72	18.92	90.3	31.94	18.92	74.3	28.59	18.92	100.1
18/06/2018 7:19:03 PM	3612158343	1013.00	29.31	18.93	93.7	29.72	18.93	90.3	31.92	18.93	74.4	28.63	18.93	99.7
18/06/2018 7:19:04 PM	3612158344	1013.00	29.33	18.93	93.5	29.68	18.93	90.6	31.97	18.93	74.0	28.62	18.93	99.8
18/06/2018 7:19:05 PM	3612158345	1013.00	29.30	18.93	93.8	29.75	18.93	90.0	32.02	18.93	73.7	28.61	18.93	99.9
18/06/2018 7:19:06 PM	3612158346	1013.00	29.32	18.93	93.6	29.72	18.93	90.3	32.00	18.93	73.9	28.63	18.93	99.7
18/06/2018 7:19:07 PM	3612158347	1013.00	29.32	18.93	93.6	29.76	18.93	90.0	32.02	18.93	73.7	28.64	18.93	99.6
18/06/2018 7:19:08 PM	3612158348	1013.00	29.34	18.92	93.5	29.71	18.92	90.4	32.02	18.92	73.7	28.63	18.92	99.7
18/06/2018 7:19:09 PM	3612158349	1013.00	29.34	18.92	93.5	29.73	18.92	90.2	32.00	18.92	73.9	28.61	18.92	99.9
18/06/2018 7:19:10 PM	3612158350	1013.00	29.34	18.92	93.5	29.75	18.92	90.1	32.01	18.92	73.8	28.66	18.92	99.4
18/06/2018 7:19:11 PM	3612158351	1013.00	29.32	18.93	93.6	29.77	18.93	89.9	32.02	18.93	73.7	28.63	18.93	99.7
18/06/2018 7:19:12 PM	3612158352	1013.00	29.38	18.92	93.1	29.75	18.92	90.1	32.03	18.92	73.7	28.64	18.92	99.6
18/06/2018 7:19:13 PM	3612158353	1013.00	29.36	18.93	93.3	29.79	18.93	89.7	32.02	18.93	73.7	28.61	18.93	99.9
18/06/2018 7:19:14 PM	3612158354	1013.00	29.34	18.93	93.4	29.75	18.93	90.0	32.02	18.93	73.7	28.65	18.93	99.5
18/06/2018 7:19:15 PM	3612158355	1013.00	29.33	18.93	93.5	29.74	18.93	90.1	32.00	18.93	73.9	28.66	18.93	99.4
18/06/2018 7:19:16 PM	3612158356	1013.00	29.37	18.93	93.2	29.80	18.93	89.6	32.04	18.93	73.6	28.67	18.93	99.3
18/06/2018 7:19:17 PM	3612158357	1013.00	29.37	18.93	93.2	29.79	18.93	89.7	32.05	18.93	73.5	28.62	18.93	99.8
18/06/2018 7:19:18 PM	3612158358	1013.00	29.39	18.93	93.0	29.85	18.93	89.2	32.07	18.93	73.4	28.65	18.93	99.5
18/06/2018 7:19:19 PM	3612158359	1013.00	29.35	18.94	93.3	29.81	18.94	89.5	32.08	18.94	73.3	28.68	18.94	99.2
18/06/2018 7:19:20 PM	3612158360	1013.00	29.38	18.94	93.1	29.81	18.94	89.5	32.07	18.94	73.4	28.66	18.94	99.4
18/06/2018 7:19:21 PM	3612158361	1013.00	29.38	18.92	93.1	29.82	18.92	89.5	32.10	18.92	73.2	28.64	18.92	99.6
18/06/2018 7:19:22 PM	3612158362	1013.00	29.41	18.93	92.8	29.83	18.93	89.4	32.07	18.93	73.4	28.65	18.93	99.5
18/06/2018 7:19:23 PM	3612158363	1013.00	29.42	18.93	92.8	29.83	18.93	89.4	32.09	18.93	73.3	28.65	18.93	99.5
18/06/2018 7:19:24 PM	3612158364	1013.00	29.43	18.93	92.7	29.84	18.93	89.3	32.11	18.93	73.2	28.64	18.93	99.6
18/06/2018 7:19:25 PM	3612158365	1013.00	29.42	18.93	92.8	29.89	18.93	88.9	32.09	18.93	73.3	28.65	18.93	99.5
18/06/2018 7:19:26 PM	3612158366	1013.00	29.42	18.93	92.8	29.85	18.93	89.2	32.12	18.93	73.1	28.64	18.93	99.6
18/06/2018 7:19:27 PM	3612158367	1013.00	29.41	18.93	92.8	29.89	18.93	88.9	32.09	18.93	73.3	28.65	18.93	99.5
18/06/2018 7:19:28 PM	3612158368	1013.00	29.43	18.93	92.7	29.90	18.93	88.8	32.13	18.93	73.0	28.66	18.93	99.4
18/06/2018 7:19:29 PM	3612158369	1013.00	29.43	18.92	92.7	29.95	18.92	88.5	32.15	18.92	72.9	28.66	18.92	99.4
18/06/2018 7:19:30 PM	3612158370	1013.00	29.44	18.93	92.6	29.90	18.93	88.8	32.11	18.93	73.2	28.65	18.93	99.5
18/06/2018 7:19:31 PM	3612158371	1013.00	29.46	18.93	92.4	29.99	18.93	88.1	32.16	18.93	72.8	28.65	18.93	99.5
18/06/2018 7:19:32 PM	3612158372	1013.00	29.47	18.93	92.3	29.94	18.93	88.5	32.15	18.93	72.9	28.69	18.93	99.1
18/06/2018 7:19:33 PM	3612158373	1013.00	29.48	18.93	92.3	29.96	18.93	88.4	32.17	18.93	72.8	28.65	18.93	99.5
18/06/2018 7:19:34 PM	3612158374	1013.00	29.47	18.93	92.3	29.98	18.93	88.2	32.17	18.93	72.8	28.66	18.93	99.4
18/06/2018 7:19:35 PM	3612158375	1013.00	29.46	18.92	92.4	30.03	18.92	87.8	32.17	18.92	72.8	28.66	18.92	99.4
18/06/2018 7:19:36 PM	3612158376	1013.00	29.47	18.92	92.4	29.97	18.92	88.3	32.17	18.92	72.8	28.65	18.92	99.5
18/06/2018 7:19:37 PM	3612158377	1013.00	29.48	18.92	92.3	30.05	18.92	87.7	32.19	18.92	72.7	28.64	18.92	99.6
18/06/2018 7:19:38 PM	3612158378	1013.00	29.48	18.93	92.3	30.09	18.93	87.3	32.20	18.93	72.6	28.66	18.93	99.4
18/06/2018 7:19:39 PM	3612158379	1013.00	29.48	18.93	92.3	30.10	18.93	87.3	32.22	18.93	72.5	28.66	18.93	99.4
18/06/2018 7:19:40 PM	3612158380	1013.00	29.49	18.94	92.2	30.11	18.94	87.2	32.18	18.94	72.7	28.68	18.94	99.2
18/06/2018 7:19:41 PM	3612158381	1013.00	29.48	18.93	92.3	30.15	18.93	86.9	32.17	18.93	72.8	28.64	18.93	99.6
18/06/2018 7:19:42 PM	3612158382	1013.00	29.51	18.93	92.0	30.16	18.93	86.8	32.19	18.93	72.6	28.64	18.93	99.6
18/06/2018 7:19:43 PM	3612158383	1013.00	29.49	18.93	92.2	30.22	18.93	86.3	32.24	18.93	72.3	28.64	18.93	99.6
18/06/2018 7:19:44 PM	3612158384	1013.00	29.51	18.93	92.0	30.13	18.93	87.0	32.19	18.93	72.6	28.66	18.93	99.4
18/06/2018 7:19:45 PM	3612158385	1013.00	29.50	18.92	92.1	30.18	18.92	86.7	32.21	18.92	72.5	28.65	18.92	99.5
18/06/2018 7:19:46 PM	3612158386	1013.00	29.51	18.92	92.0	30.23	18.92	86.3	32.23	18.92	72.4	28.66	18.92	99.4
18/06/2018 7:19:47 PM	3612158387	1013.00	29.52	18.93	91.9	30.26	18.93	86.0	32.23	18.93	72.4	28.66	18.93	99.4
18/06/2018 7:19:48 PM	3612158388	1013.00	29.52	18.92	91.9	30.23	18.92	86.3	32.26	18.92	72.2	28.67	18.92	99.3
18/06/2018 7:19:49 PM	3612158389	1013.00	29.52	18.92	91.9	30.26	18.92	86.1	32.23	18.92	72.4	28.66	18.92	99.4
18/06/2018 7:19:50 PM	3612158390	1013.00	29.51	18.92	92.0	30.26	18.92	86.1	32.24	18.92	72.3	28.67	18.92	99.3
18/06/2018 7:19:51 PM	3612158391	1013.00	29.51	18.92	92.0	30.27	18.92	86.0	32.25	18.92	72.3	28.67	18.92	99.3
18/06/2018 7:19:52 PM	3612158392	1013.00	29.54	18.92	91.8	30.23	18.92	86.3	32.26	18.92	72.2	28.66	18.92	99.4
18/06/2018 7:19:53 PM	3612158393	1013.00	29.54	18.93	91.8	30.31	18.93	85.7	32.25	18.93	72.3	28.67	18.93	99.3
18/06/2018 7:19:54 PM	3612158394	1013.00	29.53	18.93	91.8	30.28	18.93	85.9	32.28	18.93	72.1	28.67	18.93	99.3
18/06/2018 7:19:55 PM	3612158395	1013.00	29.52	18.93	91.9	30.32	18.93	85.6	32.24	18.93	72.3	28.68	18.93	99.2
18/06/2018 7:19:56 PM	3612158396	1013.00	29.53	18.93	91.8	30.31	18.93	85.7	32.25	18.93	72.3	28.65	18.93	99.5
18/06/2018 7:19:57 PM	3612158397	1013.00	29.52	18.92	91.9	30.35	18.92	85.4	32.27	18.92	72.2	28.67	18.92	99.3
18/06/2018 7:19:58 PM	3612158398	1013.00	29.52	18.91	92.0	30.36	18.91	85.3	32.27	18.91	72.2	28.68	18.91	99.2
18/06/2018 7:19:59 PM	3612158399	1013.00	29.54	18.92	91.8	30.38	18.92	85.1	32.29	18.92	72.0	28.68	18.92	99.2
18/06/2018 7:20:00 PM	3612158400	1013.00	29.55	18.92	91.7	30.38	18.92	85.1	32.27	18.92	72.2	28.69	18.92	99.1
18/06/2018 7:20:01 PM	3612158401	1013.00	29.55	18.92	91.7	30.43	18.92	84.8	32.31	18.92	71.9	28.70	18.92	99.0
18/06/2018 7:20:02 PM	3612158402	1013.00	29.52	18.92	91.9	30.44	18.92	84.7	32.32	18.92	71.9	28.66	18.92	99.4
18/06/2018 7:20:03 PM	3612158403	1013.00	29.56	18.93	91.6	30.45	18.93	84.6	32.33	18.93	71.8	28.70	18.93	99.0
18/06/2018 7:20:04 PM	3612158404	1013.00	29.55	18.93	91.7	30.41	18.93	84.9	32.39	18.93	71.4	28.69	18.93	99.1
18/06/2018 7:20:05 PM	3612158405	1013.00	29.54	18.92	91.8	30.42	18.92	84.8	32.41	18.92	71.3	28.69	18.92	99.1
18/06/2018 7:20:06 PM	3612158406	1013.00	29.55	18.92	91.7	30.45	18.92	84.6	32.38	18.92	71.5	28.68	18.92	99.2
18/06/2018 7:20:07 PM	3612158407	1013.00	29.55	18.92	91.7	30.47	18.92	84.5	32.39	18.92	71.4	28.68	18.92	99.2
18/06/2018 7:20:08 PM	3612158408	1013.00	29.55	18.92	91.7	30.47	18.92	84.5	32.44	18.92	71.1	28.69	18.92	99.1
18/06/2018 7:20:09 PM	3612158409	1013.00	29.57	18.93	91.5	30.50	18.93	84.2	32.41	18.93	71.3	28.67	18.93	99.3
18/06/2018 7:20:10 PM	3612158410	1013.00	29.54	18.93	91.8	30.50	18.93	84.2	32.46	18.93	71.0	28.68	18.93	99.2
18/06/2018 7:20:11 PM	3612158411	1013.00	29.56	18.93	91.6	30.51	18.93	84.1	32.48	18.93	70.9	28.66	18.93	99.4
18/06/2018 7:20:12 PM	3612158412	1013.00	29.58	18.93	91.4	30.49	18.93	84.3	32.46	18.93	71.0	28.68	18.93	99.2
18/06/2018 7:20:13 PM	3612158413	1013.00	29.59	18.93	91.4	30.47	18.93	84.4	32.49	18.93	70.8	28.69	18.93	99.1
18/06/2018 7:20:14 PM	3612158414	1013.00	29.60	18.93	91.3	30.54	18.93	83.9	32.52	18.93	70.6	28.67	18.93	99.3
18/06/2018 7:20:15 PM	3612158415	1013.00	29.55	18.92	91.7	30.48	18.92	84.4	32.52	18.92	70.6	28.69	18.92	99.1
18/06/2018 7:20:16 PM	3612158416	1013.00	29.59	18.92	91.4	30.50	18.92	84.2	32.50	18.92	70.7	28.67	18.92	99.3
18/06/2018 7:20:17 PM	3612158417	1013.00	29.60	18.92	91.3	30.49	18.92	84.3	32.56	18.92	70.4	28.67	18.92	99.3
18/06/2018 7:20:18 PM	3612158418	1013.00	29.59	18.91	91.4	30.50	18.91	84.3	32.52	18.91	70.6	28.70	18.91	99.1
18/06/2018 7:20:19 PM	3612158419	1013.00	29.59	18.91	91.4	30.53	18.91	84.0	32.56	18.91	70.4	28.70	18.91	99.1
18/06/2018 7:20:20 PM	3612158420	1013.00	29.61	18.91	91.2	30.50	18.91	84.3	32.55	18.91	70.5	28.70	18.91	99.1
18/06/2018 7:20:21 PM	3612158421	1013.00	29.61	18.92	91.2	30.53	18.92	84.0	32.57	18.92	70.3	28.68	18.92	99.2
18/06/2018 7:20:22 PM	3612158422	1013.00	29.60	18.92	91.3	30.56	18.92	83.8	32.58	18.92	70.3	28.70	18.92	99.0
18/06/2018 7:20:23 PM	3612158423	1013.00	29.61	18.92	91.2	30.54	18.92	83.9	32.60	18.92	70.1	28.67	18.92	99.3
18/06/2018 7:20:24 PM	3612158424	1013.00	29.62	18.92	91.1	30.56	18.92	83.8	32.62	18.92	70.0	28.71	18.92	99.0
18/06/2018 7:20:25 PM	3612158425	1013.00	29.63	18.91	91.1	30.57	18.91	83.7	32.64	18.91	69.9	28.68	18.91	99.2
18/06/2018 7:20:26 PM	3612158426	1013.00	29.65	18.91	90.9	30.58	18.91	83.7	32.63	18.91	70.0	28.70	18.91	99.1
18/06/2018 7:20:27 PM	3612158427	1013.00	29.63	18.91	91.1	30.56	18.91	83.8	32.64	18.91	69.9	28.68	18.91	99.2
