Date & time of file creation	18/06/2018 9:12 PM													
Data file path	C:\Users\ameli\Desktop\Luke Strasiotto\18062018\New_20.txt													
														
														
CALIBRATION DATA														
Parameter/Channel	N moving average	LO phase [r.U.]	HI phase [r.U.]	LO oxygen [%air saturation]	HI oxygen [%air saturation]	LO temperature [°C]	HI temperature [°C]	Salinity [‰]						
S WOT 0041 000001   , CH 1	1	59.70	27.12	0.00	100.00	28.00	28.00	0.000						
S WOT 0041 000001   , CH 2	1	59.70	27.12	0.00	100.00	28.00	28.00	0.000						
S WOT 0041 000001   , CH 3	1	59.70	27.12	0.00	100.00	28.00	28.00	0.000						
S WOT 0041 000001   , CH 4	1	59.70	27.12	0.00	100.00	28.00	28.00	0.000						
														
														
Date &Time [DD-MM-YYYY HH:MM:SS]	Time stamp code	Barometric pressure [hPa]	S WOT 0041 000001   , CH 1 phase [r.U.]	S WOT 0041 000001   , CH 1 temp [°C]	S WOT 0041 000001   , CH 1 O2 [% air saturation]	S WOT 0041 000001   , CH 2 phase [r.U.]	S WOT 0041 000001   , CH 2 temp [°C]	S WOT 0041 000001   , CH 2 O2 [% air saturation]	S WOT 0041 000001   , CH 3 phase [r.U.]	S WOT 0041 000001   , CH 3 temp [°C]	S WOT 0041 000001   , CH 3 O2 [% air saturation]	S WOT 0041 000001   , CH 4 phase [r.U.]	S WOT 0041 000001   , CH 4 temp [°C]	S WOT 0041 000001   , CH 4 O2 [% air saturation]
18/06/2018 9:12:22 PM	3612165142	1013.00	27.32	28.04	98.1	27.65	28.04	95.1	27.22	28.04	99.0	27.00	28.04	101.1
18/06/2018 9:12:23 PM	3612165143	1013.00	27.28	28.04	98.4	27.63	28.04	95.2	27.19	28.04	99.3	26.98	28.04	101.3
18/06/2018 9:12:24 PM	3612165144	1013.00	27.32	28.04	98.1	27.68	28.04	94.8	27.23	28.04	98.9	27.00	28.04	101.1
18/06/2018 9:12:25 PM	3612165145	1013.00	27.34	28.04	97.9	27.66	28.04	95.0	27.24	28.04	98.8	26.98	28.04	101.3
18/06/2018 9:12:26 PM	3612165146	1013.00	27.32	28.04	98.1	27.64	28.04	95.2	27.21	28.04	99.1	26.98	28.04	101.3
18/06/2018 9:12:27 PM	3612165147	1013.00	27.32	28.04	98.1	27.67	28.04	94.9	27.23	28.04	98.9	26.97	28.04	101.4
18/06/2018 9:12:28 PM	3612165148	1013.00	27.31	28.05	98.1	27.61	28.05	95.4	27.21	28.05	99.1	26.99	28.05	101.2
18/06/2018 9:12:29 PM	3612165149	1013.00	27.30	28.06	98.2	27.66	28.06	94.9	27.21	28.06	99.0	26.99	28.06	101.1
18/06/2018 9:12:30 PM	3612165150	1013.00	27.32	28.05	98.0	27.68	28.05	94.8	27.20	28.05	99.2	26.99	28.05	101.2
18/06/2018 9:12:31 PM	3612165151	1013.00	27.31	28.06	98.1	27.65	28.06	95.0	27.20	28.06	99.1	27.01	28.06	100.9
18/06/2018 9:12:32 PM	3612165152	1013.00	27.34	28.05	97.9	27.66	28.05	95.0	27.20	28.05	99.2	27.01	28.05	101.0
18/06/2018 9:12:33 PM	3612165153	1013.00	27.34	28.04	97.9	27.63	28.04	95.2	27.20	28.04	99.2	27.01	28.04	101.0
18/06/2018 9:12:34 PM	3612165154	1013.00	27.32	28.04	98.1	27.65	28.04	95.1	27.20	28.04	99.2	27.02	28.04	100.9
18/06/2018 9:12:35 PM	3612165155	1013.00	27.30	28.04	98.2	27.70	28.04	94.6	27.17	28.04	99.5	27.02	28.04	100.9
18/06/2018 9:12:36 PM	3612165156	1013.00	27.31	28.03	98.2	27.69	28.03	94.7	27.22	28.03	99.0	27.00	28.03	101.1
18/06/2018 9:12:37 PM	3612165157	1013.00	27.30	28.02	98.3	27.65	28.02	95.1	27.21	28.02	99.1	26.96	28.02	101.5
18/06/2018 9:12:38 PM	3612165158	1013.00	27.33	27.95	98.1	27.70	27.95	94.8	27.23	27.95	99.0	26.96	27.95	101.6
18/06/2018 9:12:39 PM	3612165159	1013.00	27.30	27.86	98.5	27.67	27.86	95.2	27.19	27.86	99.6	27.00	27.86	101.4
18/06/2018 9:12:40 PM	3612165160	1013.00	27.32	27.72	98.6	27.69	27.72	95.2	27.22	27.72	99.5	27.01	27.72	101.5
18/06/2018 9:12:41 PM	3612165161	1013.00	27.30	27.58	99.0	27.68	27.58	95.5	27.21	27.58	99.9	26.98	27.58	102.1
18/06/2018 9:12:42 PM	3612165162	1013.00	27.31	27.46	99.1	27.70	27.46	95.6	27.27	27.46	99.5	26.99	27.46	102.2
18/06/2018 9:12:43 PM	3612165163	1013.00	27.31	27.43	99.2	27.68	27.43	95.8	27.22	27.43	100.0	27.00	27.43	102.1
18/06/2018 9:12:44 PM	3612165164	1013.00	27.32	27.45	99.1	27.73	27.45	95.3	27.19	27.45	100.3	27.00	27.45	102.1
18/06/2018 9:12:45 PM	3612165165	1013.00	27.33	27.52	98.8	27.70	27.52	95.5	27.22	27.52	99.9	26.98	27.52	102.2
18/06/2018 9:12:46 PM	3612165166	1013.00	27.29	27.61	99.1	27.67	27.61	95.6	27.21	27.61	99.8	26.99	27.61	101.9
18/06/2018 9:12:47 PM	3612165167	1013.00	27.30	27.68	98.9	27.72	27.68	95.0	27.24	27.68	99.4	27.00	27.68	101.7
18/06/2018 9:12:48 PM	3612165168	1013.00	27.30	27.74	98.8	27.72	27.74	94.9	27.23	27.74	99.4	27.01	27.74	101.5
18/06/2018 9:12:49 PM	3612165169	1013.00	27.33	27.78	98.4	27.69	27.78	95.1	27.17	27.78	99.9	27.01	27.78	101.4
18/06/2018 9:12:50 PM	3612165170	1013.00	27.29	27.83	98.7	27.70	27.83	95.0	27.22	27.83	99.3	26.98	27.83	101.6
18/06/2018 9:12:51 PM	3612165171	1013.00	27.31	27.86	98.5	27.76	27.86	94.4	27.22	27.86	99.3	27.01	27.86	101.3
18/06/2018 9:12:52 PM	3612165172	1013.00	27.29	27.89	98.6	27.77	27.89	94.2	27.18	27.89	99.6	27.03	27.89	101.0
18/06/2018 9:12:53 PM	3612165173	1013.00	27.29	27.92	98.5	27.72	27.92	94.6	27.24	27.92	99.0	27.00	27.92	101.3
18/06/2018 9:12:54 PM	3612165174	1013.00	27.31	27.94	98.3	27.69	27.94	94.9	27.24	27.94	99.0	27.00	27.94	101.2
18/06/2018 9:12:55 PM	3612165175	1013.00	27.30	27.95	98.4	27.72	27.95	94.6	27.26	27.95	98.8	26.99	27.95	101.3
18/06/2018 9:12:56 PM	3612165176	1013.00	27.32	27.96	98.2	27.73	27.96	94.5	27.19	27.96	99.4	27.01	27.96	101.1
18/06/2018 9:12:57 PM	3612165177	1013.00	27.31	27.98	98.3	27.73	27.98	94.5	27.21	27.98	99.2	26.97	27.98	101.5
18/06/2018 9:12:58 PM	3612165178	1013.00	27.29	27.99	98.4	27.73	27.99	94.4	27.20	27.99	99.3	26.98	27.99	101.4
18/06/2018 9:12:59 PM	3612165179	1013.00	27.32	28.00	98.1	27.70	28.00	94.7	27.19	28.00	99.3	27.00	28.00	101.1
18/06/2018 9:13:00 PM	3612165180	1013.00	27.30	28.01	98.3	27.75	28.01	94.2	27.18	28.01	99.4	27.00	28.01	101.1
18/06/2018 9:13:01 PM	3612165181	1013.00	27.32	28.01	98.1	27.76	28.01	94.1	27.20	28.01	99.2	27.01	28.01	101.0
18/06/2018 9:13:02 PM	3612165182	1013.00	27.31	28.02	98.2	27.76	28.02	94.1	27.26	28.02	98.7	26.97	28.02	101.4
18/06/2018 9:13:03 PM	3612165183	1013.00	27.31	28.02	98.2	27.74	28.02	94.3	27.22	28.02	99.0	27.01	28.02	101.0
18/06/2018 9:13:04 PM	3612165184	1013.00	27.30	28.02	98.3	27.74	28.02	94.3	27.22	28.02	99.0	27.03	28.02	100.8
18/06/2018 9:13:05 PM	3612165185	1013.00	27.31	28.03	98.2	27.67	28.03	94.9	27.24	28.03	98.8	27.00	28.03	101.1
18/06/2018 9:13:06 PM	3612165186	1013.00	27.31	28.03	98.2	27.73	28.03	94.4	27.23	28.03	98.9	26.99	28.03	101.2
18/06/2018 9:13:07 PM	3612165187	1013.00	27.32	28.03	98.1	27.73	28.03	94.4	27.24	28.03	98.8	27.05	28.03	100.6
18/06/2018 9:13:08 PM	3612165188	1013.00	27.30	28.04	98.2	27.72	28.04	94.4	27.20	28.04	99.2	27.02	28.04	100.9
18/06/2018 9:13:09 PM	3612165189	1013.00	27.29	28.04	98.3	27.69	28.04	94.7	27.23	28.04	98.9	27.00	28.04	101.1
18/06/2018 9:13:10 PM	3612165190	1013.00	27.33	28.04	98.0	27.72	28.04	94.4	27.22	28.04	99.0	27.02	28.04	100.9
18/06/2018 9:13:11 PM	3612165191	1013.00	27.30	28.04	98.2	27.71	28.04	94.5	27.22	28.04	99.0	27.02	28.04	100.9
18/06/2018 9:13:12 PM	3612165192	1013.00	27.30	28.04	98.2	27.72	28.04	94.4	27.23	28.04	98.9	27.01	28.04	101.0
18/06/2018 9:13:13 PM	3612165193	1013.00	27.30	28.04	98.2	27.73	28.04	94.4	27.25	28.04	98.7	27.03	28.04	100.8
18/06/2018 9:13:14 PM	3612165194	1013.00	27.33	28.04	98.0	27.69	28.04	94.7	27.22	28.04	99.0	27.01	28.04	101.0
18/06/2018 9:13:15 PM	3612165195	1013.00	27.30	28.04	98.2	27.76	28.04	94.1	27.24	28.04	98.8	27.01	28.04	101.0
18/06/2018 9:13:16 PM	3612165196	1013.00	27.30	28.05	98.2	27.71	28.05	94.5	27.26	28.05	98.6	26.99	28.05	101.2
18/06/2018 9:13:17 PM	3612165197	1013.00	27.31	28.04	98.2	27.72	28.04	94.4	27.26	28.04	98.6	27.00	28.04	101.1
18/06/2018 9:13:18 PM	3612165198	1013.00	27.31	28.04	98.2	27.76	28.04	94.1	27.24	28.04	98.8	27.00	28.04	101.1
18/06/2018 9:13:19 PM	3612165199	1013.00	27.27	28.04	98.5	27.73	28.04	94.4	27.26	28.04	98.6	27.02	28.04	100.9
18/06/2018 9:13:20 PM	3612165200	1013.00	27.31	28.04	98.2	27.76	28.04	94.1	27.23	28.04	98.9	27.02	28.04	100.9
18/06/2018 9:13:21 PM	3612165201	1013.00	27.32	28.04	98.1	27.77	28.04	94.0	27.23	28.04	98.9	27.02	28.04	100.9
18/06/2018 9:13:22 PM	3612165202	1013.00	27.32	28.05	98.0	27.74	28.05	94.3	27.23	28.05	98.9	27.01	28.05	101.0
18/06/2018 9:13:23 PM	3612165203	1013.00	27.30	28.04	98.2	27.74	28.04	94.3	27.27	28.04	98.5	27.01	28.04	101.0
18/06/2018 9:13:24 PM	3612165204	1013.00	27.31	28.04	98.2	27.80	28.04	93.7	27.27	28.04	98.5	27.02	28.04	100.9
18/06/2018 9:13:25 PM	3612165205	1013.00	27.32	28.04	98.1	27.78	28.04	93.9	27.28	28.04	98.4	27.00	28.04	101.1
18/06/2018 9:13:26 PM	3612165206	1013.00	27.33	28.04	98.0	27.76	28.04	94.1	27.25	28.04	98.7	27.02	28.04	100.9
18/06/2018 9:13:27 PM	3612165207	1013.00	27.33	28.04	98.0	27.79	28.04	93.8	27.27	28.04	98.5	27.01	28.04	101.0
18/06/2018 9:13:28 PM	3612165208	1013.00	27.32	28.04	98.1	27.83	28.04	93.5	27.27	28.04	98.5	27.00	28.04	101.1
18/06/2018 9:13:29 PM	3612165209	1013.00	27.32	28.04	98.1	27.82	28.04	93.6	27.29	28.04	98.3	27.00	28.04	101.1
18/06/2018 9:13:30 PM	3612165210	1013.00	27.31	28.05	98.1	27.83	28.05	93.5	27.31	28.05	98.1	27.01	28.05	101.0
18/06/2018 9:13:31 PM	3612165211	1013.00	27.31	28.04	98.2	27.82	28.04	93.6	27.27	28.04	98.5	26.99	28.04	101.2
18/06/2018 9:13:32 PM	3612165212	1013.00	27.32	28.04	98.1	27.83	28.04	93.5	27.30	28.04	98.2	27.00	28.04	101.1
18/06/2018 9:13:33 PM	3612165213	1013.00	27.30	28.04	98.2	27.87	28.04	93.1	27.31	28.04	98.2	27.01	28.04	101.0
18/06/2018 9:13:34 PM	3612165214	1013.00	27.30	28.04	98.2	27.86	28.04	93.2	27.32	28.04	98.1	27.03	28.04	100.8
18/06/2018 9:13:35 PM	3612165215	1013.00	27.31	28.04	98.2	27.92	28.04	92.7	27.30	28.04	98.2	27.02	28.04	100.9
18/06/2018 9:13:36 PM	3612165216	1013.00	27.33	28.04	98.0	27.88	28.04	93.0	27.25	28.04	98.7	27.02	28.04	100.9
18/06/2018 9:13:37 PM	3612165217	1013.00	27.34	28.05	97.9	27.94	28.05	92.5	27.28	28.05	98.4	27.02	28.05	100.9
18/06/2018 9:13:38 PM	3612165218	1013.00	27.31	28.05	98.1	27.91	28.05	92.8	27.32	28.05	98.0	26.99	28.05	101.2
18/06/2018 9:13:39 PM	3612165219	1013.00	27.33	28.05	98.0	27.89	28.05	92.9	27.32	28.05	98.0	27.01	28.05	101.0
18/06/2018 9:13:40 PM	3612165220	1013.00	27.34	28.05	97.9	27.98	28.05	92.2	27.27	28.05	98.5	27.00	28.05	101.1
18/06/2018 9:13:41 PM	3612165221	1013.00	27.34	28.06	97.8	27.95	28.06	92.4	27.29	28.06	98.3	27.02	28.06	100.8
18/06/2018 9:13:42 PM	3612165222	1013.00	27.33	28.05	98.0	27.98	28.05	92.2	27.35	28.05	97.8	27.01	28.05	101.0
18/06/2018 9:13:43 PM	3612165223	1013.00	27.35	28.05	97.8	27.98	28.05	92.2	27.33	28.05	98.0	26.99	28.05	101.2
18/06/2018 9:13:44 PM	3612165224	1013.00	27.33	28.05	98.0	27.99	28.05	92.1	27.36	28.05	97.7	27.03	28.05	100.8
18/06/2018 9:13:45 PM	3612165225	1013.00	27.33	28.05	98.0	28.02	28.05	91.8	27.32	28.05	98.0	27.03	28.05	100.8
18/06/2018 9:13:46 PM	3612165226	1013.00	27.32	28.05	98.0	28.00	28.05	92.0	27.34	28.05	97.9	27.02	28.05	100.9
18/06/2018 9:13:47 PM	3612165227	1013.00	27.34	28.05	97.9	28.00	28.05	92.0	27.35	28.05	97.8	27.01	28.05	101.0
18/06/2018 9:13:48 PM	3612165228	1013.00	27.31	28.04	98.2	28.08	28.04	91.3	27.33	28.04	98.0	27.04	28.04	100.7
18/06/2018 9:13:49 PM	3612165229	1013.00	27.34	28.05	97.9	28.07	28.05	91.4	27.35	28.05	97.8	27.04	28.05	100.7
18/06/2018 9:13:50 PM	3612165230	1013.00	27.34	28.05	97.9	28.07	28.05	91.4	27.32	28.05	98.0	27.01	28.05	101.0
18/06/2018 9:13:51 PM	3612165231	1013.00	27.36	28.04	97.7	28.07	28.04	91.4	27.36	28.04	97.7	27.00	28.04	101.1
18/06/2018 9:13:52 PM	3612165232	1013.00	27.35	28.04	97.8	28.10	28.04	91.2	27.32	28.04	98.1	27.03	28.04	100.8
18/06/2018 9:13:53 PM	3612165233	1013.00	27.35	28.04	97.8	28.08	28.04	91.3	27.38	28.04	97.5	27.04	28.04	100.7
18/06/2018 9:13:54 PM	3612165234	1013.00	27.35	28.04	97.8	28.13	28.04	90.9	27.37	28.04	97.6	27.02	28.04	100.9
18/06/2018 9:13:55 PM	3612165235	1013.00	27.36	28.04	97.7	28.10	28.04	91.2	27.34	28.04	97.9	27.02	28.04	100.9
18/06/2018 9:13:56 PM	3612165236	1013.00	27.36	28.05	97.7	28.16	28.05	90.6	27.36	28.05	97.7	27.01	28.05	101.0
18/06/2018 9:13:57 PM	3612165237	1013.00	27.37	28.05	97.6	28.11	28.05	91.1	27.41	28.05	97.2	27.04	28.05	100.7
18/06/2018 9:13:58 PM	3612165238	1013.00	27.39	28.05	97.4	28.12	28.05	91.0	27.40	28.05	97.3	27.04	28.05	100.7
18/06/2018 9:13:59 PM	3612165239	1013.00	27.39	28.04	97.4	28.15	28.04	90.7	27.38	28.04	97.5	27.04	28.04	100.7
18/06/2018 9:14:00 PM	3612165240	1013.00	27.38	28.04	97.5	28.16	28.04	90.7	27.42	28.04	97.1	27.02	28.04	100.9
18/06/2018 9:14:01 PM	3612165241	1013.00	27.41	28.04	97.2	28.14	28.04	90.8	27.44	28.04	97.0	27.06	28.04	100.5
18/06/2018 9:14:02 PM	3612165242	1013.00	27.40	28.04	97.3	28.11	28.04	91.1	27.41	28.04	97.2	27.06	28.04	100.5
18/06/2018 9:14:03 PM	3612165243	1013.00	27.38	28.04	97.5	28.12	28.04	91.0	27.43	28.04	97.0	27.02	28.04	100.9
18/06/2018 9:14:04 PM	3612165244	1013.00	27.38	28.04	97.5	28.14	28.04	90.8	27.45	28.04	96.9	27.04	28.04	100.7
18/06/2018 9:14:05 PM	3612165245	1013.00	27.39	28.04	97.4	28.18	28.04	90.5	27.43	28.04	97.0	27.00	28.04	101.1
18/06/2018 9:14:06 PM	3612165246	1013.00	27.39	28.05	97.4	28.14	28.05	90.8	27.44	28.05	96.9	27.03	28.05	100.8
18/06/2018 9:14:07 PM	3612165247	1013.00	27.40	28.05	97.3	28.17	28.05	90.6	27.43	28.05	97.0	27.06	28.05	100.5
18/06/2018 9:14:08 PM	3612165248	1013.00	27.40	28.05	97.3	28.20	28.05	90.3	27.53	28.05	96.1	27.05	28.05	100.6
18/06/2018 9:14:09 PM	3612165249	1013.00	27.40	28.04	97.3	28.16	28.04	90.7	27.46	28.04	96.8	27.05	28.04	100.6
18/06/2018 9:14:10 PM	3612165250	1013.00	27.42	28.04	97.1	28.18	28.04	90.5	27.50	28.04	96.4	27.05	28.04	100.6
18/06/2018 9:14:11 PM	3612165251	1013.00	27.41	28.04	97.2	28.21	28.04	90.2	27.49	28.04	96.5	27.04	28.04	100.7
18/06/2018 9:14:12 PM	3612165252	1013.00	27.43	28.04	97.0	28.21	28.04	90.2	27.51	28.04	96.3	27.07	28.04	100.4
18/06/2018 9:14:13 PM	3612165253	1013.00	27.41	28.03	97.2	28.17	28.03	90.6	27.53	28.03	96.2	27.07	28.03	100.4
18/06/2018 9:14:14 PM	3612165254	1013.00	27.43	28.04	97.0	28.20	28.04	90.3	27.52	28.04	96.2	27.07	28.04	100.4
18/06/2018 9:14:15 PM	3612165255	1013.00	27.43	28.03	97.1	28.19	28.03	90.4	27.52	28.03	96.2	27.05	28.03	100.6
18/06/2018 9:14:16 PM	3612165256	1013.00	27.43	28.03	97.1	28.18	28.03	90.5	27.53	28.03	96.2	27.04	28.03	100.7
18/06/2018 9:14:17 PM	3612165257	1013.00	27.42	28.04	97.1	28.17	28.04	90.6	27.57	28.04	95.8	27.05	28.04	100.6
18/06/2018 9:14:18 PM	3612165258	1013.00	27.42	28.05	97.1	28.20	28.05	90.3	27.55	28.05	95.9	27.09	28.05	100.2
18/06/2018 9:14:19 PM	3612165259	1013.00	27.45	28.05	96.8	28.24	28.05	90.0	27.53	28.05	96.1	27.07	28.05	100.4
18/06/2018 9:14:20 PM	3612165260	1013.00	27.42	28.05	97.1	28.21	28.05	90.2	27.53	28.05	96.1	27.03	28.05	100.8
18/06/2018 9:14:21 PM	3612165261	1013.00	27.42	28.05	97.1	28.19	28.05	90.4	27.59	28.05	95.6	27.05	28.05	100.6
18/06/2018 9:14:22 PM	3612165262	1013.00	27.44	28.05	96.9	28.23	28.05	90.1	27.58	28.05	95.7	27.07	28.05	100.4
18/06/2018 9:14:23 PM	3612165263	1013.00	27.44	28.05	96.9	28.23	28.05	90.1	27.57	28.05	95.8	27.06	28.05	100.5
18/06/2018 9:14:24 PM	3612165264	1013.00	27.46	28.05	96.8	28.25	28.05	89.9	27.57	28.05	95.8	27.03	28.05	100.8
18/06/2018 9:14:25 PM	3612165265	1013.00	27.47	28.06	96.7	28.20	28.06	90.3	27.57	28.06	95.7	27.05	28.06	100.6
18/06/2018 9:14:26 PM	3612165266	1013.00	27.46	28.05	96.8	28.23	28.05	90.1	27.58	28.05	95.7	27.05	28.05	100.6
18/06/2018 9:14:27 PM	3612165267	1013.00	27.44	28.06	96.9	28.26	28.06	89.8	27.57	28.06	95.7	27.04	28.06	100.7
18/06/2018 9:14:28 PM	3612165268	1013.00	27.47	28.06	96.7	28.21	28.06	90.2	27.55	28.06	95.9	27.07	28.06	100.4
18/06/2018 9:14:29 PM	3612165269	1013.00	27.46	28.06	96.7	28.22	28.06	90.1	27.61	28.06	95.4	27.07	28.06	100.4
18/06/2018 9:14:30 PM	3612165270	1013.00	27.47	28.05	96.7	28.19	28.05	90.4	27.58	28.05	95.7	27.07	28.05	100.4
18/06/2018 9:14:31 PM	3612165271	1013.00	27.47	28.05	96.7	28.21	28.05	90.2	27.57	28.05	95.8	27.07	28.05	100.4
18/06/2018 9:14:32 PM	3612165272	1013.00	27.46	28.05	96.8	28.25	28.05	89.9	27.60	28.05	95.5	27.06	28.05	100.5
18/06/2018 9:14:33 PM	3612165273	1013.00	27.48	28.04	96.6	28.22	28.04	90.2	27.65	28.04	95.1	27.12	28.04	99.9
18/06/2018 9:14:34 PM	3612165274	1013.00	27.49	28.04	96.5	28.24	28.04	90.0	27.59	28.04	95.6	27.06	28.04	100.5
18/06/2018 9:14:35 PM	3612165275	1013.00	27.48	28.05	96.6	28.24	28.05	90.0	27.63	28.05	95.2	27.08	28.05	100.3
18/06/2018 9:14:36 PM	3612165276	1013.00	27.50	28.06	96.4	28.28	28.06	89.6	27.59	28.06	95.6	27.09	28.06	100.2
18/06/2018 9:14:37 PM	3612165277	1013.00	27.50	28.05	96.4	28.26	28.05	89.8	27.61	28.05	95.4	27.09	28.05	100.2
18/06/2018 9:14:38 PM	3612165278	1013.00	27.48	28.06	96.6	28.21	28.06	90.2	27.64	28.06	95.1	27.08	28.06	100.3
18/06/2018 9:14:39 PM	3612165279	1013.00	27.50	28.06	96.4	28.24	28.06	90.0	27.63	28.06	95.2	27.07	28.06	100.4
18/06/2018 9:14:40 PM	3612165280	1013.00	27.51	28.07	96.3	28.27	28.07	89.7	27.61	28.07	95.4	27.10	28.07	100.1
18/06/2018 9:14:41 PM	3612165281	1013.00	27.51	28.07	96.3	28.24	28.07	89.9	27.62	28.07	95.3	27.13	28.07	99.8
18/06/2018 9:14:42 PM	3612165282	1013.00	27.49	28.07	96.5	28.26	28.07	89.8	27.67	28.07	94.8	27.09	28.07	100.2
18/06/2018 9:14:43 PM	3612165283	1013.00	27.49	28.06	96.5	28.25	28.06	89.9	27.66	28.06	94.9	27.11	28.06	100.0
18/06/2018 9:14:44 PM	3612165284	1013.00	27.48	28.07	96.5	28.27	28.07	89.7	27.63	28.07	95.2	27.11	28.07	100.0
18/06/2018 9:14:45 PM	3612165285	1013.00	27.52	28.05	96.2	28.26	28.05	89.8	27.65	28.05	95.0	27.10	28.05	100.1
18/06/2018 9:14:46 PM	3612165286	1013.00	27.53	28.05	96.1	28.25	28.05	89.9	27.69	28.05	94.7	27.08	28.05	100.3
18/06/2018 9:14:47 PM	3612165287	1013.00	27.55	28.05	95.9	28.26	28.05	89.8	27.69	28.05	94.7	27.08	28.05	100.3
18/06/2018 9:14:48 PM	3612165288	1013.00	27.55	28.05	95.9	28.30	28.05	89.5	27.74	28.05	94.3	27.11	28.05	100.0
18/06/2018 9:14:49 PM	3612165289	1013.00	27.54	28.04	96.1	28.25	28.04	89.9	27.73	28.04	94.4	27.13	28.04	99.8
18/06/2018 9:14:50 PM	3612165290	1013.00	27.55	28.05	95.9	28.24	28.05	90.0	27.75	28.05	94.2	27.07	28.05	100.4
18/06/2018 9:14:51 PM	3612165291	1013.00	27.56	28.05	95.9	28.25	28.05	89.9	27.77	28.05	94.0	27.13	28.05	99.8
18/06/2018 9:14:52 PM	3612165292	1013.00	27.58	28.05	95.7	28.29	28.05	89.6	27.76	28.05	94.1	27.12	28.05	99.9
18/06/2018 9:14:53 PM	3612165293	1013.00	27.57	28.06	95.7	28.25	28.06	89.9	27.77	28.06	94.0	27.12	28.06	99.9
18/06/2018 9:14:54 PM	3612165294	1013.00	27.56	28.06	95.8	28.23	28.06	90.0	27.78	28.06	93.9	27.11	28.06	100.0
18/06/2018 9:14:55 PM	3612165295	1013.00	27.57	28.06	95.7	28.25	28.06	89.9	27.75	28.06	94.1	27.09	28.06	100.2
18/06/2018 9:14:56 PM	3612165296	1013.00	27.58	28.05	95.7	28.29	28.05	89.6	27.78	28.05	93.9	27.12	28.05	99.9
18/06/2018 9:14:57 PM	3612165297	1013.00	27.60	28.06	95.5	28.30	28.06	89.5	27.78	28.06	93.9	27.11	28.06	100.0
18/06/2018 9:14:58 PM	3612165298	1013.00	27.57	28.06	95.7	28.25	28.06	89.9	27.80	28.06	93.7	27.12	28.06	99.9
18/06/2018 9:14:59 PM	3612165299	1013.00	27.59	28.06	95.6	28.32	28.06	89.3	27.82	28.06	93.5	27.11	28.06	100.0
18/06/2018 9:15:00 PM	3612165300	1013.00	27.64	28.06	95.1	28.30	28.06	89.5	27.80	28.06	93.7	27.10	28.06	100.1
18/06/2018 9:15:01 PM	3612165301	1013.00	27.60	28.07	95.5	28.31	28.07	89.4	27.82	28.07	93.5	27.14	28.07	99.7
18/06/2018 9:15:02 PM	3612165302	1013.00	27.61	28.06	95.4	28.29	28.06	89.5	27.79	28.06	93.8	27.13	28.06	99.8
18/06/2018 9:15:03 PM	3612165303	1013.00	27.62	28.06	95.3	28.29	28.06	89.5	27.84	28.06	93.4	27.12	28.06	99.9
18/06/2018 9:15:04 PM	3612165304	1013.00	27.64	28.06	95.1	28.30	28.06	89.5	27.83	28.06	93.4	27.14	28.06	99.7
18/06/2018 9:15:05 PM	3612165305	1013.00	27.59	28.06	95.6	28.26	28.06	89.8	27.82	28.06	93.5	27.15	28.06	99.6
18/06/2018 9:15:06 PM	3612165306	1013.00	27.63	28.06	95.2	28.30	28.06	89.5	27.84	28.06	93.4	27.14	28.06	99.7
18/06/2018 9:15:07 PM	3612165307	1013.00	27.58	28.06	95.7	28.30	28.06	89.5	27.80	28.06	93.7	27.12	28.06	99.9
18/06/2018 9:15:08 PM	3612165308	1013.00	27.62	28.06	95.3	28.25	28.06	89.9	27.86	28.06	93.2	27.09	28.06	100.2
18/06/2018 9:15:09 PM	3612165309	1013.00	27.63	28.06	95.2	28.28	28.06	89.6	27.83	28.06	93.4	27.15	28.06	99.6
18/06/2018 9:15:10 PM	3612165310	1013.00	27.63	28.06	95.2	28.33	28.06	89.2	27.85	28.06	93.3	27.13	28.06	99.8
18/06/2018 9:15:11 PM	3612165311	1013.00	27.62	28.06	95.3	28.31	28.06	89.4	27.84	28.06	93.4	27.15	28.06	99.6
18/06/2018 9:15:12 PM	3612165312	1013.00	27.64	28.06	95.1	28.29	28.06	89.5	27.85	28.06	93.3	27.15	28.06	99.6
18/06/2018 9:15:13 PM	3612165313	1013.00	27.66	28.06	94.9	28.29	28.06	89.5	27.81	28.06	93.6	27.12	28.06	99.9
18/06/2018 9:15:14 PM	3612165314	1013.00	27.64	28.05	95.1	28.29	28.05	89.6	27.83	28.05	93.5	27.13	28.05	99.8
18/06/2018 9:15:15 PM	3612165315	1013.00	27.66	28.06	94.9	28.33	28.06	89.2	27.85	28.06	93.3	27.15	28.06	99.6
18/06/2018 9:15:16 PM	3612165316	1013.00	27.66	28.06	94.9	28.34	28.06	89.1	27.84	28.06	93.4	27.15	28.06	99.6
18/06/2018 9:15:17 PM	3612165317	1013.00	27.69	28.07	94.7	28.30	28.07	89.4	27.90	28.07	92.8	27.14	28.07	99.7
18/06/2018 9:15:18 PM	3612165318	1013.00	27.68	28.07	94.7	28.35	28.07	89.0	27.86	28.07	93.2	27.14	28.07	99.7
18/06/2018 9:15:19 PM	3612165319	1013.00	27.70	28.07	94.6	28.41	28.07	88.5	27.88	28.07	93.0	27.13	28.07	99.8
18/06/2018 9:15:20 PM	3612165320	1013.00	27.68	28.07	94.7	28.37	28.07	88.9	27.92	28.07	92.7	27.16	28.07	99.5
18/06/2018 9:15:21 PM	3612165321	1013.00	27.70	28.07	94.6	28.46	28.07	88.1	27.86	28.07	93.2	27.12	28.07	99.9
18/06/2018 9:15:22 PM	3612165322	1013.00	27.72	28.06	94.4	28.47	28.06	88.1	27.88	28.06	93.0	27.15	28.06	99.6
18/06/2018 9:15:23 PM	3612165323	1013.00	27.71	28.05	94.5	28.47	28.05	88.1	27.91	28.05	92.8	27.14	28.05	99.7
18/06/2018 9:15:24 PM	3612165324	1013.00	27.71	28.05	94.5	28.51	28.05	87.8	27.87	28.05	93.1	27.13	28.05	99.8
18/06/2018 9:15:25 PM	3612165325	1013.00	27.71	28.06	94.5	28.58	28.06	87.2	27.90	28.06	92.8	27.15	28.06	99.6
18/06/2018 9:15:26 PM	3612165326	1013.00	27.71	28.06	94.5	28.54	28.06	87.5	27.91	28.06	92.8	27.17	28.06	99.4
18/06/2018 9:15:27 PM	3612165327	1013.00	27.72	28.06	94.4	28.58	28.06	87.2	27.92	28.06	92.7	27.16	28.06	99.5
18/06/2018 9:15:28 PM	3612165328	1013.00	27.72	28.07	94.4	28.53	28.07	87.6	27.90	28.07	92.8	27.13	28.07	99.8
18/06/2018 9:15:29 PM	3612165329	1013.00	27.72	28.07	94.4	28.59	28.07	87.1	27.90	28.07	92.8	27.14	28.07	99.7
18/06/2018 9:15:30 PM	3612165330	1013.00	27.73	28.06	94.3	28.59	28.06	87.1	27.93	28.06	92.6	27.10	28.06	100.1
18/06/2018 9:15:31 PM	3612165331	1013.00	27.72	28.07	94.4	28.57	28.07	87.2	27.94	28.07	92.5	27.16	28.07	99.5
18/06/2018 9:15:32 PM	3612165332	1013.00	27.74	28.07	94.2	28.63	28.07	86.8	27.95	28.07	92.4	27.15	28.07	99.6
18/06/2018 9:15:33 PM	3612165333	1013.00	27.75	28.07	94.1	28.62	28.07	86.8	27.92	28.07	92.7	27.15	28.07	99.6
18/06/2018 9:15:34 PM	3612165334	1013.00	27.72	28.08	94.4	28.64	28.08	86.7	27.91	28.08	92.7	27.17	28.08	99.4
18/06/2018 9:15:35 PM	3612165335	1013.00	27.73	28.08	94.3	28.67	28.08	86.4	27.91	28.08	92.7	27.13	28.08	99.8
18/06/2018 9:15:36 PM	3612165336	1013.00	27.78	28.08	93.9	28.67	28.08	86.4	27.95	28.08	92.4	27.12	28.08	99.9
18/06/2018 9:15:37 PM	3612165337	1013.00	27.74	28.08	94.2	28.69	28.08	86.3	27.91	28.08	92.7	27.16	28.08	99.5
18/06/2018 9:15:38 PM	3612165338	1013.00	27.78	28.08	93.9	28.60	28.08	87.0	27.97	28.08	92.2	27.15	28.08	99.6
18/06/2018 9:15:39 PM	3612165339	1013.00	27.78	28.08	93.9	28.66	28.08	86.5	27.94	28.08	92.5	27.15	28.08	99.6
18/06/2018 9:15:40 PM	3612165340	1013.00	27.76	28.08	94.0	28.74	28.08	85.9	27.99	28.08	92.0	27.17	28.08	99.4
18/06/2018 9:15:41 PM	3612165341	1013.00	27.76	28.07	94.0	28.68	28.07	86.4	27.99	28.07	92.0	27.17	28.07	99.4
18/06/2018 9:15:42 PM	3612165342	1013.00	27.80	28.07	93.7	28.72	28.07	86.1	28.02	28.07	91.8	27.15	28.07	99.6
18/06/2018 9:15:43 PM	3612165343	1013.00	27.80	28.06	93.7	28.69	28.06	86.3	28.03	28.06	91.7	27.14	28.06	99.7
18/06/2018 9:15:44 PM	3612165344	1013.00	27.81	28.06	93.6	28.75	28.06	85.8	28.08	28.06	91.3	27.14	28.06	99.7
18/06/2018 9:15:45 PM	3612165345	1013.00	27.82	28.07	93.5	28.75	28.07	85.8	28.06	28.07	91.5	27.17	28.07	99.4
18/06/2018 9:15:46 PM	3612165346	1013.00	27.81	28.07	93.6	28.77	28.07	85.7	28.03	28.07	91.7	27.14	28.07	99.7
18/06/2018 9:15:47 PM	3612165347	1013.00	27.83	28.07	93.4	28.75	28.07	85.8	28.08	28.07	91.3	27.14	28.07	99.7
18/06/2018 9:15:48 PM	3612165348	1013.00	27.85	28.08	93.2	28.74	28.08	85.9	28.08	28.08	91.3	27.14	28.08	99.7
18/06/2018 9:15:49 PM	3612165349	1013.00	27.82	28.08	93.5	28.77	28.08	85.6	28.12	28.08	90.9	27.15	28.08	99.6
18/06/2018 9:15:50 PM	3612165350	1013.00	27.83	28.08	93.4	28.78	28.08	85.6	28.05	28.08	91.5	27.18	28.08	99.3
18/06/2018 9:15:51 PM	3612165351	1013.00	27.82	28.08	93.5	28.80	28.08	85.4	28.10	28.08	91.1	27.15	28.08	99.6
18/06/2018 9:15:52 PM	3612165352	1013.00	27.86	28.08	93.2	28.80	28.08	85.4	28.12	28.08	90.9	27.15	28.08	99.6
18/06/2018 9:15:53 PM	3612165353	1013.00	27.86	28.07	93.2	28.80	28.07	85.4	28.12	28.07	90.9	27.16	28.07	99.5
18/06/2018 9:15:54 PM	3612165354	1013.00	27.85	28.06	93.3	28.79	28.06	85.5	28.10	28.06	91.1	27.18	28.06	99.3
18/06/2018 9:15:55 PM	3612165355	1013.00	27.86	28.06	93.2	28.77	28.06	85.7	28.11	28.06	91.0	27.17	28.06	99.4
18/06/2018 9:15:56 PM	3612165356	1013.00	27.85	28.07	93.3	28.81	28.07	85.3	28.12	28.07	90.9	27.15	28.07	99.6
18/06/2018 9:15:57 PM	3612165357	1013.00	27.84	28.07	93.3	28.81	28.07	85.3	28.12	28.07	90.9	27.17	28.07	99.4
18/06/2018 9:15:58 PM	3612165358	1013.00	27.90	28.07	92.8	28.85	28.07	85.0	28.11	28.07	91.0	27.18	28.07	99.3
18/06/2018 9:15:59 PM	3612165359	1013.00	27.89	28.07	92.9	28.85	28.07	85.0	28.11	28.07	91.0	27.17	28.07	99.4
18/06/2018 9:16:00 PM	3612165360	1013.00	27.92	28.07	92.7	28.81	28.07	85.3	28.12	28.07	90.9	27.17	28.07	99.4
18/06/2018 9:16:01 PM	3612165361	1013.00	27.93	28.07	92.6	28.86	28.07	85.0	28.15	28.07	90.7	27.18	28.07	99.3
18/06/2018 9:16:02 PM	3612165362	1013.00	27.91	28.06	92.8	28.88	28.06	84.8	28.10	28.06	91.1	27.19	28.06	99.2
18/06/2018 9:16:03 PM	3612165363	1013.00	27.89	28.07	92.9	28.89	28.07	84.7	28.17	28.07	90.5	27.19	28.07	99.2
18/06/2018 9:16:04 PM	3612165364	1013.00	27.93	28.07	92.6	28.85	28.07	85.0	28.13	28.07	90.9	27.16	28.07	99.5
18/06/2018 9:16:05 PM	3612165365	1013.00	27.90	28.06	92.8	28.89	28.06	84.7	28.15	28.06	90.7	27.16	28.06	99.5
18/06/2018 9:16:06 PM	3612165366	1013.00	27.92	28.07	92.7	28.85	28.07	85.0	28.18	28.07	90.4	27.19	28.07	99.2
18/06/2018 9:16:07 PM	3612165367	1013.00	27.92	28.08	92.6	28.86	28.08	84.9	28.17	28.08	90.5	27.18	28.08	99.3
18/06/2018 9:16:08 PM	3612165368	1013.00	27.95	28.07	92.4	28.87	28.07	84.9	28.16	28.07	90.6	27.20	28.07	99.1
18/06/2018 9:16:09 PM	3612165369	1013.00	27.92	28.07	92.7	28.88	28.07	84.8	28.21	28.07	90.2	27.18	28.07	99.3
18/06/2018 9:16:10 PM	3612165370	1013.00	27.93	28.08	92.5	28.86	28.08	84.9	28.15	28.08	90.7	27.18	28.08	99.3
18/06/2018 9:16:11 PM	3612165371	1013.00	27.96	28.08	92.3	28.91	28.08	84.6	28.17	28.08	90.5	27.19	28.08	99.2
18/06/2018 9:16:12 PM	3612165372	1013.00	27.95	28.08	92.4	28.87	28.08	84.9	28.18	28.08	90.4	27.21	28.08	99.0
18/06/2018 9:16:13 PM	3612165373	1013.00	27.97	28.08	92.2	28.84	28.08	85.1	28.14	28.08	90.8	27.19	28.08	99.2
18/06/2018 9:16:14 PM	3612165374	1013.00	27.93	28.07	92.6	28.91	28.07	84.6	28.17	28.07	90.5	27.21	28.07	99.0
18/06/2018 9:16:15 PM	3612165375	1013.00	27.96	28.07	92.3	28.89	28.07	84.7	28.22	28.07	90.1	27.19	28.07	99.2
18/06/2018 9:16:16 PM	3612165376	1013.00	27.98	28.07	92.1	28.89	28.07	84.7	28.16	28.07	90.6	27.20	28.07	99.1
18/06/2018 9:16:17 PM	3612165377	1013.00	27.97	28.07	92.2	28.88	28.07	84.8	28.24	28.07	89.9	27.19	28.07	99.2
18/06/2018 9:16:18 PM	3612165378	1013.00	27.98	28.08	92.1	28.92	28.08	84.5	28.19	28.08	90.3	27.18	28.08	99.3
18/06/2018 9:16:19 PM	3612165379	1013.00	27.99	28.07	92.0	28.91	28.07	84.6	28.17	28.07	90.5	27.21	28.07	99.0
18/06/2018 9:16:20 PM	3612165380	1013.00	28.00	28.07	92.0	28.93	28.07	84.4	28.19	28.07	90.4	27.23	28.07	98.8
18/06/2018 9:16:21 PM	3612165381	1013.00	27.98	28.07	92.1	28.97	28.07	84.1	28.17	28.07	90.5	27.20	28.07	99.1
18/06/2018 9:16:22 PM	3612165382	1013.00	28.03	28.08	91.7	28.90	28.08	84.6	28.17	28.08	90.5	27.21	28.08	99.0
18/06/2018 9:16:23 PM	3612165383	1013.00	28.02	28.07	91.8	28.90	28.07	84.6	28.17	28.07	90.5	27.20	28.07	99.1
18/06/2018 9:16:24 PM	3612165384	1013.00	28.02	28.07	91.8	28.90	28.07	84.6	28.20	28.07	90.3	27.21	28.07	99.0
18/06/2018 9:16:25 PM	3612165385	1013.00	27.99	28.07	92.0	28.95	28.07	84.3	28.18	28.07	90.4	27.23	28.07	98.8
18/06/2018 9:16:26 PM	3612165386	1013.00	28.02	28.08	91.8	28.93	28.08	84.4	28.19	28.08	90.3	27.19	28.08	99.2
18/06/2018 9:16:27 PM	3612165387	1013.00	28.05	28.07	91.5	28.89	28.07	84.7	28.22	28.07	90.1	27.21	28.07	99.0
18/06/2018 9:16:28 PM	3612165388	1013.00	28.02	28.08	91.8	28.92	28.08	84.5	28.21	28.08	90.2	27.21	28.08	99.0
18/06/2018 9:16:29 PM	3612165389	1013.00	28.03	28.08	91.7	28.89	28.08	84.7	28.24	28.08	89.9	27.22	28.08	98.9
18/06/2018 9:16:30 PM	3612165390	1013.00	28.05	28.08	91.5	28.96	28.08	84.2	28.17	28.08	90.5	27.22	28.08	98.9
18/06/2018 9:16:31 PM	3612165391	1013.00	28.07	28.08	91.4	28.94	28.08	84.3	28.19	28.08	90.3	27.25	28.08	98.6
18/06/2018 9:16:32 PM	3612165392	1013.00	28.06	28.08	91.4	28.93	28.08	84.4	28.20	28.08	90.3	27.25	28.08	98.6
18/06/2018 9:16:33 PM	3612165393	1013.00	28.05	28.08	91.5	28.91	28.08	84.6	28.22	28.08	90.1	27.24	28.08	98.7
18/06/2018 9:16:34 PM	3612165394	1013.00	28.07	28.07	91.4	28.98	28.07	84.0	28.18	28.07	90.4	27.23	28.07	98.8
18/06/2018 9:16:35 PM	3612165395	1013.00	28.10	28.07	91.1	28.93	28.07	84.4	28.21	28.07	90.2	27.25	28.07	98.7
18/06/2018 9:16:36 PM	3612165396	1013.00	28.08	28.08	91.3	28.97	28.08	84.1	28.18	28.08	90.4	27.23	28.08	98.8
18/06/2018 9:16:37 PM	3612165397	1013.00	28.11	28.07	91.0	28.94	28.07	84.3	28.19	28.07	90.4	27.20	28.07	99.1
18/06/2018 9:16:38 PM	3612165398	1013.00	28.08	28.07	91.3	28.99	28.07	84.0	28.20	28.07	90.3	27.26	28.07	98.6
18/06/2018 9:16:39 PM	3612165399	1013.00	28.10	28.08	91.1	28.92	28.08	84.5	28.21	28.08	90.2	27.22	28.08	98.9
18/06/2018 9:16:40 PM	3612165400	1013.00	28.12	28.08	90.9	29.01	28.08	83.8	28.21	28.08	90.2	27.23	28.08	98.8
18/06/2018 9:16:41 PM	3612165401	1013.00	28.11	28.07	91.0	28.99	28.07	84.0	28.21	28.07	90.2	27.25	28.07	98.7
18/06/2018 9:16:42 PM	3612165402	1013.00	28.10	28.07	91.1	28.97	28.07	84.1	28.22	28.07	90.1	27.23	28.07	98.8
18/06/2018 9:16:43 PM	3612165403	1013.00	28.11	28.08	91.0	29.02	28.08	83.7	28.23	28.08	90.0	27.23	28.08	98.8
18/06/2018 9:16:44 PM	3612165404	1013.00	28.14	28.07	90.8	29.05	28.07	83.5	28.24	28.07	89.9	27.23	28.07	98.8
18/06/2018 9:16:45 PM	3612165405	1013.00	28.10	28.07	91.1	29.02	28.07	83.7	28.27	28.07	89.7	27.23	28.07	98.8
18/06/2018 9:16:46 PM	3612165406	1013.00	28.12	28.07	90.9	29.08	28.07	83.3	28.28	28.07	89.6	27.23	28.07	98.8
18/06/2018 9:16:47 PM	3612165407	1013.00	28.17	28.08	90.5	29.07	28.08	83.3	28.27	28.08	89.7	27.23	28.08	98.8
18/06/2018 9:16:48 PM	3612165408	1013.00	28.17	28.08	90.5	29.10	28.08	83.1	28.30	28.08	89.4	27.25	28.08	98.6
18/06/2018 9:16:49 PM	3612165409	1013.00	28.16	28.08	90.6	29.10	28.08	83.1	28.31	28.08	89.3	27.26	28.08	98.5
18/06/2018 9:16:50 PM	3612165410	1013.00	28.18	28.09	90.4	29.12	28.09	82.9	28.35	28.09	89.0	27.25	28.09	98.6
18/06/2018 9:16:51 PM	3612165411	1013.00	28.15	28.09	90.7	29.16	28.09	82.6	28.28	28.09	89.6	27.25	28.09	98.6
18/06/2018 9:16:52 PM	3612165412	1013.00	28.17	28.08	90.5	29.14	28.08	82.8	28.30	28.08	89.4	27.26	28.08	98.5
18/06/2018 9:16:53 PM	3612165413	1013.00	28.19	28.08	90.3	29.18	28.08	82.5	28.31	28.08	89.3	27.27	28.08	98.5
18/06/2018 9:16:54 PM	3612165414	1013.00	28.18	28.08	90.4	29.13	28.08	82.9	28.31	28.08	89.3	27.26	28.08	98.5
18/06/2018 9:16:55 PM	3612165415	1013.00	28.18	28.08	90.4	29.18	28.08	82.5	28.34	28.08	89.1	27.28	28.08	98.4
18/06/2018 9:16:56 PM	3612165416	1013.00	28.19	28.09	90.3	28.16	28.09	90.6	28.31	28.09	89.3	27.27	28.09	98.4
18/06/2018 9:16:57 PM	3612165417	1013.00	28.19	28.09	90.3	29.25	28.09	82.0	28.33	28.09	89.2	27.26	28.09	98.5
18/06/2018 9:16:58 PM	3612165418	1013.00	28.22	28.08	90.1	29.22	28.08	82.2	28.33	28.08	89.2	27.27	28.08	98.5
18/06/2018 9:16:59 PM	3612165419	1013.00	28.23	28.09	90.0	29.28	28.09	81.7	28.34	28.09	89.1	27.27	28.09	98.4
18/06/2018 9:17:00 PM	3612165420	1013.00	28.23	28.09	90.0	29.25	28.09	82.0	28.32	28.09	89.2	27.31	28.09	98.1
18/06/2018 9:17:01 PM	3612165421	1013.00	28.22	28.09	90.1	29.32	28.09	81.4	28.33	28.09	89.2	27.25	28.09	98.6
18/06/2018 9:17:02 PM	3612165422	1013.00	28.26	28.09	89.7	29.29	28.09	81.7	28.36	28.09	88.9	27.28	28.09	98.3
18/06/2018 9:17:03 PM	3612165423	1013.00	28.26	28.09	89.7	29.32	28.09	81.4	28.36	28.09	88.9	27.27	28.09	98.4
18/06/2018 9:17:04 PM	3612165424	1013.00	28.23	28.08	90.0	29.32	28.08	81.5	28.36	28.08	88.9	27.25	28.08	98.6
18/06/2018 9:17:05 PM	3612165425	1013.00	28.25	28.08	89.8	29.31	28.08	81.5	28.35	28.08	89.0	27.28	28.08	98.4
18/06/2018 9:17:06 PM	3612165426	1013.00	28.26	28.08	89.8	29.36	28.08	81.2	28.34	28.08	89.1	27.28	28.08	98.4
18/06/2018 9:17:07 PM	3612165427	1013.00	28.24	28.08	89.9	29.39	28.08	80.9	28.39	28.08	88.7	27.29	28.08	98.3
18/06/2018 9:17:08 PM	3612165428	1013.00	28.28	28.08	89.6	29.43	28.08	80.7	28.37	28.08	88.9	27.31	28.08	98.1
18/06/2018 9:17:09 PM	3612165429	1013.00	28.29	28.09	89.5	29.40	28.09	80.9	28.38	28.09	88.8	27.29	28.09	98.3
18/06/2018 9:17:10 PM	3612165430	1013.00	28.31	28.09	89.3	29.40	28.09	80.9	28.39	28.09	88.7	27.30	28.09	98.2
18/06/2018 9:17:11 PM	3612165431	1013.00	28.31	28.09	89.3	29.42	28.09	80.7	28.39	28.09	88.7	27.30	28.09	98.2
18/06/2018 9:17:12 PM	3612165432	1013.00	28.29	28.08	89.5	29.39	28.08	80.9	28.35	28.08	89.0	27.31	28.08	98.1
18/06/2018 9:17:13 PM	3612165433	1013.00	28.28	28.09	89.6	29.52	28.09	80.0	28.35	28.09	89.0	27.31	28.09	98.1
18/06/2018 9:17:14 PM	3612165434	1013.00	28.29	28.08	89.5	29.43	28.08	80.7	28.39	28.08	88.7	27.30	28.08	98.2
18/06/2018 9:17:15 PM	3612165435	1013.00	28.32	28.08	89.3	29.45	28.08	80.5	28.38	28.08	88.8	27.32	28.08	98.0
18/06/2018 9:17:16 PM	3612165436	1013.00	28.30	28.09	89.4	29.50	28.09	80.1	28.40	28.09	88.6	27.31	28.09	98.1
18/06/2018 9:17:17 PM	3612165437	1013.00	28.31	28.09	89.3	29.53	28.09	79.9	28.43	28.09	88.3	27.30	28.09	98.2
18/06/2018 9:17:18 PM	3612165438	1013.00	28.30	28.08	89.4	29.48	28.08	80.3	28.38	28.08	88.8	27.31	28.08	98.1
18/06/2018 9:17:19 PM	3612165439	1013.00	28.34	28.09	89.1	29.50	28.09	80.1	28.45	28.09	88.2	27.32	28.09	98.0
18/06/2018 9:17:20 PM	3612165440	1013.00	28.34	28.08	89.1	29.51	28.08	80.1	28.39	28.08	88.7	27.33	28.08	97.9
18/06/2018 9:17:21 PM	3612165441	1013.00	28.35	28.09	89.0	29.51	28.09	80.1	28.40	28.09	88.6	27.32	28.09	98.0
18/06/2018 9:17:22 PM	3612165442	1013.00	28.33	28.09	89.2	29.51	28.09	80.1	28.41	28.09	88.5	27.31	28.09	98.1
18/06/2018 9:17:23 PM	3612165443	1013.00	28.34	28.09	89.1	29.59	28.09	79.5	28.42	28.09	88.4	27.30	28.09	98.2
18/06/2018 9:17:24 PM	3612165444	1013.00	28.37	28.10	88.8	29.57	28.10	79.6	28.41	28.10	88.5	27.29	28.10	98.2
18/06/2018 9:17:25 PM	3612165445	1013.00	28.36	28.09	88.9	29.56	28.09	79.7	28.43	28.09	88.3	27.31	28.09	98.1
18/06/2018 9:17:26 PM	3612165446	1013.00	28.38	28.09	88.8	29.56	28.09	79.7	28.43	28.09	88.3	27.31	28.09	98.1
18/06/2018 9:17:27 PM	3612165447	1013.00	28.37	28.10	88.8	29.58	28.10	79.5	28.47	28.10	88.0	27.32	28.10	98.0
18/06/2018 9:17:28 PM	3612165448	1013.00	28.37	28.09	88.8	29.58	28.09	79.6	28.45	28.09	88.2	27.33	28.09	97.9
18/06/2018 9:17:29 PM	3612165449	1013.00	28.39	28.08	88.7	29.61	28.08	79.4	28.43	28.08	88.4	27.30	28.08	98.2
18/06/2018 9:17:30 PM	3612165450	1013.00	28.40	28.09	88.6	29.64	28.09	79.1	28.45	28.09	88.2	27.31	28.09	98.1
18/06/2018 9:17:31 PM	3612165451	1013.00	28.41	28.09	88.5	29.62	28.09	79.3	28.48	28.09	87.9	27.33	28.09	97.9
18/06/2018 9:17:32 PM	3612165452	1013.00	28.41	28.09	88.5	29.65	28.09	79.1	28.51	28.09	87.7	27.35	28.09	97.7
18/06/2018 9:17:33 PM	3612165453	1013.00	28.42	28.10	88.4	29.63	28.10	79.2	28.51	28.10	87.7	27.31	28.10	98.1
18/06/2018 9:17:34 PM	3612165454	1013.00	28.41	28.09	88.5	29.67	28.09	78.9	28.51	28.09	87.7	27.34	28.09	97.8
18/06/2018 9:17:35 PM	3612165455	1013.00	28.42	28.09	88.4	29.69	28.09	78.8	28.58	28.09	87.1	27.36	28.09	97.6
18/06/2018 9:17:36 PM	3612165456	1013.00	28.42	28.08	88.4	29.67	28.08	78.9	28.58	28.08	87.1	27.34	28.08	97.8
18/06/2018 9:17:37 PM	3612165457	1013.00	28.43	28.08	88.4	29.74	28.08	78.4	28.62	28.08	86.8	27.34	28.08	97.8
18/06/2018 9:17:38 PM	3612165458	1013.00	28.43	28.08	88.4	29.74	28.08	78.4	28.57	28.08	87.2	27.35	28.08	97.7
18/06/2018 9:17:39 PM	3612165459	1013.00	28.44	28.09	88.3	29.78	28.09	78.1	28.63	28.09	86.7	27.35	28.09	97.7
18/06/2018 9:17:40 PM	3612165460	1013.00	28.45	28.09	88.2	29.79	28.09	78.1	28.59	28.09	87.1	27.34	28.09	97.8
18/06/2018 9:17:41 PM	3612165461	1013.00	28.43	28.10	88.3	29.84	28.10	77.7	28.60	28.10	87.0	27.32	28.10	98.0
18/06/2018 9:17:42 PM	3612165462	1013.00	28.43	28.10	88.3	29.79	28.10	78.1	28.64	28.10	86.6	27.35	28.10	97.7
18/06/2018 9:17:43 PM	3612165463	1013.00	28.47	28.10	88.0	29.86	28.10	77.6	28.63	28.10	86.7	27.35	28.10	97.7
18/06/2018 9:17:44 PM	3612165464	1013.00	28.49	28.10	87.8	29.87	28.10	77.5	28.66	28.10	86.5	27.37	28.10	97.5
18/06/2018 9:17:45 PM	3612165465	1013.00	28.48	28.11	87.9	29.84	28.11	77.7	28.64	28.11	86.6	27.38	28.11	97.4
18/06/2018 9:17:46 PM	3612165466	1013.00	28.49	28.10	87.8	29.89	28.10	77.4	28.67	28.10	86.4	27.40	28.10	97.2
18/06/2018 9:17:47 PM	3612165467	1013.00	28.46	28.10	88.1	29.87	28.10	77.5	28.69	28.10	86.2	27.37	28.10	97.5
18/06/2018 9:17:48 PM	3612165468	1013.00	28.48	28.10	87.9	29.88	28.10	77.4	28.68	28.10	86.3	27.40	28.10	97.2
18/06/2018 9:17:49 PM	3612165469	1013.00	28.49	28.10	87.8	29.93	28.10	77.1	28.67	28.10	86.4	27.37	28.10	97.5
18/06/2018 9:17:50 PM	3612165470	1013.00	28.51	28.09	87.7	29.93	28.09	77.1	28.69	28.09	86.3	27.36	28.09	97.6
18/06/2018 9:17:51 PM	3612165471	1013.00	28.51	28.09	87.7	29.93	28.09	77.1	28.69	28.09	86.3	27.39	28.09	97.3
18/06/2018 9:17:52 PM	3612165472	1013.00	28.50	28.10	87.8	29.99	28.10	76.7	28.70	28.10	86.2	27.36	28.10	97.6
18/06/2018 9:17:53 PM	3612165473	1013.00	28.52	28.09	87.6	29.92	28.09	77.2	28.71	28.09	86.1	27.39	28.09	97.3
18/06/2018 9:17:54 PM	3612165474	1013.00	28.53	28.10	87.5	29.96	28.10	76.9	28.69	28.10	86.2	27.38	28.10	97.4
18/06/2018 9:17:55 PM	3612165475	1013.00	28.53	28.09	87.5	30.03	28.09	76.4	28.69	28.09	86.3	27.41	28.09	97.1
18/06/2018 9:17:56 PM	3612165476	1013.00	28.51	28.09	87.7	29.99	28.09	76.7	28.75	28.09	85.8	27.40	28.09	97.2
18/06/2018 9:17:57 PM	3612165477	1013.00	28.51	28.09	87.7	29.99	28.09	76.7	28.70	28.09	86.2	27.39	28.09	97.3
18/06/2018 9:17:58 PM	3612165478	1013.00	28.54	28.09	87.5	29.97	28.09	76.8	28.74	28.09	85.9	27.44	28.09	96.9
18/06/2018 9:17:59 PM	3612165479	1013.00	28.56	28.09	87.3	30.04	28.09	76.3	28.71	28.09	86.1	27.42	28.09	97.1
18/06/2018 9:18:00 PM	3612165480	1013.00	28.55	28.10	87.4	30.00	28.10	76.6	28.73	28.10	85.9	27.42	28.10	97.0
18/06/2018 9:18:01 PM	3612165481	1013.00	28.55	28.09	87.4	30.03	28.09	76.4	28.77	28.09	85.6	27.42	28.09	97.1
18/06/2018 9:18:02 PM	3612165482	1013.00	28.58	28.09	87.1	29.99	28.09	76.7	28.76	28.09	85.7	27.43	28.09	97.0
18/06/2018 9:18:03 PM	3612165483	1013.00	28.56	28.10	87.3	30.04	28.10	76.3	28.77	28.10	85.6	27.43	28.10	96.9
18/06/2018 9:18:04 PM	3612165484	1013.00	28.59	28.09	87.1	29.99	28.09	76.7	28.77	28.09	85.6	27.43	28.09	97.0
18/06/2018 9:18:05 PM	3612165485	1013.00	28.59	28.08	87.1	30.06	28.08	76.2	28.79	28.08	85.5	27.43	28.08	97.0
18/06/2018 9:18:06 PM	3612165486	1013.00	28.60	28.08	87.0	30.08	28.08	76.1	28.78	28.08	85.6	27.42	28.08	97.1
18/06/2018 9:18:07 PM	3612165487	1013.00	28.59	28.09	87.1	30.07	28.09	76.1	28.81	28.09	85.3	27.45	28.09	96.8
18/06/2018 9:18:08 PM	3612165488	1013.00	28.59	28.09	87.1	30.07	28.09	76.1	28.82	28.09	85.2	27.44	28.09	96.9
18/06/2018 9:18:09 PM	3612165489	1013.00	28.61	28.10	86.9	30.09	28.10	76.0	28.85	28.10	85.0	27.45	28.10	96.8
18/06/2018 9:18:10 PM	3612165490	1013.00	28.60	28.10	87.0	30.10	28.10	75.9	28.85	28.10	85.0	27.47	28.10	96.6
18/06/2018 9:18:11 PM	3612165491	1013.00	28.60	28.10	87.0	30.12	28.10	75.8	28.86	28.10	84.9	27.48	28.10	96.5
18/06/2018 9:18:12 PM	3612165492	1013.00	28.67	28.09	86.4	30.07	28.09	76.1	28.86	28.09	84.9	27.48	28.09	96.5
18/06/2018 9:18:13 PM	3612165493	1013.00	28.65	28.09	86.6	30.08	28.09	76.1	28.91	28.09	84.5	27.47	28.09	96.6
18/06/2018 9:18:14 PM	3612165494	1013.00	28.64	28.09	86.7	30.09	28.09	76.0	28.87	28.09	84.9	27.49	28.09	96.4
18/06/2018 9:18:15 PM	3612165495	1013.00	28.65	28.10	86.6	30.11	28.10	75.8	28.84	28.10	85.1	27.50	28.10	96.3
18/06/2018 9:18:16 PM	3612165496	1013.00	28.67	28.09	86.4	30.09	28.09	76.0	28.89	28.09	84.7	27.51	28.09	96.2
18/06/2018 9:18:17 PM	3612165497	1013.00	28.66	28.10	86.5	30.17	28.10	75.4	28.87	28.10	84.8	27.54	28.10	96.0
18/06/2018 9:18:18 PM	3612165498	1013.00	28.70	28.09	86.2	30.19	28.09	75.3	28.89	28.09	84.7	27.49	28.09	96.4
18/06/2018 9:18:19 PM	3612165499	1013.00	28.65	28.09	86.6	30.19	28.09	75.3	28.86	28.09	84.9	27.49	28.09	96.4
18/06/2018 9:18:20 PM	3612165500	1013.00	28.68	28.08	86.4	30.28	28.08	74.7	28.89	28.08	84.7	27.51	28.08	96.3
18/06/2018 9:18:21 PM	3612165501	1013.00	28.68	28.09	86.3	30.21	28.09	75.2	28.95	28.09	84.2	27.55	28.09	95.9
18/06/2018 9:18:22 PM	3612165502	1013.00	28.68	28.09	86.3	30.22	28.09	75.1	28.87	28.09	84.9	27.49	28.09	96.4
18/06/2018 9:18:23 PM	3612165503	1013.00	28.68	28.09	86.3	30.24	28.09	75.0	28.91	28.09	84.5	27.55	28.09	95.9
18/06/2018 9:18:24 PM	3612165504	1013.00	28.68	28.10	86.3	30.24	28.10	75.0	28.92	28.10	84.4	27.52	28.10	96.1
18/06/2018 9:18:25 PM	3612165505	1013.00	28.68	28.10	86.3	30.20	28.10	75.2	28.91	28.10	84.5	27.56	28.10	95.8
18/06/2018 9:18:26 PM	3612165506	1013.00	28.70	28.10	86.2	30.27	28.10	74.8	28.90	28.10	84.6	27.54	28.10	96.0
18/06/2018 9:18:27 PM	3612165507	1013.00	28.73	28.10	85.9	30.26	28.10	74.8	28.94	28.10	84.3	27.56	28.10	95.8
18/06/2018 9:18:28 PM	3612165508	1013.00	28.73	28.10	85.9	30.24	28.10	75.0	28.98	28.10	84.0	27.53	28.10	96.0
18/06/2018 9:18:29 PM	3612165509	1013.00	28.73	28.11	85.9	30.26	28.11	74.8	29.00	28.11	83.8	27.54	28.11	95.9
18/06/2018 9:18:30 PM	3612165510	1013.00	28.73	28.11	85.9	30.27	28.11	74.8	28.94	28.11	84.3	27.55	28.11	95.8
18/06/2018 9:18:31 PM	3612165511	1013.00	28.71	28.11	86.1	30.25	28.11	74.9	28.97	28.11	84.1	27.55	28.11	95.8
18/06/2018 9:18:32 PM	3612165512	1013.00	28.75	28.10	85.8	30.27	28.10	74.8	28.98	28.10	84.0	27.56	28.10	95.8
18/06/2018 9:18:33 PM	3612165513	1013.00	28.77	28.10	85.6	30.31	28.10	74.5	28.95	28.10	84.2	27.58	28.10	95.6
18/06/2018 9:18:34 PM	3612165514	1013.00	28.74	28.09	85.9	30.30	28.09	74.6	28.95	28.09	84.2	27.59	28.09	95.5
18/06/2018 9:18:35 PM	3612165515	1013.00	28.77	28.10	85.6	30.31	28.10	74.5	28.95	28.10	84.2	27.55	28.10	95.9
18/06/2018 9:18:36 PM	3612165516	1013.00	28.77	28.10	85.6	30.31	28.10	74.5	28.94	28.10	84.3	27.58	28.10	95.6
18/06/2018 9:18:37 PM	3612165517	1013.00	28.78	28.10	85.5	30.34	28.10	74.3	28.99	28.10	83.9	27.56	28.10	95.8
18/06/2018 9:18:38 PM	3612165518	1013.00	28.79	28.10	85.5	30.41	28.10	73.8	28.98	28.10	84.0	27.56	28.10	95.8
18/06/2018 9:18:39 PM	3612165519	1013.00	28.80	28.11	85.4	30.39	28.11	74.0	28.98	28.11	84.0	27.56	28.11	95.8
18/06/2018 9:18:40 PM	3612165520	1013.00	28.81	28.10	85.3	30.40	28.10	73.9	28.98	28.10	84.0	27.58	28.10	95.6
18/06/2018 9:18:41 PM	3612165521	1013.00	28.82	28.10	85.2	30.40	28.10	73.9	28.98	28.10	84.0	27.59	28.10	95.5
18/06/2018 9:18:42 PM	3612165522	1013.00	28.83	28.10	85.1	30.39	28.10	74.0	29.00	28.10	83.8	27.60	28.10	95.4
18/06/2018 9:18:43 PM	3612165523	1013.00	28.82	28.10	85.2	30.46	28.10	73.5	29.00	28.10	83.8	27.58	28.10	95.6
18/06/2018 9:18:44 PM	3612165524	1013.00	28.83	28.10	85.1	30.44	28.10	73.7	29.01	28.10	83.8	27.60	28.10	95.4
18/06/2018 9:18:45 PM	3612165525	1013.00	28.82	28.10	85.2	30.42	28.10	73.8	29.02	28.10	83.7	27.60	28.10	95.4
18/06/2018 9:18:46 PM	3612165526	1013.00	28.82	28.10	85.2	30.46	28.10	73.5	29.02	28.10	83.7	27.62	28.10	95.2
18/06/2018 9:18:47 PM	3612165527	1013.00	28.85	28.10	85.0	30.51	28.10	73.2	29.03	28.10	83.6	27.63	28.10	95.1
18/06/2018 9:18:48 PM	3612165528	1013.00	28.87	28.11	84.8	30.50	28.11	73.2	29.02	28.11	83.7	27.61	28.11	95.3
18/06/2018 9:18:49 PM	3612165529	1013.00	28.85	28.11	85.0	30.49	28.11	73.3	29.02	28.11	83.7	27.63	28.11	95.1
18/06/2018 9:18:50 PM	3612165530	1013.00	28.88	28.11	84.7	30.53	28.11	73.1	29.00	28.11	83.8	27.60	28.11	95.4
18/06/2018 9:18:51 PM	3612165531	1013.00	28.88	28.11	84.7	30.52	28.11	73.1	29.03	28.11	83.6	27.62	28.11	95.2
18/06/2018 9:18:52 PM	3612165532	1013.00	28.90	28.11	84.6	30.53	28.11	73.1	29.02	28.11	83.7	27.62	28.11	95.2
18/06/2018 9:18:53 PM	3612165533	1013.00	28.89	28.10	84.7	30.57	28.10	72.8	29.04	28.10	83.5	27.64	28.10	95.1
18/06/2018 9:18:54 PM	3612165534	1013.00	28.91	28.10	84.5	30.56	28.10	72.9	29.01	28.10	83.8	27.65	28.10	95.0
18/06/2018 9:18:55 PM	3612165535	1013.00	28.90	28.11	84.6	30.58	28.11	72.7	29.01	28.11	83.7	27.63	28.11	95.1
18/06/2018 9:18:56 PM	3612165536	1013.00	28.90	28.10	84.6	30.57	28.10	72.8	29.01	28.10	83.8	27.62	28.10	95.2
18/06/2018 9:18:57 PM	3612165537	1013.00	28.91	28.09	84.5	30.60	28.09	72.6	29.03	28.09	83.6	27.62	28.09	95.3
18/06/2018 9:18:58 PM	3612165538	1013.00	28.92	28.10	84.4	30.60	28.10	72.6	29.00	28.10	83.8	27.64	28.10	95.1
18/06/2018 9:18:59 PM	3612165539	1013.00	28.90	28.10	84.6	30.65	28.10	72.3	29.06	28.10	83.4	27.69	28.10	94.6
18/06/2018 9:19:00 PM	3612165540	1013.00	28.93	28.09	84.4	30.67	28.09	72.2	29.07	28.09	83.3	27.64	28.09	95.1
18/06/2018 9:19:01 PM	3612165541	1013.00	28.94	28.09	84.3	30.73	28.09	71.8	29.02	28.09	83.7	27.67	28.09	94.8
18/06/2018 9:19:02 PM	3612165542	1013.00	28.95	28.09	84.2	30.75	28.09	71.7	29.07	28.09	83.3	27.65	28.09	95.0
18/06/2018 9:19:03 PM	3612165543	1013.00	28.95	28.09	84.2	30.75	28.09	71.7	29.06	28.09	83.4	27.64	28.09	95.1
18/06/2018 9:19:04 PM	3612165544	1013.00	28.96	28.09	84.2	30.86	28.09	71.0	29.04	28.09	83.5	27.65	28.09	95.0
18/06/2018 9:19:05 PM	3612165545	1013.00	28.94	28.10	84.3	30.87	28.10	70.9	29.05	28.10	83.5	27.66	28.10	94.9
18/06/2018 9:19:06 PM	3612165546	1013.00	28.95	28.11	84.2	30.87	28.11	70.9	29.05	28.11	83.4	27.67	28.11	94.8
18/06/2018 9:19:07 PM	3612165547	1013.00	28.96	28.10	84.1	30.94	28.10	70.5	29.07	28.10	83.3	27.69	28.10	94.6
18/06/2018 9:19:08 PM	3612165548	1013.00	28.97	28.10	84.1	30.94	28.10	70.5	29.06	28.10	83.4	27.67	28.10	94.8
18/06/2018 9:19:09 PM	3612165549	1013.00	28.99	28.10	83.9	30.93	28.10	70.5	29.07	28.10	83.3	27.68	28.10	94.7
18/06/2018 9:19:10 PM	3612165550	1013.00	28.98	28.10	84.0	30.96	28.10	70.3	29.09	28.10	83.2	27.66	28.10	94.9
18/06/2018 9:19:11 PM	3612165551	1013.00	28.98	28.10	84.0	30.97	28.10	70.3	29.06	28.10	83.4	27.70	28.10	94.5
18/06/2018 9:19:12 PM	3612165552	1013.00	28.99	28.10	83.9	31.01	28.10	70.0	29.09	28.10	83.2	27.67	28.10	94.8
18/06/2018 9:19:13 PM	3612165553	1013.00	29.00	28.10	83.8	31.05	28.10	69.8	29.11	28.10	83.0	27.68	28.10	94.7
18/06/2018 9:19:14 PM	3612165554	1013.00	29.01	28.10	83.8	31.17	28.10	69.1	29.06	28.10	83.4	27.69	28.10	94.6
18/06/2018 9:19:15 PM	3612165555	1013.00	29.00	28.10	83.8	31.17	28.10	69.1	29.08	28.10	83.2	27.68	28.10	94.7
18/06/2018 9:19:16 PM	3612165556	1013.00	29.03	28.09	83.6	31.24	28.09	68.6	29.08	28.09	83.2	27.71	28.09	94.5
18/06/2018 9:19:17 PM	3612165557	1013.00	29.02	28.10	83.7	31.25	28.10	68.6	29.10	28.10	83.1	27.72	28.10	94.3
18/06/2018 9:19:18 PM	3612165558	1013.00	29.03	28.09	83.6	31.25	28.09	68.6	29.08	28.09	83.2	27.70	28.09	94.5
18/06/2018 9:19:19 PM	3612165559	1013.00	29.01	28.10	83.8	31.32	28.10	68.1	29.08	28.10	83.2	27.72	28.10	94.3
18/06/2018 9:19:20 PM	3612165560	1013.00	29.05	28.10	83.5	31.38	28.10	67.8	29.12	28.10	82.9	27.73	28.10	94.3
18/06/2018 9:19:21 PM	3612165561	1013.00	29.03	28.10	83.6	31.44	28.10	67.4	29.09	28.10	83.2	27.72	28.10	94.3
18/06/2018 9:19:22 PM	3612165562	1013.00	29.03	28.10	83.6	31.49	28.10	67.1	29.10	28.10	83.1	27.73	28.10	94.3
18/06/2018 9:19:23 PM	3612165563	1013.00	29.06	28.11	83.4	31.51	28.11	67.0	29.09	28.11	83.1	27.73	28.11	94.2
18/06/2018 9:19:24 PM	3612165564	1013.00	29.05	28.11	83.4	31.55	28.11	66.8	29.11	28.11	83.0	27.74	28.11	94.2
18/06/2018 9:19:25 PM	3612165565	1013.00	29.07	28.11	83.3	31.69	28.11	66.0	29.14	28.11	82.8	27.74	28.11	94.2
18/06/2018 9:19:26 PM	3612165566	1013.00	29.05	28.12	83.4	31.65	28.12	66.2	29.15	28.12	82.7	27.75	28.12	94.1
18/06/2018 9:19:27 PM	3612165567	1013.00	29.05	28.11	83.4	31.71	28.11	65.9	29.12	28.11	82.9	27.74	28.11	94.2
18/06/2018 9:19:28 PM	3612165568	1013.00	29.05	28.11	83.4	31.79	28.11	65.4	29.13	28.11	82.8	27.74	28.11	94.2
18/06/2018 9:19:29 PM	3612165569	1013.00	29.06	28.10	83.4	31.82	28.10	65.2	29.10	28.10	83.1	27.76	28.10	94.0
18/06/2018 9:19:30 PM	3612165570	1013.00	29.07	28.09	83.3	31.88	28.09	64.9	29.17	28.09	82.6	27.74	28.09	94.2
18/06/2018 9:19:31 PM	3612165571	1013.00	29.06	28.09	83.4	31.84	28.09	65.1	29.15	28.09	82.7	27.73	28.09	94.3
18/06/2018 9:19:32 PM	3612165572	1013.00	29.10	28.09	83.1	31.86	28.09	65.0	29.20	28.09	82.3	27.76	28.09	94.0
18/06/2018 9:19:33 PM	3612165573	1013.00	29.07	28.09	83.3	31.92	28.09	64.7	29.19	28.09	82.4	27.74	28.09	94.2
18/06/2018 9:19:34 PM	3612165574	1013.00	29.08	28.09	83.2	31.87	28.09	65.0	29.27	28.09	81.8	27.76	28.09	94.0
18/06/2018 9:19:35 PM	3612165575	1013.00	29.08	28.10	83.2	31.91	28.10	64.7	29.24	28.10	82.0	27.76	28.10	94.0
18/06/2018 9:19:36 PM	3612165576	1013.00	29.10	28.09	83.1	31.93	28.09	64.6	29.26	28.09	81.9	27.75	28.09	94.1
