Date & time of file creation	16/06/2018 7:00 PM													
Data file path	C:\Users\ameli\Desktop\Luke Strasiotto\160618\Old_11.txt													
														
														
CALIBRATION DATA														
Parameter/Channel	N moving average	LO phase [r.U.]	HI phase [r.U.]	LO oxygen [%air saturation]	HI oxygen [%air saturation]	LO temperature [°C]	HI temperature [°C]	Salinity [‰]						
S WOT 0041 000001   , CH 1	1	59.31	27.39	0.00	100.00	28.02	28.10	0.000						
S WOT 0041 000001   , CH 2	1	59.31	27.39	0.00	100.00	28.02	28.10	0.000						
S WOT 0041 000001   , CH 3	1	59.31	27.39	0.00	100.00	28.02	28.10	0.000						
S WOT 0041 000001   , CH 4	1	59.31	27.39	0.00	100.00	28.02	28.10	0.000						
														
														
Date &Time [DD-MM-YYYY HH:MM:SS]	Time stamp code	Barometric pressure [hPa]	S WOT 0041 000001   , CH 1 phase [r.U.]	S WOT 0041 000001   , CH 1 temp [°C]	S WOT 0041 000001   , CH 1 O2 [% air saturation]	S WOT 0041 000001   , CH 2 phase [r.U.]	S WOT 0041 000001   , CH 2 temp [°C]	S WOT 0041 000001   , CH 2 O2 [% air saturation]	S WOT 0041 000001   , CH 3 phase [r.U.]	S WOT 0041 000001   , CH 3 temp [°C]	S WOT 0041 000001   , CH 3 O2 [% air saturation]	S WOT 0041 000001   , CH 4 phase [r.U.]	S WOT 0041 000001   , CH 4 temp [°C]	S WOT 0041 000001   , CH 4 O2 [% air saturation]
16/06/2018 7:01:04 PM	3611984464	1013.00	27.32	27.89	101.0	27.16	27.89	102.6	27.55	27.89	98.9	NaN	27.89	NaN
16/06/2018 7:01:05 PM	3611984465	1013.00	27.31	27.89	101.1	27.20	27.89	102.2	27.60	27.89	98.4	NaN	27.89	NaN
16/06/2018 7:01:06 PM	3611984466	1013.00	27.32	27.90	101.0	27.19	27.90	102.3	27.56	27.90	98.8	NaN	27.90	NaN
16/06/2018 7:01:07 PM	3611984467	1013.00	27.35	27.90	100.7	27.17	27.90	102.5	27.60	27.90	98.4	NaN	27.90	NaN
16/06/2018 7:01:08 PM	3611984468	1013.00	27.30	27.90	101.2	27.17	27.90	102.5	27.58	27.90	98.6	NaN	27.90	NaN
16/06/2018 7:01:09 PM	3611984469	1013.00	27.31	27.90	101.1	27.13	27.90	102.9	27.55	27.90	98.9	NaN	27.90	NaN
16/06/2018 7:01:10 PM	3611984470	1013.00	27.33	27.89	100.9	27.16	27.89	102.6	27.58	27.89	98.6	NaN	27.89	NaN
16/06/2018 7:01:11 PM	3611984471	1013.00	27.31	27.89	101.1	27.21	27.89	102.1	27.57	27.89	98.7	NaN	27.89	NaN
16/06/2018 7:01:12 PM	3611984472	1013.00	27.31	27.89	101.1	27.18	27.89	102.4	27.54	27.89	99.0	NaN	27.89	NaN
16/06/2018 7:01:13 PM	3611984473	1013.00	27.33	27.89	100.9	27.16	27.89	102.6	27.57	27.89	98.7	NaN	27.89	NaN
16/06/2018 7:01:14 PM	3611984474	1013.00	27.32	27.89	101.0	27.22	27.89	102.0	27.56	27.89	98.8	NaN	27.89	NaN
16/06/2018 7:01:15 PM	3611984475	1013.00	27.32	27.90	101.0	27.22	27.90	102.0	27.55	27.90	98.9	NaN	27.90	NaN
16/06/2018 7:01:16 PM	3611984476	1013.00	27.31	27.91	101.1	27.14	27.91	102.7	27.55	27.91	98.8	NaN	27.91	NaN
16/06/2018 7:01:17 PM	3611984477	1013.00	27.30	27.91	101.2	27.14	27.91	102.7	27.54	27.91	98.9	NaN	27.91	NaN
16/06/2018 7:01:18 PM	3611984478	1013.00	27.28	27.91	101.4	27.20	27.91	102.2	27.55	27.91	98.8	NaN	27.91	NaN
16/06/2018 7:01:19 PM	3611984479	1013.00	27.33	27.90	100.9	27.19	27.90	102.3	27.60	27.90	98.4	NaN	27.90	NaN
16/06/2018 7:01:20 PM	3611984480	1013.00	27.35	27.90	100.7	27.17	27.90	102.5	27.58	27.90	98.6	NaN	27.90	NaN
16/06/2018 7:01:21 PM	3611984481	1013.00	27.34	27.89	100.8	27.19	27.89	102.3	27.58	27.89	98.6	NaN	27.89	NaN
16/06/2018 7:01:22 PM	3611984482	1013.00	27.31	27.89	101.1	27.17	27.89	102.5	27.58	27.89	98.6	NaN	27.89	NaN
16/06/2018 7:01:23 PM	3611984483	1013.00	27.32	27.90	101.0	27.21	27.90	102.1	27.57	27.90	98.7	NaN	27.90	NaN
16/06/2018 7:01:24 PM	3611984484	1013.00	27.31	27.90	101.1	27.16	27.90	102.6	27.57	27.90	98.7	NaN	27.90	NaN
16/06/2018 7:01:25 PM	3611984485	1013.00	27.32	27.90	101.0	27.18	27.90	102.4	27.58	27.90	98.6	NaN	27.90	NaN
16/06/2018 7:01:26 PM	3611984486	1013.00	27.30	27.90	101.2	27.18	27.90	102.4	27.58	27.90	98.6	NaN	27.90	NaN
16/06/2018 7:01:27 PM	3611984487	1013.00	27.32	27.90	101.0	27.22	27.90	102.0	27.58	27.90	98.6	NaN	27.90	NaN
16/06/2018 7:01:28 PM	3611984488	1013.00	27.32	27.89	101.0	27.20	27.89	102.2	27.56	27.89	98.8	NaN	27.89	NaN
16/06/2018 7:01:29 PM	3611984489	1013.00	27.32	27.89	101.0	27.16	27.89	102.6	27.56	27.89	98.8	NaN	27.89	NaN
16/06/2018 7:01:30 PM	3611984490	1013.00	27.31	27.88	101.2	27.19	27.88	102.3	27.58	27.88	98.6	NaN	27.88	NaN
16/06/2018 7:01:31 PM	3611984491	1013.00	27.34	27.88	100.9	27.17	27.88	102.5	27.59	27.88	98.5	NaN	27.88	NaN
16/06/2018 7:01:32 PM	3611984492	1013.00	27.32	27.88	101.1	27.18	27.88	102.4	27.57	27.88	98.7	NaN	27.88	NaN
16/06/2018 7:01:33 PM	3611984493	1013.00	27.34	27.88	100.9	27.16	27.88	102.6	27.57	27.88	98.7	NaN	27.88	NaN
16/06/2018 7:01:34 PM	3611984494	1013.00	27.34	27.89	100.8	27.20	27.89	102.2	27.60	27.89	98.4	NaN	27.89	NaN
16/06/2018 7:01:35 PM	3611984495	1013.00	27.34	27.89	100.8	27.19	27.89	102.3	27.61	27.89	98.3	NaN	27.89	NaN
16/06/2018 7:01:36 PM	3611984496	1013.00	27.34	27.89	100.8	27.21	27.89	102.1	27.57	27.89	98.7	NaN	27.89	NaN
16/06/2018 7:01:37 PM	3611984497	1013.00	27.35	27.90	100.7	27.22	27.90	102.0	27.60	27.90	98.4	NaN	27.90	NaN
16/06/2018 7:01:38 PM	3611984498	1013.00	27.35	27.90	100.7	27.21	27.90	102.1	27.59	27.90	98.5	NaN	27.90	NaN
16/06/2018 7:01:39 PM	3611984499	1013.00	27.34	27.90	100.8	27.19	27.90	102.3	27.59	27.90	98.5	NaN	27.90	NaN
16/06/2018 7:01:40 PM	3611984500	1013.00	27.35	27.91	100.7	27.21	27.91	102.1	27.60	27.91	98.4	NaN	27.91	NaN
16/06/2018 7:01:41 PM	3611984501	1013.00	27.35	27.90	100.7	27.22	27.90	102.0	27.58	27.90	98.6	NaN	27.90	NaN
16/06/2018 7:01:42 PM	3611984502	1013.00	27.36	27.90	100.6	27.24	27.90	101.8	27.56	27.90	98.8	NaN	27.90	NaN
16/06/2018 7:01:43 PM	3611984503	1013.00	27.34	27.90	100.8	27.21	27.90	102.1	27.59	27.90	98.5	NaN	27.90	NaN
16/06/2018 7:01:44 PM	3611984504	1013.00	27.36	27.90	100.6	27.23	27.90	101.9	27.60	27.90	98.4	NaN	27.90	NaN
16/06/2018 7:01:45 PM	3611984505	1013.00	27.35	27.90	100.7	27.20	27.90	102.2	27.60	27.90	98.4	NaN	27.90	NaN
16/06/2018 7:01:46 PM	3611984506	1013.00	27.36	27.90	100.6	27.20	27.90	102.2	27.62	27.90	98.2	NaN	27.90	NaN
16/06/2018 7:01:47 PM	3611984507	1013.00	27.36	27.89	100.7	27.21	27.89	102.1	27.60	27.89	98.4	NaN	27.89	NaN
16/06/2018 7:01:48 PM	3611984508	1013.00	27.36	27.90	100.6	27.24	27.90	101.8	27.60	27.90	98.4	NaN	27.90	NaN
16/06/2018 7:01:49 PM	3611984509	1013.00	27.35	27.90	100.7	27.20	27.90	102.2	27.59	27.90	98.5	NaN	27.90	NaN
16/06/2018 7:01:50 PM	3611984510	1013.00	27.37	27.90	100.5	27.22	27.90	102.0	27.61	27.90	98.3	NaN	27.90	NaN
16/06/2018 7:01:51 PM	3611984511	1013.00	27.35	27.91	100.7	27.27	27.91	101.5	27.60	27.91	98.4	NaN	27.91	NaN
16/06/2018 7:01:52 PM	3611984512	1013.00	27.38	27.91	100.4	27.21	27.91	102.1	27.61	27.91	98.3	NaN	27.91	NaN
16/06/2018 7:01:53 PM	3611984513	1013.00	27.39	27.91	100.3	27.17	27.91	102.4	27.61	27.91	98.3	NaN	27.91	NaN
16/06/2018 7:01:54 PM	3611984514	1013.00	27.39	27.90	100.4	27.22	27.90	102.0	27.62	27.90	98.2	NaN	27.90	NaN
16/06/2018 7:01:55 PM	3611984515	1013.00	27.41	27.90	100.2	27.25	27.90	101.7	27.61	27.90	98.3	NaN	27.90	NaN
16/06/2018 7:01:56 PM	3611984516	1013.00	27.39	27.90	100.4	27.24	27.90	101.8	27.65	27.90	97.9	NaN	27.90	NaN
16/06/2018 7:01:57 PM	3611984517	1013.00	27.40	27.90	100.3	27.21	27.90	102.1	27.61	27.90	98.3	NaN	27.90	NaN
16/06/2018 7:01:58 PM	3611984518	1013.00	27.40	27.90	100.3	27.28	27.90	101.4	27.66	27.90	97.8	NaN	27.90	NaN
16/06/2018 7:01:59 PM	3611984519	1013.00	27.39	27.90	100.4	27.27	27.90	101.5	27.63	27.90	98.1	NaN	27.90	NaN
16/06/2018 7:02:00 PM	3611984520	1013.00	27.38	27.90	100.4	27.29	27.90	101.3	27.65	27.90	97.9	NaN	27.90	NaN
16/06/2018 7:02:01 PM	3611984521	1013.00	27.39	27.90	100.4	27.26	27.90	101.6	27.60	27.90	98.4	NaN	27.90	NaN
16/06/2018 7:02:02 PM	3611984522	1013.00	27.40	27.91	100.2	27.23	27.91	101.9	27.67	27.91	97.7	NaN	27.91	NaN
16/06/2018 7:02:03 PM	3611984523	1013.00	27.40	27.91	100.2	27.25	27.91	101.7	27.62	27.91	98.2	NaN	27.91	NaN
16/06/2018 7:02:04 PM	3611984524	1013.00	27.42	27.91	100.1	27.24	27.91	101.8	27.62	27.91	98.2	NaN	27.91	NaN
16/06/2018 7:02:05 PM	3611984525	1013.00	27.41	27.90	100.2	27.24	27.90	101.8	27.64	27.90	98.0	NaN	27.90	NaN
16/06/2018 7:02:06 PM	3611984526	1013.00	27.40	27.90	100.3	27.29	27.90	101.3	27.66	27.90	97.8	NaN	27.90	NaN
16/06/2018 7:02:07 PM	3611984527	1013.00	27.43	27.90	100.0	27.22	27.90	102.0	27.68	27.90	97.7	NaN	27.90	NaN
16/06/2018 7:02:08 PM	3611984528	1013.00	27.43	27.90	100.0	27.29	27.90	101.3	27.66	27.90	97.8	NaN	27.90	NaN
16/06/2018 7:02:09 PM	3611984529	1013.00	27.43	27.89	100.0	27.30	27.89	101.2	27.63	27.89	98.1	NaN	27.89	NaN
16/06/2018 7:02:10 PM	3611984530	1013.00	27.45	27.90	99.8	27.27	27.90	101.5	27.64	27.90	98.0	NaN	27.90	NaN
16/06/2018 7:02:11 PM	3611984531	1013.00	27.42	27.90	100.1	27.27	27.90	101.5	27.62	27.90	98.2	NaN	27.90	NaN
16/06/2018 7:02:12 PM	3611984532	1013.00	27.42	27.90	100.1	27.31	27.90	101.1	27.70	27.90	97.5	NaN	27.90	NaN
16/06/2018 7:02:13 PM	3611984533	1013.00	27.43	27.90	100.0	27.30	27.90	101.2	27.64	27.90	98.0	NaN	27.90	NaN
16/06/2018 7:02:14 PM	3611984534	1013.00	27.45	27.90	99.8	27.29	27.90	101.3	27.65	27.90	97.9	NaN	27.90	NaN
16/06/2018 7:02:15 PM	3611984535	1013.00	27.47	27.90	99.6	27.32	27.90	101.0	27.66	27.90	97.8	NaN	27.90	NaN
16/06/2018 7:02:16 PM	3611984536	1013.00	27.47	27.90	99.6	27.28	27.90	101.4	27.64	27.90	98.0	NaN	27.90	NaN
16/06/2018 7:02:17 PM	3611984537	1013.00	27.47	27.90	99.6	27.26	27.90	101.6	27.66	27.90	97.8	NaN	27.90	NaN
16/06/2018 7:02:18 PM	3611984538	1013.00	27.47	27.91	99.6	27.32	27.91	101.0	27.70	27.91	97.5	NaN	27.91	NaN
16/06/2018 7:02:19 PM	3611984539	1013.00	27.47	27.90	99.6	27.36	27.90	100.6	27.66	27.90	97.8	NaN	27.90	NaN
16/06/2018 7:02:20 PM	3611984540	1013.00	27.46	27.90	99.7	27.30	27.90	101.2	27.68	27.90	97.7	NaN	27.90	NaN
16/06/2018 7:02:21 PM	3611984541	1013.00	27.49	27.91	99.4	27.31	27.91	101.1	27.69	27.91	97.5	NaN	27.91	NaN
16/06/2018 7:02:22 PM	3611984542	1013.00	27.49	27.91	99.4	27.26	27.91	101.6	27.71	27.91	97.4	NaN	27.91	NaN
16/06/2018 7:02:23 PM	3611984543	1013.00	27.51	27.90	99.2	27.32	27.90	101.0	27.68	27.90	97.7	NaN	27.90	NaN
16/06/2018 7:02:24 PM	3611984544	1013.00	27.50	27.91	99.3	27.31	27.91	101.1	27.72	27.91	97.3	NaN	27.91	NaN
16/06/2018 7:02:25 PM	3611984545	1013.00	27.51	27.90	99.2	27.31	27.90	101.1	27.75	27.90	97.0	NaN	27.90	NaN
16/06/2018 7:02:26 PM	3611984546	1013.00	27.53	27.90	99.0	27.34	27.90	100.8	27.70	27.90	97.5	NaN	27.90	NaN
16/06/2018 7:02:27 PM	3611984547	1013.00	27.53	27.90	99.0	27.31	27.90	101.1	27.74	27.90	97.1	NaN	27.90	NaN
16/06/2018 7:02:28 PM	3611984548	1013.00	27.54	27.89	99.0	27.32	27.89	101.0	27.72	27.89	97.3	NaN	27.89	NaN
16/06/2018 7:02:29 PM	3611984549	1013.00	27.55	27.90	98.9	27.31	27.90	101.1	27.74	27.90	97.1	NaN	27.90	NaN
16/06/2018 7:02:30 PM	3611984550	1013.00	27.58	27.90	98.6	27.36	27.90	100.6	27.76	27.90	96.9	NaN	27.90	NaN
16/06/2018 7:02:31 PM	3611984551	1013.00	27.56	27.90	98.8	27.34	27.90	100.8	27.76	27.90	96.9	NaN	27.90	NaN
16/06/2018 7:02:32 PM	3611984552	1013.00	27.58	27.90	98.6	27.31	27.90	101.1	27.72	27.90	97.3	NaN	27.90	NaN
16/06/2018 7:02:33 PM	3611984553	1013.00	27.58	27.90	98.6	27.31	27.90	101.1	27.76	27.90	96.9	NaN	27.90	NaN
16/06/2018 7:02:34 PM	3611984554	1013.00	27.61	27.90	98.3	27.37	27.90	100.5	27.78	27.90	96.7	NaN	27.90	NaN
16/06/2018 7:02:35 PM	3611984555	1013.00	27.59	27.90	98.5	27.34	27.90	100.8	27.76	27.90	96.9	NaN	27.90	NaN
16/06/2018 7:02:36 PM	3611984556	1013.00	27.60	27.91	98.4	27.36	27.91	100.6	27.78	27.91	96.7	NaN	27.91	NaN
16/06/2018 7:02:37 PM	3611984557	1013.00	27.62	27.91	98.2	27.37	27.91	100.5	27.78	27.91	96.7	NaN	27.91	NaN
16/06/2018 7:02:38 PM	3611984558	1013.00	27.60	27.90	98.4	27.38	27.90	100.4	27.80	27.90	96.6	NaN	27.90	NaN
16/06/2018 7:02:39 PM	3611984559	1013.00	27.61	27.90	98.3	27.37	27.90	100.5	27.77	27.90	96.8	NaN	27.90	NaN
16/06/2018 7:02:40 PM	3611984560	1013.00	27.63	27.91	98.1	27.41	27.91	100.1	27.79	27.91	96.6	NaN	27.91	NaN
16/06/2018 7:02:41 PM	3611984561	1013.00	27.62	27.90	98.2	27.35	27.90	100.7	27.82	27.90	96.4	NaN	27.90	NaN
16/06/2018 7:02:42 PM	3611984562	1013.00	27.65	27.90	97.9	27.39	27.90	100.4	27.85	27.90	96.1	NaN	27.90	NaN
16/06/2018 7:02:43 PM	3611984563	1013.00	27.63	27.91	98.1	27.40	27.91	100.2	27.83	27.91	96.3	NaN	27.91	NaN
16/06/2018 7:02:44 PM	3611984564	1013.00	27.62	27.91	98.2	27.43	27.91	100.0	27.79	27.91	96.6	NaN	27.91	NaN
16/06/2018 7:02:45 PM	3611984565	1013.00	27.66	27.91	97.8	27.40	27.91	100.2	27.82	27.91	96.4	NaN	27.91	NaN
16/06/2018 7:02:46 PM	3611984566	1013.00	27.65	27.91	97.9	27.40	27.91	100.2	27.80	27.91	96.5	NaN	27.91	NaN
16/06/2018 7:02:47 PM	3611984567	1013.00	27.67	27.91	97.7	27.39	27.91	100.3	27.80	27.91	96.5	NaN	27.91	NaN
16/06/2018 7:02:48 PM	3611984568	1013.00	27.66	27.91	97.8	27.39	27.91	100.3	27.86	27.91	96.0	NaN	27.91	NaN
16/06/2018 7:02:49 PM	3611984569	1013.00	27.66	27.90	97.8	27.40	27.90	100.3	27.84	27.90	96.2	NaN	27.90	NaN
16/06/2018 7:02:50 PM	3611984570	1013.00	27.65	27.90	97.9	27.39	27.90	100.4	27.87	27.90	95.9	NaN	27.90	NaN
16/06/2018 7:02:51 PM	3611984571	1013.00	27.70	27.90	97.5	27.41	27.90	100.2	27.89	27.90	95.8	NaN	27.90	NaN
16/06/2018 7:02:52 PM	3611984572	1013.00	27.71	27.89	97.4	27.41	27.89	100.2	27.88	27.89	95.9	NaN	27.89	NaN
16/06/2018 7:02:53 PM	3611984573	1013.00	27.71	27.90	97.4	27.42	27.90	100.1	27.87	27.90	95.9	NaN	27.90	NaN
16/06/2018 7:02:54 PM	3611984574	1013.00	27.73	27.90	97.2	27.44	27.90	99.9	27.89	27.90	95.8	NaN	27.90	NaN
16/06/2018 7:02:55 PM	3611984575	1013.00	27.71	27.90	97.4	27.42	27.90	100.1	27.91	27.90	95.6	NaN	27.90	NaN
16/06/2018 7:02:56 PM	3611984576	1013.00	27.72	27.90	97.3	27.45	27.90	99.8	27.86	27.90	96.0	NaN	27.90	NaN
16/06/2018 7:02:57 PM	3611984577	1013.00	27.74	27.90	97.1	27.46	27.90	99.7	27.90	27.90	95.7	NaN	27.90	NaN
16/06/2018 7:02:58 PM	3611984578	1013.00	27.74	27.90	97.1	27.44	27.90	99.9	27.90	27.90	95.7	NaN	27.90	NaN
16/06/2018 7:02:59 PM	3611984579	1013.00	27.74	27.91	97.1	27.45	27.91	99.8	27.91	27.91	95.6	NaN	27.91	NaN
16/06/2018 7:03:00 PM	3611984580	1013.00	27.77	27.91	96.8	27.46	27.91	99.7	27.92	27.91	95.5	NaN	27.91	NaN
16/06/2018 7:03:01 PM	3611984581	1013.00	27.77	27.91	96.8	27.46	27.91	99.7	27.95	27.91	95.2	NaN	27.91	NaN
16/06/2018 7:03:02 PM	3611984582	1013.00	27.77	27.91	96.8	27.48	27.91	99.5	27.93	27.91	95.4	NaN	27.91	NaN
16/06/2018 7:03:03 PM	3611984583	1013.00	27.78	27.91	96.7	27.47	27.91	99.6	27.95	27.91	95.2	NaN	27.91	NaN
16/06/2018 7:03:04 PM	3611984584	1013.00	27.80	27.90	96.6	27.48	27.90	99.5	27.93	27.90	95.4	NaN	27.90	NaN
16/06/2018 7:03:05 PM	3611984585	1013.00	27.79	27.90	96.7	27.52	27.90	99.1	27.93	27.90	95.4	NaN	27.90	NaN
16/06/2018 7:03:06 PM	3611984586	1013.00	27.81	27.90	96.5	27.48	27.90	99.5	27.98	27.90	95.0	NaN	27.90	NaN
16/06/2018 7:03:07 PM	3611984587	1013.00	27.80	27.90	96.6	27.47	27.90	99.6	27.98	27.90	95.0	NaN	27.90	NaN
16/06/2018 7:03:08 PM	3611984588	1013.00	27.82	27.91	96.4	27.51	27.91	99.2	27.96	27.91	95.1	NaN	27.91	NaN
16/06/2018 7:03:09 PM	3611984589	1013.00	27.82	27.91	96.4	27.52	27.91	99.1	27.99	27.91	94.9	NaN	27.91	NaN
16/06/2018 7:03:10 PM	3611984590	1013.00	27.83	27.91	96.3	27.54	27.91	98.9	28.06	27.91	94.2	NaN	27.91	NaN
16/06/2018 7:03:11 PM	3611984591	1013.00	27.85	27.92	96.1	27.55	27.92	98.8	28.02	27.92	94.6	NaN	27.92	NaN
16/06/2018 7:03:12 PM	3611984592	1013.00	27.84	27.92	96.2	27.52	27.92	99.1	28.03	27.92	94.5	NaN	27.92	NaN
16/06/2018 7:03:13 PM	3611984593	1013.00	27.85	27.92	96.1	27.58	27.92	98.5	28.04	27.92	94.4	NaN	27.92	NaN
16/06/2018 7:03:14 PM	3611984594	1013.00	27.84	27.91	96.2	27.53	27.91	99.0	28.03	27.91	94.5	NaN	27.91	NaN
16/06/2018 7:03:15 PM	3611984595	1013.00	27.85	27.91	96.1	27.55	27.91	98.8	28.04	27.91	94.4	NaN	27.91	NaN
16/06/2018 7:03:16 PM	3611984596	1013.00	27.89	27.91	95.7	27.57	27.91	98.7	28.04	27.91	94.4	NaN	27.91	NaN
16/06/2018 7:03:17 PM	3611984597	1013.00	27.86	27.91	96.0	27.52	27.91	99.1	28.05	27.91	94.3	NaN	27.91	NaN
16/06/2018 7:03:18 PM	3611984598	1013.00	27.88	27.91	95.8	27.57	27.91	98.7	28.08	27.91	94.1	NaN	27.91	NaN
16/06/2018 7:03:19 PM	3611984599	1013.00	27.91	27.92	95.5	27.54	27.92	98.9	28.05	27.92	94.3	NaN	27.92	NaN
16/06/2018 7:03:20 PM	3611984600	1013.00	27.87	27.92	95.9	27.58	27.92	98.5	28.10	27.92	93.9	NaN	27.92	NaN
16/06/2018 7:03:21 PM	3611984601	1013.00	27.91	27.91	95.6	27.61	27.91	98.3	28.08	27.91	94.1	NaN	27.91	NaN
16/06/2018 7:03:22 PM	3611984602	1013.00	27.92	27.92	95.5	27.62	27.92	98.2	28.13	27.92	93.6	NaN	27.92	NaN
16/06/2018 7:03:23 PM	3611984603	1013.00	27.91	27.92	95.5	27.60	27.92	98.4	28.12	27.92	93.7	NaN	27.92	NaN
16/06/2018 7:03:24 PM	3611984604	1013.00	27.92	27.92	95.5	27.65	27.92	97.9	28.10	27.92	93.9	NaN	27.92	NaN
16/06/2018 7:03:25 PM	3611984605	1013.00	27.92	27.92	95.5	27.65	27.92	97.9	28.13	27.92	93.6	NaN	27.92	NaN
16/06/2018 7:03:26 PM	3611984606	1013.00	27.94	27.92	95.3	27.65	27.92	97.9	28.14	27.92	93.5	NaN	27.92	NaN
16/06/2018 7:03:27 PM	3611984607	1013.00	27.96	27.92	95.1	27.65	27.92	97.9	28.16	27.92	93.4	NaN	27.92	NaN
16/06/2018 7:03:28 PM	3611984608	1013.00	27.96	27.92	95.1	27.62	27.92	98.2	28.14	27.92	93.5	NaN	27.92	NaN
16/06/2018 7:03:29 PM	3611984609	1013.00	27.94	27.92	95.3	27.69	27.92	97.5	28.17	27.92	93.3	NaN	27.92	NaN
16/06/2018 7:03:30 PM	3611984610	1013.00	27.97	27.92	95.0	27.71	27.92	97.3	28.17	27.92	93.3	NaN	27.92	NaN
16/06/2018 7:03:31 PM	3611984611	1013.00	27.97	27.92	95.0	27.69	27.92	97.5	28.18	27.92	93.2	NaN	27.92	NaN
16/06/2018 7:03:32 PM	3611984612	1013.00	27.96	27.92	95.1	27.73	27.92	97.2	28.19	27.92	93.1	NaN	27.92	NaN
16/06/2018 7:03:33 PM	3611984613	1013.00	27.98	27.92	94.9	27.70	27.92	97.4	28.21	27.92	92.9	NaN	27.92	NaN
16/06/2018 7:03:34 PM	3611984614	1013.00	27.98	27.92	94.9	27.74	27.92	97.1	28.18	27.92	93.2	NaN	27.92	NaN
16/06/2018 7:03:35 PM	3611984615	1013.00	28.00	27.93	94.7	27.71	27.93	97.3	28.20	27.93	93.0	NaN	27.93	NaN
16/06/2018 7:03:36 PM	3611984616	1013.00	27.98	27.93	94.9	27.73	27.93	97.1	28.22	27.93	92.8	NaN	27.93	NaN
16/06/2018 7:03:37 PM	3611984617	1013.00	28.02	27.92	94.6	27.74	27.92	97.1	28.18	27.92	93.2	NaN	27.92	NaN
16/06/2018 7:03:38 PM	3611984618	1013.00	28.01	27.93	94.6	27.80	27.93	96.5	28.24	27.93	92.6	NaN	27.93	NaN
16/06/2018 7:03:39 PM	3611984619	1013.00	28.02	27.92	94.6	27.73	27.92	97.2	28.25	27.92	92.6	NaN	27.92	NaN
16/06/2018 7:03:40 PM	3611984620	1013.00	28.02	27.93	94.6	27.74	27.93	97.1	28.27	27.93	92.4	NaN	27.93	NaN
16/06/2018 7:03:41 PM	3611984621	1013.00	28.00	27.94	94.7	27.77	27.94	96.8	28.28	27.94	92.3	NaN	27.94	NaN
16/06/2018 7:03:42 PM	3611984622	1013.00	28.01	27.94	94.6	27.81	27.94	96.4	28.28	27.94	92.3	NaN	27.94	NaN
16/06/2018 7:03:43 PM	3611984623	1013.00	28.05	27.94	94.3	27.79	27.94	96.6	28.27	27.94	92.4	NaN	27.94	NaN
16/06/2018 7:03:44 PM	3611984624	1013.00	28.03	27.94	94.5	27.80	27.94	96.5	28.33	27.94	91.9	NaN	27.94	NaN
16/06/2018 7:03:45 PM	3611984625	1013.00	28.03	27.93	94.5	27.77	27.93	96.8	28.30	27.93	92.1	NaN	27.93	NaN
16/06/2018 7:03:46 PM	3611984626	1013.00	28.06	27.93	94.2	27.86	27.93	96.0	28.34	27.93	91.8	NaN	27.93	NaN
16/06/2018 7:03:47 PM	3611984627	1013.00	28.03	27.93	94.5	27.85	27.93	96.1	28.35	27.93	91.7	NaN	27.93	NaN
16/06/2018 7:03:48 PM	3611984628	1013.00	28.04	27.94	94.4	27.83	27.94	96.2	28.34	27.94	91.8	NaN	27.94	NaN
16/06/2018 7:03:49 PM	3611984629	1013.00	28.06	27.94	94.2	27.84	27.94	96.1	28.36	27.94	91.6	NaN	27.94	NaN
16/06/2018 7:03:50 PM	3611984630	1013.00	28.10	27.93	93.9	27.82	27.93	96.3	28.35	27.93	91.7	NaN	27.93	NaN
16/06/2018 7:03:51 PM	3611984631	1013.00	28.07	27.93	94.1	27.90	27.93	95.6	28.37	27.93	91.5	NaN	27.93	NaN
16/06/2018 7:03:52 PM	3611984632	1013.00	28.09	27.93	93.9	27.84	27.93	96.2	28.36	27.93	91.6	NaN	27.93	NaN
16/06/2018 7:03:53 PM	3611984633	1013.00	28.08	27.93	94.0	27.84	27.93	96.2	28.36	27.93	91.6	NaN	27.93	NaN
16/06/2018 7:03:54 PM	3611984634	1013.00	28.07	27.93	94.1	27.90	27.93	95.6	28.39	27.93	91.4	NaN	27.93	NaN
16/06/2018 7:03:55 PM	3611984635	1013.00	28.09	27.93	93.9	27.93	27.93	95.4	28.42	27.93	91.1	NaN	27.93	NaN
16/06/2018 7:03:56 PM	3611984636	1013.00	28.14	27.93	93.5	27.91	27.93	95.5	28.40	27.93	91.3	NaN	27.93	NaN
16/06/2018 7:03:57 PM	3611984637	1013.00	28.10	27.94	93.8	27.91	27.94	95.5	28.40	27.94	91.3	NaN	27.94	NaN
16/06/2018 7:03:58 PM	3611984638	1013.00	28.10	27.94	93.8	27.93	27.94	95.3	28.41	27.94	91.2	NaN	27.94	NaN
16/06/2018 7:03:59 PM	3611984639	1013.00	28.14	27.94	93.5	27.94	27.94	95.2	28.43	27.94	91.0	NaN	27.94	NaN
16/06/2018 7:04:00 PM	3611984640	1013.00	28.09	27.94	93.9	27.93	27.94	95.3	28.46	27.94	90.8	NaN	27.94	NaN
16/06/2018 7:04:01 PM	3611984641	1013.00	28.15	27.93	93.4	27.94	27.93	95.3	28.46	27.93	90.8	NaN	27.93	NaN
16/06/2018 7:04:02 PM	3611984642	1013.00	28.14	27.94	93.5	27.94	27.94	95.2	28.48	27.94	90.6	NaN	27.94	NaN
16/06/2018 7:04:03 PM	3611984643	1013.00	28.13	27.94	93.6	27.96	27.94	95.1	28.46	27.94	90.8	NaN	27.94	NaN
16/06/2018 7:04:04 PM	3611984644	1013.00	28.15	27.94	93.4	27.99	27.94	94.8	28.48	27.94	90.6	NaN	27.94	NaN
16/06/2018 7:04:05 PM	3611984645	1013.00	28.15	27.94	93.4	27.97	27.94	95.0	28.48	27.94	90.6	NaN	27.94	NaN
16/06/2018 7:04:06 PM	3611984646	1013.00	28.15	27.95	93.4	27.96	27.95	95.1	28.48	27.95	90.6	NaN	27.95	NaN
16/06/2018 7:04:07 PM	3611984647	1013.00	28.18	27.94	93.1	27.96	27.94	95.1	28.56	27.94	89.9	NaN	27.94	NaN
16/06/2018 7:04:08 PM	3611984648	1013.00	28.18	27.94	93.1	28.02	27.94	94.5	28.53	27.94	90.2	NaN	27.94	NaN
16/06/2018 7:04:09 PM	3611984649	1013.00	28.16	27.94	93.3	28.03	27.94	94.5	28.53	27.94	90.2	NaN	27.94	NaN
16/06/2018 7:04:10 PM	3611984650	1013.00	28.16	27.94	93.3	28.02	27.94	94.5	28.55	27.94	90.0	NaN	27.94	NaN
16/06/2018 7:04:11 PM	3611984651	1013.00	28.18	27.94	93.1	28.02	27.94	94.5	28.58	27.94	89.8	NaN	27.94	NaN
16/06/2018 7:04:12 PM	3611984652	1013.00	28.18	27.94	93.1	28.02	27.94	94.5	28.56	27.94	89.9	NaN	27.94	NaN
16/06/2018 7:04:13 PM	3611984653	1013.00	28.17	27.94	93.2	28.00	27.94	94.7	28.59	27.94	89.7	NaN	27.94	NaN
16/06/2018 7:04:14 PM	3611984654	1013.00	28.19	27.94	93.1	28.02	27.94	94.5	28.55	27.94	90.0	NaN	27.94	NaN
16/06/2018 7:04:15 PM	3611984655	1013.00	28.20	27.94	93.0	28.07	27.94	94.1	28.62	27.94	89.4	NaN	27.94	NaN
16/06/2018 7:04:16 PM	3611984656	1013.00	28.21	27.94	92.9	28.06	27.94	94.2	28.59	27.94	89.7	NaN	27.94	NaN
16/06/2018 7:04:17 PM	3611984657	1013.00	28.19	27.94	93.1	28.06	27.94	94.2	28.66	27.94	89.1	NaN	27.94	NaN
16/06/2018 7:04:18 PM	3611984658	1013.00	28.20	27.94	93.0	28.06	27.94	94.2	28.63	27.94	89.4	NaN	27.94	NaN
16/06/2018 7:04:19 PM	3611984659	1013.00	28.23	27.94	92.7	28.06	27.94	94.2	28.65	27.94	89.2	NaN	27.94	NaN
16/06/2018 7:04:20 PM	3611984660	1013.00	28.23	27.94	92.7	28.02	27.94	94.5	28.64	27.94	89.3	NaN	27.94	NaN
16/06/2018 7:04:21 PM	3611984661	1013.00	28.22	27.94	92.8	28.06	27.94	94.2	28.71	27.94	88.7	NaN	27.94	NaN
16/06/2018 7:04:22 PM	3611984662	1013.00	28.22	27.95	92.8	28.12	27.95	93.6	28.68	27.95	88.9	NaN	27.95	NaN
16/06/2018 7:04:23 PM	3611984663	1013.00	28.24	27.94	92.6	28.10	27.94	93.8	28.73	27.94	88.5	NaN	27.94	NaN
16/06/2018 7:04:24 PM	3611984664	1013.00	28.24	27.94	92.6	28.13	27.94	93.6	28.72	27.94	88.6	NaN	27.94	NaN
16/06/2018 7:04:25 PM	3611984665	1013.00	28.24	27.94	92.6	28.12	27.94	93.7	28.76	27.94	88.3	NaN	27.94	NaN
16/06/2018 7:04:26 PM	3611984666	1013.00	28.27	27.94	92.4	28.12	27.94	93.7	28.78	27.94	88.1	NaN	27.94	NaN
16/06/2018 7:04:27 PM	3611984667	1013.00	28.25	27.94	92.5	28.15	27.94	93.4	28.80	27.94	88.0	NaN	27.94	NaN
16/06/2018 7:04:28 PM	3611984668	1013.00	28.27	27.94	92.4	28.15	27.94	93.4	28.79	27.94	88.1	NaN	27.94	NaN
16/06/2018 7:04:29 PM	3611984669	1013.00	28.30	27.94	92.1	28.11	27.94	93.8	28.83	27.94	87.7	NaN	27.94	NaN
16/06/2018 7:04:30 PM	3611984670	1013.00	28.29	27.94	92.2	28.18	27.94	93.1	28.85	27.94	87.6	NaN	27.94	NaN
16/06/2018 7:04:31 PM	3611984671	1013.00	28.29	27.94	92.2	28.19	27.94	93.1	28.82	27.94	87.8	NaN	27.94	NaN
16/06/2018 7:04:32 PM	3611984672	1013.00	28.30	27.95	92.1	28.16	27.95	93.3	28.84	27.95	87.6	NaN	27.95	NaN
16/06/2018 7:04:33 PM	3611984673	1013.00	28.30	27.95	92.1	28.18	27.95	93.1	28.88	27.95	87.3	NaN	27.95	NaN
16/06/2018 7:04:34 PM	3611984674	1013.00	28.32	27.95	91.9	28.18	27.95	93.1	28.87	27.95	87.4	NaN	27.95	NaN
16/06/2018 7:04:35 PM	3611984675	1013.00	28.32	27.96	91.9	28.18	27.96	93.1	28.90	27.96	87.1	NaN	27.96	NaN
16/06/2018 7:04:36 PM	3611984676	1013.00	28.31	27.96	92.0	28.23	27.96	92.7	28.89	27.96	87.2	NaN	27.96	NaN
16/06/2018 7:04:37 PM	3611984677	1013.00	28.31	27.95	92.0	28.28	27.95	92.3	28.88	27.95	87.3	NaN	27.95	NaN
16/06/2018 7:04:38 PM	3611984678	1013.00	28.33	27.95	91.8	28.24	27.95	92.6	28.94	27.95	86.8	NaN	27.95	NaN
16/06/2018 7:04:39 PM	3611984679	1013.00	28.35	27.95	91.7	28.28	27.95	92.3	28.95	27.95	86.8	NaN	27.95	NaN
16/06/2018 7:04:40 PM	3611984680	1013.00	28.33	27.95	91.8	28.28	27.95	92.3	28.96	27.95	86.7	NaN	27.95	NaN
16/06/2018 7:04:41 PM	3611984681	1013.00	28.36	27.94	91.6	28.23	27.94	92.7	28.97	27.94	86.6	NaN	27.94	NaN
16/06/2018 7:04:42 PM	3611984682	1013.00	28.34	27.95	91.8	28.28	27.95	92.3	28.98	27.95	86.5	NaN	27.95	NaN
16/06/2018 7:04:43 PM	3611984683	1013.00	28.35	27.95	91.7	28.27	27.95	92.4	28.96	27.95	86.7	NaN	27.95	NaN
16/06/2018 7:04:44 PM	3611984684	1013.00	28.37	27.96	91.5	28.33	27.96	91.8	28.97	27.96	86.6	NaN	27.96	NaN
16/06/2018 7:04:45 PM	3611984685	1013.00	28.34	27.95	91.8	28.28	27.95	92.3	29.02	27.95	86.2	NaN	27.95	NaN
16/06/2018 7:04:46 PM	3611984686	1013.00	28.36	27.96	91.6	28.29	27.96	92.2	29.05	27.96	86.0	NaN	27.96	NaN
16/06/2018 7:04:47 PM	3611984687	1013.00	28.36	27.96	91.6	28.31	27.96	92.0	29.04	27.96	86.0	NaN	27.96	NaN
16/06/2018 7:04:48 PM	3611984688	1013.00	28.39	27.96	91.3	28.34	27.96	91.7	29.04	27.96	86.0	NaN	27.96	NaN
16/06/2018 7:04:49 PM	3611984689	1013.00	28.40	27.95	91.3	28.35	27.95	91.7	29.06	27.95	85.9	NaN	27.95	NaN
16/06/2018 7:04:50 PM	3611984690	1013.00	28.39	27.95	91.3	28.33	27.95	91.8	29.07	27.95	85.8	NaN	27.95	NaN
16/06/2018 7:04:51 PM	3611984691	1013.00	28.37	27.96	91.5	28.42	27.96	91.1	29.07	27.96	85.8	NaN	27.96	NaN
16/06/2018 7:04:52 PM	3611984692	1013.00	28.37	27.96	91.5	28.38	27.96	91.4	29.08	27.96	85.7	NaN	27.96	NaN
16/06/2018 7:04:53 PM	3611984693	1013.00	28.40	27.97	91.2	28.39	27.97	91.3	29.09	27.97	85.6	NaN	27.97	NaN
16/06/2018 7:04:54 PM	3611984694	1013.00	28.42	27.97	91.1	28.40	27.97	91.2	29.10	27.97	85.6	NaN	27.97	NaN
16/06/2018 7:04:55 PM	3611984695	1013.00	28.41	27.97	91.1	28.38	27.97	91.4	29.13	27.97	85.3	NaN	27.97	NaN
16/06/2018 7:04:56 PM	3611984696	1013.00	28.45	27.96	90.8	28.40	27.96	91.2	29.16	27.96	85.1	NaN	27.96	NaN
16/06/2018 7:04:57 PM	3611984697	1013.00	28.42	27.96	91.1	28.46	27.96	90.7	29.20	27.96	84.8	NaN	27.96	NaN
16/06/2018 7:04:58 PM	3611984698	1013.00	28.45	27.96	90.8	28.44	27.96	90.9	29.19	27.96	84.9	NaN	27.96	NaN
16/06/2018 7:04:59 PM	3611984699	1013.00	28.43	27.95	91.0	28.43	27.95	91.0	29.18	27.95	85.0	NaN	27.95	NaN
16/06/2018 7:05:00 PM	3611984700	1013.00	28.44	27.95	90.9	28.47	27.95	90.7	29.24	27.95	84.5	NaN	27.95	NaN
16/06/2018 7:05:01 PM	3611984701	1013.00	28.44	27.95	90.9	28.45	27.95	90.8	29.26	27.95	84.3	NaN	27.95	NaN
16/06/2018 7:05:02 PM	3611984702	1013.00	28.46	27.95	90.7	28.49	27.95	90.5	29.27	27.95	84.3	NaN	27.95	NaN
16/06/2018 7:05:03 PM	3611984703	1013.00	28.47	27.95	90.7	28.47	27.95	90.7	29.33	27.95	83.8	NaN	27.95	NaN
16/06/2018 7:05:04 PM	3611984704	1013.00	28.49	27.96	90.5	28.50	27.96	90.4	29.29	27.96	84.1	NaN	27.96	NaN
16/06/2018 7:05:05 PM	3611984705	1013.00	28.50	27.96	90.4	28.49	27.96	90.5	29.33	27.96	83.8	NaN	27.96	NaN
16/06/2018 7:05:06 PM	3611984706	1013.00	28.48	27.96	90.6	28.51	27.96	90.3	29.39	27.96	83.3	NaN	27.96	NaN
16/06/2018 7:05:07 PM	3611984707	1013.00	28.50	27.96	90.4	28.55	27.96	90.0	29.35	27.96	83.6	NaN	27.96	NaN
16/06/2018 7:05:08 PM	3611984708	1013.00	28.51	27.96	90.3	28.57	27.96	89.8	29.35	27.96	83.6	NaN	27.96	NaN
16/06/2018 7:05:09 PM	3611984709	1013.00	28.52	27.96	90.2	28.56	27.96	89.9	29.39	27.96	83.3	NaN	27.96	NaN
16/06/2018 7:05:10 PM	3611984710	1013.00	28.53	27.95	90.2	28.53	27.95	90.2	29.40	27.95	83.3	NaN	27.95	NaN
16/06/2018 7:05:11 PM	3611984711	1013.00	28.53	27.95	90.2	28.59	27.95	89.7	29.40	27.95	83.3	NaN	27.95	NaN
16/06/2018 7:05:12 PM	3611984712	1013.00	28.52	27.95	90.2	28.57	27.95	89.8	29.40	27.95	83.3	NaN	27.95	NaN
16/06/2018 7:05:13 PM	3611984713	1013.00	28.51	27.95	90.3	28.61	27.95	89.5	29.44	27.95	83.0	NaN	27.95	NaN
16/06/2018 7:05:14 PM	3611984714	1013.00	28.54	27.95	90.1	28.59	27.95	89.7	29.44	27.95	83.0	NaN	27.95	NaN
16/06/2018 7:05:15 PM	3611984715	1013.00	28.55	27.96	90.0	28.64	27.96	89.2	29.48	27.96	82.7	NaN	27.96	NaN
16/06/2018 7:05:16 PM	3611984716	1013.00	28.54	27.96	90.1	28.64	27.96	89.2	29.52	27.96	82.4	NaN	27.96	NaN
16/06/2018 7:05:17 PM	3611984717	1013.00	28.56	27.96	89.9	28.65	27.96	89.2	29.51	27.96	82.4	NaN	27.96	NaN
16/06/2018 7:05:18 PM	3611984718	1013.00	28.57	27.96	89.8	28.65	27.96	89.2	29.54	27.96	82.2	NaN	27.96	NaN
16/06/2018 7:05:19 PM	3611984719	1013.00	28.56	27.96	89.9	28.70	27.96	88.8	29.57	27.96	82.0	NaN	27.96	NaN
16/06/2018 7:05:20 PM	3611984720	1013.00	28.59	27.96	89.7	28.67	27.96	89.0	29.58	27.96	81.9	NaN	27.96	NaN
16/06/2018 7:05:21 PM	3611984721	1013.00	28.61	27.96	89.5	28.73	27.96	88.5	29.61	27.96	81.7	NaN	27.96	NaN
16/06/2018 7:05:22 PM	3611984722	1013.00	28.60	27.97	89.6	28.67	27.97	89.0	29.63	27.97	81.5	NaN	27.97	NaN
16/06/2018 7:05:23 PM	3611984723	1013.00	28.60	27.98	89.5	28.72	27.98	88.6	29.65	27.98	81.4	NaN	27.98	NaN
16/06/2018 7:05:24 PM	3611984724	1013.00	28.63	27.98	89.3	28.68	27.98	88.9	29.66	27.98	81.3	NaN	27.98	NaN
16/06/2018 7:05:25 PM	3611984725	1013.00	28.59	27.97	89.6	28.74	27.97	88.4	29.63	27.97	81.5	NaN	27.97	NaN
16/06/2018 7:05:26 PM	3611984726	1013.00	28.63	27.97	89.3	28.74	27.97	88.4	29.69	27.97	81.1	NaN	27.97	NaN
16/06/2018 7:05:27 PM	3611984727	1013.00	28.61	27.96	89.5	28.72	27.96	88.6	29.69	27.96	81.1	NaN	27.96	NaN
16/06/2018 7:05:28 PM	3611984728	1013.00	28.61	27.96	89.5	28.75	27.96	88.3	29.72	27.96	80.9	NaN	27.96	NaN
16/06/2018 7:05:29 PM	3611984729	1013.00	28.65	27.96	89.2	28.76	27.96	88.3	29.68	27.96	81.2	NaN	27.96	NaN
16/06/2018 7:05:30 PM	3611984730	1013.00	28.64	27.96	89.2	28.79	27.96	88.0	29.75	27.96	80.7	NaN	27.96	NaN
16/06/2018 7:05:31 PM	3611984731	1013.00	28.64	27.96	89.2	28.80	27.96	87.9	29.76	27.96	80.6	NaN	27.96	NaN
16/06/2018 7:05:32 PM	3611984732	1013.00	28.67	27.96	89.0	28.80	27.96	87.9	29.74	27.96	80.8	NaN	27.96	NaN
16/06/2018 7:05:33 PM	3611984733	1013.00	28.65	27.96	89.2	28.87	27.96	87.4	29.74	27.96	80.8	NaN	27.96	NaN
16/06/2018 7:05:34 PM	3611984734	1013.00	28.65	27.96	89.2	28.84	27.96	87.6	29.78	27.96	80.5	NaN	27.96	NaN
16/06/2018 7:05:35 PM	3611984735	1013.00	28.68	27.96	88.9	28.81	27.96	87.9	29.78	27.96	80.5	NaN	27.96	NaN
16/06/2018 7:05:36 PM	3611984736	1013.00	28.68	27.95	88.9	28.83	27.95	87.7	29.81	27.95	80.3	NaN	27.95	NaN
16/06/2018 7:05:37 PM	3611984737	1013.00	28.68	27.96	88.9	28.89	27.96	87.2	29.80	27.96	80.3	NaN	27.96	NaN
16/06/2018 7:05:38 PM	3611984738	1013.00	28.67	27.96	89.0	28.86	27.96	87.5	29.85	27.96	80.0	NaN	27.96	NaN
16/06/2018 7:05:39 PM	3611984739	1013.00	28.68	27.96	88.9	28.89	27.96	87.2	29.84	27.96	80.0	NaN	27.96	NaN
16/06/2018 7:05:40 PM	3611984740	1013.00	28.71	27.96	88.7	28.89	27.96	87.2	29.84	27.96	80.0	NaN	27.96	NaN
16/06/2018 7:05:41 PM	3611984741	1013.00	28.71	27.96	88.7	28.95	27.96	86.7	29.89	27.96	79.7	NaN	27.96	NaN
16/06/2018 7:05:42 PM	3611984742	1013.00	28.72	27.96	88.6	28.94	27.96	86.8	29.88	27.96	79.7	NaN	27.96	NaN
16/06/2018 7:05:43 PM	3611984743	1013.00	28.72	27.95	88.6	28.95	27.95	86.8	29.89	27.95	79.7	NaN	27.95	NaN
16/06/2018 7:05:44 PM	3611984744	1013.00	28.72	27.95	88.6	28.93	27.95	86.9	29.91	27.95	79.5	NaN	27.95	NaN
16/06/2018 7:05:45 PM	3611984745	1013.00	28.72	27.95	88.6	29.00	27.95	86.4	29.93	27.95	79.4	NaN	27.95	NaN
16/06/2018 7:05:46 PM	3611984746	1013.00	28.77	27.96	88.2	28.96	27.96	86.7	29.96	27.96	79.2	NaN	27.96	NaN
16/06/2018 7:05:47 PM	3611984747	1013.00	28.75	27.96	88.3	29.01	27.96	86.3	29.97	27.96	79.1	NaN	27.96	NaN
16/06/2018 7:05:48 PM	3611984748	1013.00	28.79	27.96	88.0	29.02	27.96	86.2	30.00	27.96	78.9	NaN	27.96	NaN
16/06/2018 7:05:49 PM	3611984749	1013.00	28.78	27.96	88.1	29.05	27.96	86.0	30.02	27.96	78.7	NaN	27.96	NaN
16/06/2018 7:05:50 PM	3611984750	1013.00	28.76	27.96	88.3	29.01	27.96	86.3	30.08	27.96	78.3	NaN	27.96	NaN
16/06/2018 7:05:51 PM	3611984751	1013.00	28.78	27.96	88.1	29.02	27.96	86.2	30.07	27.96	78.4	NaN	27.96	NaN
16/06/2018 7:05:52 PM	3611984752	1013.00	28.79	27.97	88.0	29.12	27.97	85.4	30.08	27.97	78.3	NaN	27.97	NaN
16/06/2018 7:05:53 PM	3611984753	1013.00	28.76	27.97	88.3	29.09	27.97	85.6	30.11	27.97	78.1	NaN	27.97	NaN
16/06/2018 7:05:54 PM	3611984754	1013.00	28.79	27.97	88.0	29.08	27.97	85.7	30.08	27.97	78.3	NaN	27.97	NaN
16/06/2018 7:05:55 PM	3611984755	1013.00	28.82	27.96	87.8	29.14	27.96	85.3	30.13	27.96	78.0	NaN	27.96	NaN
16/06/2018 7:05:56 PM	3611984756	1013.00	28.82	27.97	87.8	29.10	27.97	85.6	30.14	27.97	77.9	NaN	27.97	NaN
16/06/2018 7:05:57 PM	3611984757	1013.00	28.80	27.97	87.9	29.16	27.97	85.1	30.19	27.97	77.5	NaN	27.97	NaN
16/06/2018 7:05:58 PM	3611984758	1013.00	28.83	27.97	87.7	29.15	27.97	85.2	30.16	27.97	77.8	NaN	27.97	NaN
16/06/2018 7:05:59 PM	3611984759	1013.00	28.83	27.97	87.7	29.15	27.97	85.2	30.18	27.97	77.6	NaN	27.97	NaN
16/06/2018 7:06:00 PM	3611984760	1013.00	28.83	27.97	87.7	29.17	27.97	85.0	30.20	27.97	77.5	NaN	27.97	NaN
16/06/2018 7:06:01 PM	3611984761	1013.00	28.85	27.97	87.5	29.18	27.97	84.9	30.21	27.97	77.4	NaN	27.97	NaN
16/06/2018 7:06:02 PM	3611984762	1013.00	28.85	27.96	87.5	29.26	27.96	84.3	30.24	27.96	77.2	NaN	27.96	NaN
16/06/2018 7:06:03 PM	3611984763	1013.00	28.87	27.96	87.4	29.22	27.96	84.6	30.24	27.96	77.2	NaN	27.96	NaN
16/06/2018 7:06:04 PM	3611984764	1013.00	28.86	27.96	87.5	29.24	27.96	84.5	30.24	27.96	77.2	NaN	27.96	NaN
16/06/2018 7:06:05 PM	3611984765	1013.00	28.87	27.95	87.4	29.28	27.95	84.2	30.25	27.95	77.2	NaN	27.95	NaN
16/06/2018 7:06:06 PM	3611984766	1013.00	28.86	27.95	87.5	29.26	27.95	84.3	30.27	27.95	77.0	NaN	27.95	NaN
16/06/2018 7:06:07 PM	3611984767	1013.00	28.89	27.96	87.2	29.27	27.96	84.3	30.27	27.96	77.0	NaN	27.96	NaN
16/06/2018 7:06:08 PM	3611984768	1013.00	28.89	27.96	87.2	29.32	27.96	83.9	30.28	27.96	76.9	NaN	27.96	NaN
16/06/2018 7:06:09 PM	3611984769	1013.00	28.89	27.96	87.2	29.27	27.96	84.3	30.31	27.96	76.7	NaN	27.96	NaN
16/06/2018 7:06:10 PM	3611984770	1013.00	28.89	27.97	87.2	29.27	27.97	84.2	30.32	27.97	76.7	NaN	27.97	NaN
16/06/2018 7:06:11 PM	3611984771	1013.00	28.90	27.97	87.1	29.29	27.97	84.1	30.33	27.97	76.6	NaN	27.97	NaN
16/06/2018 7:06:12 PM	3611984772	1013.00	28.91	27.96	87.1	29.33	27.96	83.8	30.33	27.96	76.6	NaN	27.96	NaN
16/06/2018 7:06:13 PM	3611984773	1013.00	28.92	27.95	87.0	29.35	27.95	83.7	30.32	27.95	76.7	NaN	27.95	NaN
16/06/2018 7:06:14 PM	3611984774	1013.00	28.93	27.95	86.9	29.34	27.95	83.7	30.33	27.95	76.6	NaN	27.95	NaN
16/06/2018 7:06:15 PM	3611984775	1013.00	28.93	27.95	86.9	29.36	27.95	83.6	30.37	27.95	76.3	NaN	27.95	NaN
16/06/2018 7:06:16 PM	3611984776	1013.00	28.94	27.95	86.8	29.40	27.95	83.3	30.36	27.95	76.4	NaN	27.95	NaN
16/06/2018 7:06:17 PM	3611984777	1013.00	28.95	27.96	86.7	29.40	27.96	83.3	30.39	27.96	76.2	NaN	27.96	NaN
16/06/2018 7:06:18 PM	3611984778	1013.00	28.98	27.96	86.5	29.37	27.96	83.5	30.36	27.96	76.4	NaN	27.96	NaN
16/06/2018 7:06:19 PM	3611984779	1013.00	28.96	27.96	86.7	29.37	27.96	83.5	30.38	27.96	76.3	NaN	27.96	NaN
16/06/2018 7:06:20 PM	3611984780	1013.00	28.96	27.96	86.7	29.43	27.96	83.0	30.37	27.96	76.3	NaN	27.96	NaN
16/06/2018 7:06:21 PM	3611984781	1013.00	28.99	27.97	86.4	29.45	27.97	82.9	30.39	27.97	76.2	NaN	27.97	NaN
16/06/2018 7:06:22 PM	3611984782	1013.00	28.99	27.96	86.4	29.43	27.96	83.0	30.42	27.96	76.0	NaN	27.96	NaN
16/06/2018 7:06:23 PM	3611984783	1013.00	28.97	27.96	86.6	29.41	27.96	83.2	30.43	27.96	75.9	NaN	27.96	NaN
16/06/2018 7:06:24 PM	3611984784	1013.00	28.99	27.96	86.4	29.46	27.96	82.8	30.45	27.96	75.8	NaN	27.96	NaN
16/06/2018 7:06:25 PM	3611984785	1013.00	29.02	27.96	86.2	29.49	27.96	82.6	30.43	27.96	75.9	NaN	27.96	NaN
16/06/2018 7:06:26 PM	3611984786	1013.00	29.01	27.96	86.3	29.51	27.96	82.4	30.46	27.96	75.7	NaN	27.96	NaN
16/06/2018 7:06:27 PM	3611984787	1013.00	29.02	27.96	86.2	29.50	27.96	82.5	30.45	27.96	75.8	NaN	27.96	NaN
16/06/2018 7:06:28 PM	3611984788	1013.00	29.03	27.96	86.1	29.49	27.96	82.6	30.47	27.96	75.6	NaN	27.96	NaN
16/06/2018 7:06:29 PM	3611984789	1013.00	29.03	27.97	86.1	29.51	27.97	82.4	30.47	27.97	75.6	NaN	27.97	NaN
16/06/2018 7:06:30 PM	3611984790	1013.00	29.05	27.96	86.0	29.53	27.96	82.3	30.49	27.96	75.5	NaN	27.96	NaN
16/06/2018 7:06:31 PM	3611984791	1013.00	29.02	27.97	86.2	29.54	27.97	82.2	30.50	27.97	75.4	NaN	27.97	NaN
16/06/2018 7:06:32 PM	3611984792	1013.00	29.05	27.97	85.9	29.53	27.97	82.3	30.48	27.97	75.6	NaN	27.97	NaN
16/06/2018 7:06:33 PM	3611984793	1013.00	29.06	27.97	85.9	29.57	27.97	82.0	30.51	27.97	75.4	NaN	27.97	NaN
16/06/2018 7:06:34 PM	3611984794	1013.00	29.06	27.96	85.9	29.55	27.96	82.1	30.55	27.96	75.1	NaN	27.96	NaN
16/06/2018 7:06:35 PM	3611984795	1013.00	29.06	27.96	85.9	29.60	27.96	81.8	30.54	27.96	75.2	NaN	27.96	NaN
16/06/2018 7:06:36 PM	3611984796	1013.00	29.06	27.95	85.9	29.60	27.95	81.8	30.53	27.95	75.3	NaN	27.95	NaN
16/06/2018 7:06:37 PM	3611984797	1013.00	29.10	27.95	85.6	29.63	27.95	81.6	30.59	27.95	74.9	NaN	27.95	NaN
16/06/2018 7:06:38 PM	3611984798	1013.00	29.09	27.95	85.7	29.65	27.95	81.4	30.58	27.95	74.9	NaN	27.95	NaN
16/06/2018 7:06:39 PM	3611984799	1013.00	29.09	27.95	85.7	29.67	27.95	81.3	30.58	27.95	74.9	NaN	27.95	NaN
16/06/2018 7:06:40 PM	3611984800	1013.00	29.11	27.95	85.5	29.66	27.95	81.4	30.59	27.95	74.9	NaN	27.95	NaN
16/06/2018 7:06:41 PM	3611984801	1013.00	29.11	27.95	85.5	29.68	27.95	81.2	30.61	27.95	74.7	NaN	27.95	NaN
16/06/2018 7:06:42 PM	3611984802	1013.00	29.13	27.95	85.3	29.69	27.95	81.1	30.59	27.95	74.9	NaN	27.95	NaN
16/06/2018 7:06:43 PM	3611984803	1013.00	29.12	27.96	85.4	29.69	27.96	81.1	30.60	27.96	74.8	NaN	27.96	NaN
16/06/2018 7:06:44 PM	3611984804	1013.00	29.16	27.96	85.1	29.71	27.96	81.0	30.63	27.96	74.6	NaN	27.96	NaN
16/06/2018 7:06:45 PM	3611984805	1013.00	29.18	27.96	84.9	29.72	27.96	80.9	30.64	27.96	74.5	NaN	27.96	NaN
16/06/2018 7:06:46 PM	3611984806	1013.00	29.15	27.96	85.2	29.75	27.96	80.7	30.69	27.96	74.2	NaN	27.96	NaN
16/06/2018 7:06:47 PM	3611984807	1013.00	29.16	27.95	85.1	29.77	27.95	80.5	30.65	27.95	74.5	NaN	27.95	NaN
16/06/2018 7:06:48 PM	3611984808	1013.00	29.17	27.95	85.0	29.75	27.95	80.7	30.69	27.95	74.2	NaN	27.95	NaN
16/06/2018 7:06:49 PM	3611984809	1013.00	29.18	27.96	84.9	29.76	27.96	80.6	30.71	27.96	74.1	NaN	27.96	NaN
16/06/2018 7:06:50 PM	3611984810	1013.00	29.18	27.95	85.0	29.74	27.95	80.8	30.71	27.95	74.1	NaN	27.95	NaN
16/06/2018 7:06:51 PM	3611984811	1013.00	29.20	27.97	84.8	29.77	27.97	80.5	30.74	27.97	73.8	NaN	27.97	NaN
16/06/2018 7:06:52 PM	3611984812	1013.00	29.20	27.96	84.8	29.75	27.96	80.7	30.77	27.96	73.7	NaN	27.96	NaN
16/06/2018 7:06:53 PM	3611984813	1013.00	29.20	27.96	84.8	29.79	27.96	80.4	30.79	27.96	73.5	NaN	27.96	NaN
16/06/2018 7:06:54 PM	3611984814	1013.00	29.22	27.97	84.6	29.80	27.97	80.3	30.85	27.97	73.1	NaN	27.97	NaN
16/06/2018 7:06:55 PM	3611984815	1013.00	29.21	27.97	84.7	29.80	27.97	80.3	30.80	27.97	73.5	NaN	27.97	NaN
16/06/2018 7:06:56 PM	3611984816	1013.00	29.23	27.97	84.5	29.81	27.97	80.2	30.88	27.97	72.9	NaN	27.97	NaN
16/06/2018 7:06:57 PM	3611984817	1013.00	29.22	27.97	84.6	29.82	27.97	80.2	30.89	27.97	72.9	NaN	27.97	NaN
16/06/2018 7:06:58 PM	3611984818	1013.00	29.25	27.97	84.4	29.80	27.97	80.3	30.89	27.97	72.9	NaN	27.97	NaN
16/06/2018 7:06:59 PM	3611984819	1013.00	29.25	27.97	84.4	29.85	27.97	79.9	30.90	27.97	72.8	NaN	27.97	NaN
16/06/2018 7:07:00 PM	3611984820	1013.00	29.25	27.97	84.4	29.84	27.97	80.0	30.93	27.97	72.6	NaN	27.97	NaN
16/06/2018 7:07:01 PM	3611984821	1013.00	29.24	27.97	84.5	29.85	27.97	79.9	30.95	27.97	72.5	NaN	27.97	NaN
16/06/2018 7:07:02 PM	3611984822	1013.00	29.25	27.98	84.4	29.90	27.98	79.6	30.94	27.98	72.5	NaN	27.98	NaN
16/06/2018 7:07:03 PM	3611984823	1013.00	29.25	27.97	84.4	29.88	27.97	79.7	30.94	27.97	72.5	NaN	27.97	NaN
16/06/2018 7:07:04 PM	3611984824	1013.00	29.27	27.96	84.3	29.89	27.96	79.7	30.99	27.96	72.2	NaN	27.96	NaN
16/06/2018 7:07:05 PM	3611984825	1013.00	29.28	27.97	84.2	29.92	27.97	79.4	31.00	27.97	72.2	NaN	27.97	NaN
16/06/2018 7:07:06 PM	3611984826	1013.00	29.29	27.96	84.1	29.93	27.96	79.4	31.03	27.96	72.0	NaN	27.96	NaN
16/06/2018 7:07:07 PM	3611984827	1013.00	29.31	27.96	84.0	29.94	27.96	79.3	31.05	27.96	71.9	NaN	27.96	NaN
16/06/2018 7:07:08 PM	3611984828	1013.00	29.32	27.95	83.9	29.96	27.95	79.2	31.07	27.95	71.7	NaN	27.95	NaN
16/06/2018 7:07:09 PM	3611984829	1013.00	29.33	27.96	83.8	29.99	27.96	79.0	31.06	27.96	71.8	NaN	27.96	NaN
16/06/2018 7:07:10 PM	3611984830	1013.00	29.33	27.96	83.8	29.95	27.96	79.2	31.09	27.96	71.6	NaN	27.96	NaN
16/06/2018 7:07:11 PM	3611984831	1013.00	29.32	27.95	83.9	30.00	27.95	78.9	31.14	27.95	71.3	NaN	27.95	NaN
16/06/2018 7:07:12 PM	3611984832	1013.00	29.33	27.96	83.8	30.00	27.96	78.9	31.12	27.96	71.4	NaN	27.96	NaN
16/06/2018 7:07:13 PM	3611984833	1013.00	29.34	27.96	83.7	30.01	27.96	78.8	31.16	27.96	71.2	NaN	27.96	NaN
16/06/2018 7:07:14 PM	3611984834	1013.00	29.35	27.95	83.7	30.02	27.95	78.8	31.19	27.95	71.0	NaN	27.95	NaN
16/06/2018 7:07:15 PM	3611984835	1013.00	29.36	27.95	83.6	30.07	27.95	78.4	31.23	27.95	70.7	NaN	27.95	NaN
16/06/2018 7:07:16 PM	3611984836	1013.00	29.37	27.96	83.5	30.07	27.96	78.4	31.31	27.96	70.2	NaN	27.96	NaN
16/06/2018 7:07:17 PM	3611984837	1013.00	29.38	27.95	83.4	30.10	27.95	78.2	31.31	27.95	70.2	NaN	27.95	NaN
16/06/2018 7:07:18 PM	3611984838	1013.00	29.39	27.96	83.3	30.11	27.96	78.1	31.30	27.96	70.3	NaN	27.96	NaN
16/06/2018 7:07:19 PM	3611984839	1013.00	29.37	27.97	83.5	30.15	27.97	77.8	31.37	27.97	69.9	NaN	27.97	NaN
16/06/2018 7:07:20 PM	3611984840	1013.00	29.40	27.97	83.3	30.16	27.97	77.8	31.38	27.97	69.8	NaN	27.97	NaN
16/06/2018 7:07:21 PM	3611984841	1013.00	29.42	27.97	83.1	30.16	27.97	77.8	31.39	27.97	69.7	NaN	27.97	NaN
16/06/2018 7:07:22 PM	3611984842	1013.00	29.42	27.98	83.1	30.16	27.98	77.7	31.44	27.98	69.4	NaN	27.98	NaN
16/06/2018 7:07:23 PM	3611984843	1013.00	29.43	27.98	83.0	30.17	27.98	77.7	31.47	27.98	69.2	NaN	27.98	NaN
16/06/2018 7:07:24 PM	3611984844	1013.00	29.47	27.97	82.7	30.17	27.97	77.7	31.51	27.97	69.0	NaN	27.97	NaN
16/06/2018 7:07:25 PM	3611984845	1013.00	29.43	27.97	83.0	30.21	27.97	77.4	31.55	27.97	68.8	NaN	27.97	NaN
16/06/2018 7:07:26 PM	3611984846	1013.00	29.46	27.96	82.8	30.21	27.96	77.4	31.57	27.96	68.6	NaN	27.96	NaN
16/06/2018 7:07:27 PM	3611984847	1013.00	29.44	27.96	83.0	30.19	27.96	77.6	31.57	27.96	68.6	NaN	27.96	NaN
16/06/2018 7:07:28 PM	3611984848	1013.00	29.46	27.95	82.8	30.24	27.95	77.2	31.60	27.95	68.5	NaN	27.95	NaN
